timestamp,event_type,order_id,side,type,qty,price,fill_qty,fill_price,reason
2025-11-03 09:50:00+00:00,RISK_PASS,47e7d6ab-ea0e-4a0f-84af-9dc41bbb115d,BUY,MARKET,12,656.5,0,0.0,All risk checks passed
2025-11-03 09:50:00+00:00,FILLED,47e7d6ab-ea0e-4a0f-84af-9dc41bbb115d,BUY,MARKET,12,656.5,5,656.5,
2025-11-03 09:51:00+00:00,RISK_PASS,cae86425-3b5e-41ad-a5cc-611fdacb0e77,BUY,MARKET,7,656.35,0,0.0,All risk checks passed
2025-11-03 09:51:00+00:00,FILLED,cae86425-3b5e-41ad-a5cc-611fdacb0e77,BUY,MARKET,7,656.35,7,656.35,
2025-11-03 09:52:00+00:00,RISK_PASS,95fef09b-4053-42ea-8ec5-7825c3225efe,SELL,MARKET,12.0,656.0,0,0.0,All risk checks passed
2025-11-03 09:52:00+00:00,FILLED,95fef09b-4053-42ea-8ec5-7825c3225efe,SELL,MARKET,12.0,656.0,12.0,656.0,
2025-11-03 10:12:00+00:00,RISK_PASS,4f75a7e0-0d57-4232-9b20-8150d4e1ed84,BUY,MARKET,12,657.1,0,0.0,All risk checks passed
2025-11-03 10:12:00+00:00,FILLED,4f75a7e0-0d57-4232-9b20-8150d4e1ed84,BUY,MARKET,12,657.1,12,657.1,
2025-11-03 10:18:00+00:00,RISK_PASS,4e4bb625-1fcf-41b0-adf6-9f3d2270fcff,SELL,MARKET,12.0,657.3,0,0.0,All risk checks passed
2025-11-03 10:18:00+00:00,FILLED,4e4bb625-1fcf-41b0-adf6-9f3d2270fcff,SELL,MARKET,12.0,657.3,12.0,657.3,
2025-11-03 10:19:00+00:00,RISK_PASS,8a5038c4-ab80-494c-9f48-75bfa58c4128,BUY,MARKET,12,657.25,0,0.0,All risk checks passed
2025-11-03 10:19:00+00:00,FILLED,8a5038c4-ab80-494c-9f48-75bfa58c4128,BUY,MARKET,12,657.25,12,657.25,
2025-11-03 10:20:00+00:00,RISK_PASS,f213b338-3974-4fce-a9c5-d35c16b719e3,SELL,MARKET,12.0,657.36,0,0.0,All risk checks passed
2025-11-03 10:20:00+00:00,FILLED,f213b338-3974-4fce-a9c5-d35c16b719e3,SELL,MARKET,12.0,657.36,12.0,657.36,
2025-11-03 10:21:00+00:00,RISK_PASS,667832f9-ea45-4e05-a3ec-c0591896bf85,BUY,MARKET,12,657.4,0,0.0,All risk checks passed
2025-11-03 10:21:00+00:00,REJECTED,667832f9-ea45-4e05-a3ec-c0591896bf85,BUY,MARKET,12,657.4,0,0.0,Random engine rejection
2025-11-03 10:22:00+00:00,RISK_PASS,f5cb327b-d323-4338-b95b-09961e72ce45,BUY,MARKET,12,658.25,0,0.0,All risk checks passed
2025-11-03 10:22:00+00:00,FILLED,f5cb327b-d323-4338-b95b-09961e72ce45,BUY,MARKET,12,658.25,12,658.25,
2025-11-03 10:23:00+00:00,RISK_PASS,88a568f5-87cd-459d-83fa-53dab2cb08af,SELL,MARKET,12.0,658.4,0,0.0,All risk checks passed
2025-11-03 10:23:00+00:00,FILLED,88a568f5-87cd-459d-83fa-53dab2cb08af,SELL,MARKET,12.0,658.4,5,658.4,
2025-11-03 10:24:00+00:00,RISK_PASS,da2b9502-cba8-422a-8f73-e74027b9d3d1,BUY,MARKET,5,658.02,0,0.0,All risk checks passed
2025-11-03 10:24:00+00:00,FILLED,da2b9502-cba8-422a-8f73-e74027b9d3d1,BUY,MARKET,5,658.02,5,658.02,
2025-11-03 10:25:00+00:00,RISK_PASS,6bf0eac0-482c-407a-8e1b-b41a4b4c2a50,SELL,MARKET,12.0,658.31,0,0.0,All risk checks passed
2025-11-03 10:25:00+00:00,FILLED,6bf0eac0-482c-407a-8e1b-b41a4b4c2a50,SELL,MARKET,12.0,658.31,12.0,658.31,
2025-11-03 10:26:00+00:00,RISK_PASS,b259f1c6-595c-430a-b484-854a1d8a05f4,BUY,MARKET,12,658.0,0,0.0,All risk checks passed
2025-11-03 10:26:00+00:00,FILLED,b259f1c6-595c-430a-b484-854a1d8a05f4,BUY,MARKET,12,658.0,12,658.0,
2025-11-03 10:28:00+00:00,RISK_PASS,f8e049e0-af31-479b-be3e-f90d3fafdaf4,SELL,MARKET,12.0,658.58,0,0.0,All risk checks passed
2025-11-03 10:28:00+00:00,REJECTED,f8e049e0-af31-479b-be3e-f90d3fafdaf4,SELL,MARKET,12.0,658.58,0,0.0,Random engine rejection
2025-11-03 11:02:00+00:00,RISK_PASS,a015acbd-5810-4e14-8532-46cfc5458d5c,SELL,MARKET,12.0,658.35,0,0.0,All risk checks passed
2025-11-03 11:02:00+00:00,FILLED,a015acbd-5810-4e14-8532-46cfc5458d5c,SELL,MARKET,12.0,658.35,12.0,658.35,
2025-11-03 11:03:00+00:00,RISK_PASS,7ee17b01-9912-401f-b012-ef70be11d703,BUY,MARKET,12,658.58,0,0.0,All risk checks passed
2025-11-03 11:03:00+00:00,FILLED,7ee17b01-9912-401f-b012-ef70be11d703,BUY,MARKET,12,658.58,12,658.58,
2025-11-03 11:04:00+00:00,RISK_PASS,ac78a3b1-eb9f-4e62-8c43-dc72391636c7,SELL,MARKET,12.0,658.0,0,0.0,All risk checks passed
2025-11-03 11:04:00+00:00,FILLED,ac78a3b1-eb9f-4e62-8c43-dc72391636c7,SELL,MARKET,12.0,658.0,12.0,658.0,
2025-11-03 11:07:00+00:00,RISK_PASS,d5d3918b-38b7-4ac4-ad35-58f5caf1a73d,BUY,MARKET,12,658.15,0,0.0,All risk checks passed
2025-11-03 11:07:00+00:00,FILLED,d5d3918b-38b7-4ac4-ad35-58f5caf1a73d,BUY,MARKET,12,658.15,12,658.15,
2025-11-03 11:20:00+00:00,RISK_PASS,2bd312a9-4710-430a-a5d6-529205e601da,SELL,MARKET,12.0,657.66,0,0.0,All risk checks passed
2025-11-03 11:20:00+00:00,FILLED,2bd312a9-4710-430a-a5d6-529205e601da,SELL,MARKET,12.0,657.66,6,657.66,
2025-11-03 11:21:00+00:00,RISK_PASS,23559ee8-a249-4a0b-8207-29f6a78e5fd5,SELL,MARKET,6.0,657.6,0,0.0,All risk checks passed
2025-11-03 11:21:00+00:00,FILLED,23559ee8-a249-4a0b-8207-29f6a78e5fd5,SELL,MARKET,6.0,657.6,1,657.6,
2025-11-03 11:22:00+00:00,RISK_PASS,45866cce-448d-4686-a303-df92bf93d6b0,SELL,MARKET,5.0,657.55,0,0.0,All risk checks passed
2025-11-03 11:22:00+00:00,FILLED,45866cce-448d-4686-a303-df92bf93d6b0,SELL,MARKET,5.0,657.55,1,657.55,
2025-11-03 11:23:00+00:00,RISK_PASS,c1d026a0-36c7-4bb7-9b36-414aa96eaa46,SELL,MARKET,4.0,657.5,0,0.0,All risk checks passed
2025-11-03 11:23:00+00:00,FILLED,c1d026a0-36c7-4bb7-9b36-414aa96eaa46,SELL,MARKET,4.0,657.5,4.0,657.5,
2025-11-03 11:26:00+00:00,RISK_PASS,cf807343-00c4-489b-a580-7e48f26f65b2,BUY,MARKET,15,657.38,0,0.0,All risk checks passed
2025-11-03 11:26:00+00:00,FILLED,cf807343-00c4-489b-a580-7e48f26f65b2,BUY,MARKET,15,657.38,15,657.38,
2025-11-03 11:27:00+00:00,RISK_PASS,c7c79277-31d0-48a2-8f8b-81584234fed9,SELL,MARKET,15.0,657.6,0,0.0,All risk checks passed
2025-11-03 11:27:00+00:00,FILLED,c7c79277-31d0-48a2-8f8b-81584234fed9,SELL,MARKET,15.0,657.6,15.0,657.6,
2025-11-03 11:46:00+00:00,RISK_PASS,c7a8f0a8-1fb0-4f16-9d0a-799826458ab8,BUY,MARKET,15,656.66,0,0.0,All risk checks passed
2025-11-03 11:46:00+00:00,FILLED,c7a8f0a8-1fb0-4f16-9d0a-799826458ab8,BUY,MARKET,15,656.66,15,656.66,
2025-11-03 11:47:00+00:00,RISK_PASS,f1958cb9-ee83-457a-aa7c-0188d95be557,SELL,MARKET,15.0,656.72,0,0.0,All risk checks passed
2025-11-03 11:47:00+00:00,FILLED,f1958cb9-ee83-457a-aa7c-0188d95be557,SELL,MARKET,15.0,656.72,13,656.72,
2025-11-03 11:48:00+00:00,RISK_PASS,492fc241-774b-42d3-91e4-617623396ebf,SELL,MARKET,2.0,657.0,0,0.0,All risk checks passed
2025-11-03 11:48:00+00:00,FILLED,492fc241-774b-42d3-91e4-617623396ebf,SELL,MARKET,2.0,657.0,1,657.0,
2025-11-03 11:50:00+00:00,RISK_PASS,b5409127-6424-4a41-8174-fb867849c34a,SELL,MARKET,1.0,656.9,0,0.0,All risk checks passed
2025-11-03 11:50:00+00:00,FILLED,b5409127-6424-4a41-8174-fb867849c34a,SELL,MARKET,1.0,656.9,1.0,656.9,
2025-11-03 11:51:00+00:00,RISK_PASS,7c3e2e55-770d-473e-a80e-f7e164e51580,BUY,MARKET,15,656.72,0,0.0,All risk checks passed
2025-11-03 11:51:00+00:00,FILLED,7c3e2e55-770d-473e-a80e-f7e164e51580,BUY,MARKET,15,656.72,15,656.72,
2025-11-03 11:52:00+00:00,RISK_PASS,aef55468-f287-4dc7-9782-c8c246a85b2c,SELL,MARKET,15.0,656.53,0,0.0,All risk checks passed
2025-11-03 11:52:00+00:00,REJECTED,aef55468-f287-4dc7-9782-c8c246a85b2c,SELL,MARKET,15.0,656.53,0,0.0,Random engine rejection
2025-11-03 11:53:00+00:00,RISK_PASS,abf854d2-59f7-40de-b9fa-fa3123071a33,SELL,MARKET,15.0,656.65,0,0.0,All risk checks passed
2025-11-03 11:53:00+00:00,FILLED,abf854d2-59f7-40de-b9fa-fa3123071a33,SELL,MARKET,15.0,656.65,15.0,656.65,
2025-11-03 11:54:00+00:00,RISK_PASS,1ee237b2-d1cf-4383-9eef-40b0723ca4ca,BUY,MARKET,15,656.5,0,0.0,All risk checks passed
2025-11-03 11:54:00+00:00,FILLED,1ee237b2-d1cf-4383-9eef-40b0723ca4ca,BUY,MARKET,15,656.5,15,656.5,
2025-11-03 11:55:00+00:00,RISK_PASS,d05cfbfc-76ae-4bd4-bb77-3b29e5515b90,SELL,MARKET,15.0,656.11,0,0.0,All risk checks passed
2025-11-03 11:55:00+00:00,FILLED,d05cfbfc-76ae-4bd4-bb77-3b29e5515b90,SELL,MARKET,15.0,656.11,15.0,656.11,
2025-11-03 11:57:00+00:00,RISK_PASS,71b2f620-1c0c-473f-af9a-9c55fff4bc98,BUY,MARKET,15,656.19,0,0.0,All risk checks passed
2025-11-03 11:57:00+00:00,FILLED,71b2f620-1c0c-473f-af9a-9c55fff4bc98,BUY,MARKET,15,656.19,15,656.19,
2025-11-03 11:58:00+00:00,RISK_PASS,b44e0162-6b4c-4e08-8654-fdde94898e75,SELL,MARKET,15.0,656.01,0,0.0,All risk checks passed
2025-11-03 11:58:00+00:00,FILLED,b44e0162-6b4c-4e08-8654-fdde94898e75,SELL,MARKET,15.0,656.01,15.0,656.01,
2025-11-03 11:59:00+00:00,RISK_PASS,e812119c-97d1-4595-8601-4a39cbdd7ba5,BUY,MARKET,15,656.02,0,0.0,All risk checks passed
2025-11-03 11:59:00+00:00,FILLED,e812119c-97d1-4595-8601-4a39cbdd7ba5,BUY,MARKET,15,656.02,15,656.02,
2025-11-03 12:00:00+00:00,RISK_PASS,067d8c36-0e6d-423e-93f5-f3d53b56741d,SELL,MARKET,15.0,655.24,0,0.0,All risk checks passed
2025-11-03 12:00:00+00:00,FILLED,067d8c36-0e6d-423e-93f5-f3d53b56741d,SELL,MARKET,15.0,655.24,15.0,655.24,
2025-11-03 12:01:00+00:00,RISK_PASS,817b93a3-c765-4e9b-9f39-b693069a9247,BUY,MARKET,15,655.3,0,0.0,All risk checks passed
2025-11-03 12:01:00+00:00,FILLED,817b93a3-c765-4e9b-9f39-b693069a9247,BUY,MARKET,15,655.3,12,655.3,
2025-11-03 12:02:00+00:00,RISK_PASS,9bc683e4-9168-4004-8825-3f93e80b6374,BUY,MARKET,3,654.6,0,0.0,All risk checks passed
2025-11-03 12:02:00+00:00,RISK_PASS,90486dcf-b963-4b4c-b7af-0afc595baca1,SELL,MARKET,12.0,654.6,0,0.0,All risk checks passed
2025-11-03 12:02:00+00:00,FILLED,9bc683e4-9168-4004-8825-3f93e80b6374,BUY,MARKET,3,654.6,3,654.6,
2025-11-03 12:02:00+00:00,FILLED,90486dcf-b963-4b4c-b7af-0afc595baca1,SELL,MARKET,12.0,654.6,12.0,654.6,
2025-11-03 12:03:00+00:00,RISK_PASS,9546280a-3af4-4b02-804f-258fe69f5919,BUY,MARKET,12,654.8,0,0.0,All risk checks passed
2025-11-03 12:03:00+00:00,RISK_PASS,ac5072a0-8e30-4a18-9058-cc7f3109e28b,SELL,MARKET,3.0,654.8,0,0.0,All risk checks passed
2025-11-03 12:03:00+00:00,FILLED,9546280a-3af4-4b02-804f-258fe69f5919,BUY,MARKET,12,654.8,12,654.8,
2025-11-03 12:03:00+00:00,FILLED,ac5072a0-8e30-4a18-9058-cc7f3109e28b,SELL,MARKET,3.0,654.8,3.0,654.8,
2025-11-03 12:04:00+00:00,RISK_PASS,04d53438-136b-48ed-889f-bf05171ba890,BUY,MARKET,3,654.22,0,0.0,All risk checks passed
2025-11-03 12:04:00+00:00,RISK_PASS,0d4022cf-c796-41dc-9355-3cefe7a189ec,SELL,MARKET,12.0,654.22,0,0.0,All risk checks passed
2025-11-03 12:04:00+00:00,FILLED,04d53438-136b-48ed-889f-bf05171ba890,BUY,MARKET,3,654.22,3,654.22,
2025-11-03 12:04:00+00:00,FILLED,0d4022cf-c796-41dc-9355-3cefe7a189ec,SELL,MARKET,12.0,654.22,8,654.22,
2025-11-03 12:05:00+00:00,RISK_PASS,1c8edc5e-0196-4de7-9aa3-d03965a6beb4,BUY,MARKET,8,654.26,0,0.0,All risk checks passed
2025-11-03 12:05:00+00:00,RISK_PASS,b5ad61a3-d0b4-4dd3-89a7-49e9f7192602,SELL,MARKET,7.0,654.26,0,0.0,All risk checks passed
2025-11-03 12:05:00+00:00,FILLED,1c8edc5e-0196-4de7-9aa3-d03965a6beb4,BUY,MARKET,8,654.26,1,654.26,
2025-11-03 12:05:00+00:00,FILLED,b5ad61a3-d0b4-4dd3-89a7-49e9f7192602,SELL,MARKET,7.0,654.26,7.0,654.26,
2025-11-03 12:06:00+00:00,RISK_PASS,31431298-0d92-4aa2-9f66-00d13d920adf,BUY,MARKET,14,654.2,0,0.0,All risk checks passed
2025-11-03 12:06:00+00:00,RISK_PASS,38691eee-ae5d-4f3e-8ba6-893fe605a771,SELL,MARKET,1.0,654.2,0,0.0,All risk checks passed
2025-11-03 12:06:00+00:00,FILLED,31431298-0d92-4aa2-9f66-00d13d920adf,BUY,MARKET,14,654.2,14,654.2,
2025-11-03 12:06:00+00:00,FILLED,38691eee-ae5d-4f3e-8ba6-893fe605a771,SELL,MARKET,1.0,654.2,1.0,654.2,
2025-11-03 12:07:00+00:00,RISK_PASS,54bddd91-1f8c-4011-a6e3-621101894ef1,BUY,MARKET,1,654.0,0,0.0,All risk checks passed
2025-11-03 12:07:00+00:00,RISK_PASS,9cd86efb-e45e-40e3-a0d5-be347ed4c4c2,SELL,MARKET,14.0,654.0,0,0.0,All risk checks passed
2025-11-03 12:07:00+00:00,FILLED,54bddd91-1f8c-4011-a6e3-621101894ef1,BUY,MARKET,1,654.0,1,654.0,
2025-11-03 12:07:00+00:00,FILLED,9cd86efb-e45e-40e3-a0d5-be347ed4c4c2,SELL,MARKET,14.0,654.0,14.0,654.0,
2025-11-03 12:08:00+00:00,RISK_PASS,f22a5bc3-411c-4e9e-9b58-5546b8989496,BUY,MARKET,14,654.63,0,0.0,All risk checks passed
2025-11-03 12:08:00+00:00,RISK_PASS,295f1df7-4cd4-4fb7-9c22-24e69c12747b,SELL,MARKET,1.0,654.63,0,0.0,All risk checks passed
2025-11-03 12:08:00+00:00,FILLED,f22a5bc3-411c-4e9e-9b58-5546b8989496,BUY,MARKET,14,654.63,14,654.63,
2025-11-03 12:08:00+00:00,FILLED,295f1df7-4cd4-4fb7-9c22-24e69c12747b,SELL,MARKET,1.0,654.63,1.0,654.63,
2025-11-03 12:09:00+00:00,RISK_PASS,b2dbf77d-e054-45fd-ae5f-9508cfdb2802,SELL,MARKET,14.0,654.77,0,0.0,All risk checks passed
2025-11-03 12:09:00+00:00,FILLED,b2dbf77d-e054-45fd-ae5f-9508cfdb2802,SELL,MARKET,14.0,654.77,14.0,654.77,
2025-11-03 12:10:00+00:00,RISK_PASS,ab0a0f97-fa3a-4a56-a416-b3e10c8aa42f,BUY,MARKET,15,654.54,0,0.0,All risk checks passed
2025-11-03 12:10:00+00:00,FILLED,ab0a0f97-fa3a-4a56-a416-b3e10c8aa42f,BUY,MARKET,15,654.54,9,654.54,
2025-11-03 12:11:00+00:00,RISK_PASS,4178e9cc-43bf-4662-a7d8-440053c77576,BUY,MARKET,6,654.5,0,0.0,All risk checks passed
2025-11-03 12:11:00+00:00,RISK_PASS,924f40e2-30db-47a0-9b54-310b5492fc68,SELL,MARKET,9.0,654.5,0,0.0,All risk checks passed
2025-11-03 12:11:00+00:00,FILLED,4178e9cc-43bf-4662-a7d8-440053c77576,BUY,MARKET,6,654.5,6,654.5,
2025-11-03 12:11:00+00:00,FILLED,924f40e2-30db-47a0-9b54-310b5492fc68,SELL,MARKET,9.0,654.5,9.0,654.5,
2025-11-03 12:12:00+00:00,RISK_PASS,24751cdf-260f-487b-b7a2-21d5574c770a,SELL,MARKET,6.0,654.55,0,0.0,All risk checks passed
2025-11-03 12:12:00+00:00,FILLED,24751cdf-260f-487b-b7a2-21d5574c770a,SELL,MARKET,6.0,654.55,6.0,654.55,
2025-11-03 12:15:00+00:00,RISK_PASS,2fcfe38a-10a4-4463-861a-de724a996c00,BUY,MARKET,15,653.77,0,0.0,All risk checks passed
2025-11-03 12:15:00+00:00,FILLED,2fcfe38a-10a4-4463-861a-de724a996c00,BUY,MARKET,15,653.77,15,653.77,
2025-11-03 12:16:00+00:00,RISK_PASS,3a6ba084-e27a-4f97-976f-6c848346e0f9,SELL,MARKET,15.0,653.6,0,0.0,All risk checks passed
2025-11-03 12:16:00+00:00,FILLED,3a6ba084-e27a-4f97-976f-6c848346e0f9,SELL,MARKET,15.0,653.6,15.0,653.6,
2025-11-03 12:37:00+00:00,RISK_PASS,a7034afb-34d5-465c-b420-e7710ab42939,BUY,MARKET,15,653.7,0,0.0,All risk checks passed
2025-11-03 12:37:00+00:00,FILLED,a7034afb-34d5-465c-b420-e7710ab42939,BUY,MARKET,15,653.7,15,653.7,
2025-11-03 12:38:00+00:00,RISK_PASS,892242af-27ed-4042-9ffb-5f7e398a84b0,SELL,MARKET,15.0,653.34,0,0.0,All risk checks passed
2025-11-03 12:38:00+00:00,FILLED,892242af-27ed-4042-9ffb-5f7e398a84b0,SELL,MARKET,15.0,653.34,15.0,653.34,
2025-11-03 12:39:00+00:00,RISK_PASS,63245366-a1a9-4322-808f-6cb1e347a9a4,BUY,MARKET,15,653.55,0,0.0,All risk checks passed
2025-11-03 12:39:00+00:00,FILLED,63245366-a1a9-4322-808f-6cb1e347a9a4,BUY,MARKET,15,653.55,15,653.55,
2025-11-03 12:40:00+00:00,RISK_PASS,7e588ecb-570a-4c48-b849-198d63c3f643,SELL,MARKET,15.0,653.87,0,0.0,All risk checks passed
2025-11-03 12:40:00+00:00,FILLED,7e588ecb-570a-4c48-b849-198d63c3f643,SELL,MARKET,15.0,653.87,15.0,653.87,
2025-11-03 13:08:00+00:00,RISK_PASS,a699b03b-602b-47b8-bff3-0a1b800444ec,BUY,MARKET,12,654.28,0,0.0,All risk checks passed
2025-11-03 13:08:00+00:00,FILLED,a699b03b-602b-47b8-bff3-0a1b800444ec,BUY,MARKET,12,654.28,12,654.28,
2025-11-03 13:09:00+00:00,RISK_PASS,1c69391e-08ae-4d3b-8d44-791e69b11bae,SELL,MARKET,12.0,654.43,0,0.0,All risk checks passed
2025-11-03 13:09:00+00:00,FILLED,1c69391e-08ae-4d3b-8d44-791e69b11bae,SELL,MARKET,12.0,654.43,12.0,654.43,
2025-11-03 13:10:00+00:00,RISK_PASS,4700bec9-c873-40f3-829a-fca828359cd7,BUY,MARKET,12,654.6939,0,0.0,All risk checks passed
2025-11-03 13:10:00+00:00,FILLED,4700bec9-c873-40f3-829a-fca828359cd7,BUY,MARKET,12,654.6939,12,654.6939,
2025-11-03 13:18:00+00:00,RISK_PASS,8d9e0d10-3b07-4681-ba4f-10e666a16075,SELL,MARKET,12.0,654.9,0,0.0,All risk checks passed
2025-11-03 13:18:00+00:00,FILLED,8d9e0d10-3b07-4681-ba4f-10e666a16075,SELL,MARKET,12.0,654.9,12.0,654.9,
2025-11-03 13:19:00+00:00,RISK_PASS,120cf7fb-2789-4df7-99b1-1c687847ea2a,BUY,MARKET,12,654.89,0,0.0,All risk checks passed
2025-11-03 13:19:00+00:00,FILLED,120cf7fb-2789-4df7-99b1-1c687847ea2a,BUY,MARKET,12,654.89,12,654.89,
2025-11-03 13:20:00+00:00,RISK_PASS,2b906671-c839-4023-8f9f-7e22ed8d80e5,SELL,MARKET,12.0,654.9352,0,0.0,All risk checks passed
2025-11-03 13:20:00+00:00,FILLED,2b906671-c839-4023-8f9f-7e22ed8d80e5,SELL,MARKET,12.0,654.9352,12.0,654.9352,
2025-11-03 13:21:00+00:00,RISK_PASS,736874be-2028-4068-a971-d83d0407e35c,BUY,MARKET,12,654.99,0,0.0,All risk checks passed
2025-11-03 13:21:00+00:00,FILLED,736874be-2028-4068-a971-d83d0407e35c,BUY,MARKET,12,654.99,12,654.99,
2025-11-03 13:40:00+00:00,RISK_PASS,75b1da92-70ce-4352-b2cf-08cda40c4114,SELL,MARKET,12.0,655.5,0,0.0,All risk checks passed
2025-11-03 13:40:00+00:00,FILLED,75b1da92-70ce-4352-b2cf-08cda40c4114,SELL,MARKET,12.0,655.5,12.0,655.5,
2025-11-03 13:41:00+00:00,RISK_PASS,c204d9f7-57d0-46f2-b95d-566e4cfbdc02,BUY,MARKET,12,655.7,0,0.0,All risk checks passed
2025-11-03 13:41:00+00:00,FILLED,c204d9f7-57d0-46f2-b95d-566e4cfbdc02,BUY,MARKET,12,655.7,12,655.7,
2025-11-03 13:42:00+00:00,RISK_PASS,26c3df85-913f-4fdb-9d61-d3f67c34b5ed,SELL,MARKET,12.0,655.77,0,0.0,All risk checks passed
2025-11-03 13:42:00+00:00,FILLED,26c3df85-913f-4fdb-9d61-d3f67c34b5ed,SELL,MARKET,12.0,655.77,12.0,655.77,
2025-11-03 13:43:00+00:00,RISK_PASS,2d62ec07-b1e7-4731-a5ef-fc8cb5964499,BUY,MARKET,12,655.7994,0,0.0,All risk checks passed
2025-11-03 13:43:00+00:00,FILLED,2d62ec07-b1e7-4731-a5ef-fc8cb5964499,BUY,MARKET,12,655.7994,12,655.7994,
2025-11-03 13:44:00+00:00,RISK_PASS,45b60ac6-c1b6-4fdc-b334-fbcceef3adee,SELL,MARKET,12.0,655.683,0,0.0,All risk checks passed
2025-11-03 13:44:00+00:00,FILLED,45b60ac6-c1b6-4fdc-b334-fbcceef3adee,SELL,MARKET,12.0,655.683,12.0,655.683,
2025-11-03 13:45:00+00:00,RISK_PASS,1c205256-1ebe-4945-ade2-e4cc79c778d0,BUY,MARKET,12,655.87,0,0.0,All risk checks passed
2025-11-03 13:45:00+00:00,FILLED,1c205256-1ebe-4945-ade2-e4cc79c778d0,BUY,MARKET,12,655.87,12,655.87,
2025-11-03 13:46:00+00:00,RISK_PASS,53b23bcf-b602-4beb-84bd-a72345cb2ffb,SELL,MARKET,12.0,655.95,0,0.0,All risk checks passed
2025-11-03 13:46:00+00:00,FILLED,53b23bcf-b602-4beb-84bd-a72345cb2ffb,SELL,MARKET,12.0,655.95,12.0,655.95,
2025-11-03 13:47:00+00:00,RISK_PASS,c1a162a3-04f7-49ac-bf50-5402704914c0,BUY,MARKET,12,655.92,0,0.0,All risk checks passed
2025-11-03 13:47:00+00:00,FILLED,c1a162a3-04f7-49ac-bf50-5402704914c0,BUY,MARKET,12,655.92,3,655.92,
2025-11-03 13:48:00+00:00,RISK_PASS,836b122e-d41f-4c82-85b0-33471a838c51,BUY,MARKET,9,655.97,0,0.0,All risk checks passed
2025-11-03 13:48:00+00:00,RISK_PASS,ddda685b-aadc-42ee-9270-1af19ef07f77,SELL,MARKET,3.0,655.97,0,0.0,All risk checks passed
2025-11-03 13:48:00+00:00,FILLED,836b122e-d41f-4c82-85b0-33471a838c51,BUY,MARKET,9,655.97,9,655.97,
2025-11-03 13:48:00+00:00,FILLED,ddda685b-aadc-42ee-9270-1af19ef07f77,SELL,MARKET,3.0,655.97,3.0,655.97,
2025-11-03 13:49:00+00:00,RISK_PASS,e6d38f22-2105-47ad-9a63-13e8c0e4f517,BUY,MARKET,3,655.95,0,0.0,All risk checks passed
2025-11-03 13:49:00+00:00,RISK_PASS,86c3af47-b749-4cad-b142-a80f51ef80a5,SELL,MARKET,9.0,655.95,0,0.0,All risk checks passed
2025-11-03 13:49:00+00:00,FILLED,e6d38f22-2105-47ad-9a63-13e8c0e4f517,BUY,MARKET,3,655.95,3,655.95,
2025-11-03 13:49:00+00:00,FILLED,86c3af47-b749-4cad-b142-a80f51ef80a5,SELL,MARKET,9.0,655.95,9.0,655.95,
2025-11-03 13:50:00+00:00,RISK_PASS,09f0c784-bdcc-42b9-9cd7-88d2ca266467,BUY,MARKET,9,656.15,0,0.0,All risk checks passed
2025-11-03 13:50:00+00:00,RISK_PASS,9775f193-a5ce-4ed0-bac9-9d3a99fa4e72,SELL,MARKET,3.0,656.15,0,0.0,All risk checks passed
2025-11-03 13:50:00+00:00,FILLED,09f0c784-bdcc-42b9-9cd7-88d2ca266467,BUY,MARKET,9,656.15,9,656.15,
2025-11-03 13:50:00+00:00,FILLED,9775f193-a5ce-4ed0-bac9-9d3a99fa4e72,SELL,MARKET,3.0,656.15,3.0,656.15,
2025-11-03 13:51:00+00:00,RISK_PASS,fa77e9e6-3f1a-4223-a89b-ec24413b97b1,BUY,MARKET,3,656.45,0,0.0,All risk checks passed
2025-11-03 13:51:00+00:00,RISK_PASS,56d32acb-1175-4e91-b269-7277ff854d9f,SELL,MARKET,9.0,656.45,0,0.0,All risk checks passed
2025-11-03 13:51:00+00:00,FILLED,fa77e9e6-3f1a-4223-a89b-ec24413b97b1,BUY,MARKET,3,656.45,2,656.45,
2025-11-03 13:51:00+00:00,FILLED,56d32acb-1175-4e91-b269-7277ff854d9f,SELL,MARKET,9.0,656.45,9.0,656.45,
2025-11-03 13:52:00+00:00,RISK_PASS,87d49db6-a08b-4ea8-aa81-38d109359556,BUY,MARKET,10,656.3,0,0.0,All risk checks passed
2025-11-03 13:52:00+00:00,RISK_PASS,338aa62e-f35c-4040-a08f-0579e82be902,SELL,MARKET,2.0,656.3,0,0.0,All risk checks passed
2025-11-03 13:52:00+00:00,FILLED,87d49db6-a08b-4ea8-aa81-38d109359556,BUY,MARKET,10,656.3,10,656.3,
2025-11-03 13:52:00+00:00,FILLED,338aa62e-f35c-4040-a08f-0579e82be902,SELL,MARKET,2.0,656.3,2.0,656.3,
2025-11-03 13:53:00+00:00,RISK_PASS,18b68200-1cc0-407f-a588-391875849bf6,BUY,MARKET,2,656.5162,0,0.0,All risk checks passed
2025-11-03 13:53:00+00:00,RISK_PASS,cf486c7f-d08c-473d-bb4f-dea94549031c,SELL,MARKET,10.0,656.5162,0,0.0,All risk checks passed
2025-11-03 13:53:00+00:00,FILLED,18b68200-1cc0-407f-a588-391875849bf6,BUY,MARKET,2,656.5162,2,656.5162,
2025-11-03 13:53:00+00:00,FILLED,cf486c7f-d08c-473d-bb4f-dea94549031c,SELL,MARKET,10.0,656.5162,10.0,656.5162,
2025-11-03 13:54:00+00:00,RISK_PASS,f5fbc861-3744-478c-b597-62d5768e53b1,BUY,MARKET,10,656.56,0,0.0,All risk checks passed
2025-11-03 13:54:00+00:00,RISK_PASS,bf0d974a-5a1a-413c-aa3a-61a74855c058,SELL,MARKET,2.0,656.56,0,0.0,All risk checks passed
2025-11-03 13:54:00+00:00,FILLED,f5fbc861-3744-478c-b597-62d5768e53b1,BUY,MARKET,10,656.56,10,656.56,
2025-11-03 13:54:00+00:00,FILLED,bf0d974a-5a1a-413c-aa3a-61a74855c058,SELL,MARKET,2.0,656.56,2.0,656.56,
2025-11-03 13:55:00+00:00,RISK_PASS,af36f5a2-2dad-477f-ae95-6224a763bc84,BUY,MARKET,2,656.4,0,0.0,All risk checks passed
2025-11-03 13:55:00+00:00,RISK_PASS,0b139628-c153-4a65-a91e-3e9def7d70fa,SELL,MARKET,10.0,656.4,0,0.0,All risk checks passed
2025-11-03 13:55:00+00:00,FILLED,af36f5a2-2dad-477f-ae95-6224a763bc84,BUY,MARKET,2,656.4,2,656.4,
2025-11-03 13:55:00+00:00,FILLED,0b139628-c153-4a65-a91e-3e9def7d70fa,SELL,MARKET,10.0,656.4,10.0,656.4,
2025-11-03 13:56:00+00:00,RISK_PASS,03afc89f-f844-44dc-a741-81e0ff34f906,BUY,MARKET,10,656.95,0,0.0,All risk checks passed
2025-11-03 13:56:00+00:00,RISK_PASS,6132be5b-5bec-4779-b331-1e4ef9a5e07e,SELL,MARKET,2.0,656.95,0,0.0,All risk checks passed
2025-11-03 13:56:00+00:00,FILLED,03afc89f-f844-44dc-a741-81e0ff34f906,BUY,MARKET,10,656.95,10,656.95,
2025-11-03 13:56:00+00:00,FILLED,6132be5b-5bec-4779-b331-1e4ef9a5e07e,SELL,MARKET,2.0,656.95,2.0,656.95,
2025-11-03 13:57:00+00:00,RISK_PASS,aea2ce58-a666-4d9c-afee-c2d0319dffb1,BUY,MARKET,2,656.9003,0,0.0,All risk checks passed
2025-11-03 13:57:00+00:00,RISK_PASS,163ae2de-3bef-4bfc-8032-bf70d16e9115,SELL,MARKET,10.0,656.9003,0,0.0,All risk checks passed
2025-11-03 13:57:00+00:00,FILLED,aea2ce58-a666-4d9c-afee-c2d0319dffb1,BUY,MARKET,2,656.9003,2,656.9003,
2025-11-03 13:57:00+00:00,REJECTED,163ae2de-3bef-4bfc-8032-bf70d16e9115,SELL,MARKET,10.0,656.9003,0,0.0,Random engine rejection
2025-11-03 13:58:00+00:00,RISK_PASS,da6a9aca-63ad-436a-8ab4-5f2012d8eb86,SELL,MARKET,12.0,656.85,0,0.0,All risk checks passed
2025-11-03 13:58:00+00:00,FILLED,da6a9aca-63ad-436a-8ab4-5f2012d8eb86,SELL,MARKET,12.0,656.85,12.0,656.85,
2025-11-03 13:59:00+00:00,RISK_PASS,d188899f-5b7f-4596-b283-a66317a6b7eb,BUY,MARKET,12,656.58,0,0.0,All risk checks passed
2025-11-03 13:59:00+00:00,FILLED,d188899f-5b7f-4596-b283-a66317a6b7eb,BUY,MARKET,12,656.58,12,656.58,
2025-11-03 14:17:00+00:00,RISK_PASS,07387d57-a990-43b0-a769-eec3b7c4bc46,SELL,MARKET,12.0,656.07,0,0.0,All risk checks passed
2025-11-03 14:17:00+00:00,FILLED,07387d57-a990-43b0-a769-eec3b7c4bc46,SELL,MARKET,12.0,656.07,12.0,656.07,
2025-11-03 14:18:00+00:00,RISK_PASS,386e6f50-f96c-4013-97c9-9998d325956c,BUY,MARKET,12,656.34,0,0.0,All risk checks passed
2025-11-03 14:18:00+00:00,FILLED,386e6f50-f96c-4013-97c9-9998d325956c,BUY,MARKET,12,656.34,12,656.34,
2025-11-03 14:20:00+00:00,RISK_PASS,41532c75-6f10-4e22-a4a3-0ba1403087a7,SELL,MARKET,12.0,656.5001,0,0.0,All risk checks passed
2025-11-03 14:20:00+00:00,FILLED,41532c75-6f10-4e22-a4a3-0ba1403087a7,SELL,MARKET,12.0,656.5001,12.0,656.5001,
2025-11-03 14:21:00+00:00,RISK_PASS,abf51d92-cac4-459f-9db9-78f884973191,BUY,MARKET,12,656.99,0,0.0,All risk checks passed
2025-11-03 14:21:00+00:00,FILLED,abf51d92-cac4-459f-9db9-78f884973191,BUY,MARKET,12,656.99,12,656.99,
2025-11-03 14:22:00+00:00,RISK_PASS,731b8c4c-0e53-41a9-9ddb-8dabb039be53,SELL,MARKET,12.0,657.0,0,0.0,All risk checks passed
2025-11-03 14:22:00+00:00,FILLED,731b8c4c-0e53-41a9-9ddb-8dabb039be53,SELL,MARKET,12.0,657.0,12.0,657.0,
2025-11-03 14:23:00+00:00,RISK_PASS,a19fd766-cd69-461a-b2ee-9445b183c000,BUY,MARKET,12,656.97,0,0.0,All risk checks passed
2025-11-03 14:23:00+00:00,FILLED,a19fd766-cd69-461a-b2ee-9445b183c000,BUY,MARKET,12,656.97,12,656.97,
2025-11-03 14:24:00+00:00,RISK_PASS,9566002f-c7b7-4264-8ea5-7d8744d5f2a5,SELL,MARKET,12.0,656.95,0,0.0,All risk checks passed
2025-11-03 14:24:00+00:00,FILLED,9566002f-c7b7-4264-8ea5-7d8744d5f2a5,SELL,MARKET,12.0,656.95,12.0,656.95,
2025-11-03 14:25:00+00:00,RISK_PASS,46a14fa6-f3e0-4703-a49e-e855cca5df89,BUY,MARKET,12,657.28,0,0.0,All risk checks passed
2025-11-03 14:25:00+00:00,FILLED,46a14fa6-f3e0-4703-a49e-e855cca5df89,BUY,MARKET,12,657.28,12,657.28,
2025-11-03 14:26:00+00:00,RISK_PASS,9e70331e-5891-4c4e-8fee-b2ae6f1d740e,SELL,MARKET,12.0,657.3,0,0.0,All risk checks passed
2025-11-03 14:26:00+00:00,FILLED,9e70331e-5891-4c4e-8fee-b2ae6f1d740e,SELL,MARKET,12.0,657.3,12.0,657.3,
2025-11-03 14:27:00+00:00,RISK_PASS,5facd6a0-c23c-4287-a5c3-05e8e6e235f8,BUY,MARKET,12,656.05,0,0.0,All risk checks passed
2025-11-03 14:27:00+00:00,FILLED,5facd6a0-c23c-4287-a5c3-05e8e6e235f8,BUY,MARKET,12,656.05,12,656.05,
2025-11-03 14:31:00+00:00,RISK_PASS,eb6e856c-4cdb-44f3-b3bf-08cc3ebf1af2,BUY,MARKET,3,652.63,0,0.0,All risk checks passed
2025-11-03 14:31:00+00:00,RISK_PASS,0238cf4f-43d6-4606-b78f-e432f1ccaf84,SELL,MARKET,12.0,652.63,0,0.0,All risk checks passed
2025-11-03 14:31:00+00:00,FILLED,eb6e856c-4cdb-44f3-b3bf-08cc3ebf1af2,BUY,MARKET,3,652.63,3,652.63,
2025-11-03 14:31:00+00:00,REJECTED,0238cf4f-43d6-4606-b78f-e432f1ccaf84,SELL,MARKET,12.0,652.63,0,0.0,Random engine rejection
2025-11-03 14:32:00+00:00,RISK_PASS,4978f112-3572-4627-b62b-2d9b8ce98e4f,SELL,MARKET,15.0,654.36,0,0.0,All risk checks passed
2025-11-03 14:32:00+00:00,FILLED,4978f112-3572-4627-b62b-2d9b8ce98e4f,SELL,MARKET,15.0,654.36,15.0,654.36,
2025-11-03 14:57:00+00:00,RISK_PASS,05d19766-0930-43bb-8a29-f4cb97e7089f,BUY,MARKET,12,656.66,0,0.0,All risk checks passed
2025-11-03 14:57:00+00:00,FILLED,05d19766-0930-43bb-8a29-f4cb97e7089f,BUY,MARKET,12,656.66,12,656.66,
2025-11-03 14:59:00+00:00,RISK_PASS,b307f14e-a2b6-49c4-92b5-dc25ae182f94,SELL,MARKET,12.0,656.19,0,0.0,All risk checks passed
2025-11-03 14:59:00+00:00,REJECTED,b307f14e-a2b6-49c4-92b5-dc25ae182f94,SELL,MARKET,12.0,656.19,0,0.0,Random engine rejection
2025-11-03 15:20:00+00:00,RISK_PASS,1002c19e-b39a-4f10-b54b-696bd1c86a86,BUY,MARKET,6,653.2445,0,0.0,All risk checks passed
2025-11-03 15:20:00+00:00,FILLED,1002c19e-b39a-4f10-b54b-696bd1c86a86,BUY,MARKET,6,653.2445,6,653.2445,
2025-11-03 15:21:00+00:00,RISK_PASS,7e5560e4-6f8e-4467-b142-288f48e9e0ce,SELL,MARKET,18.0,653.0,0,0.0,All risk checks passed
2025-11-03 15:21:00+00:00,FILLED,7e5560e4-6f8e-4467-b142-288f48e9e0ce,SELL,MARKET,18.0,653.0,10,653.0,
2025-11-03 15:22:00+00:00,RISK_PASS,76ba3350-f705-4a15-8f54-56053607878d,BUY,MARKET,7,652.21,0,0.0,All risk checks passed
2025-11-03 15:22:00+00:00,RISK_PASS,e10ef3d0-e065-4198-b494-989fe7d728ba,SELL,MARKET,8.0,652.21,0,0.0,All risk checks passed
2025-11-03 15:22:00+00:00,FILLED,76ba3350-f705-4a15-8f54-56053607878d,BUY,MARKET,7,652.21,7,652.21,
2025-11-03 15:22:00+00:00,FILLED,e10ef3d0-e065-4198-b494-989fe7d728ba,SELL,MARKET,8.0,652.21,8.0,652.21,
2025-11-03 15:23:00+00:00,RISK_PASS,fc9e93f6-99f3-4420-a37d-7261873a9b50,BUY,MARKET,8,651.82,0,0.0,All risk checks passed
2025-11-03 15:23:00+00:00,RISK_PASS,12e08bbd-f4d6-487e-a667-d5da074c3b89,SELL,MARKET,7.0,651.82,0,0.0,All risk checks passed
2025-11-03 15:23:00+00:00,FILLED,fc9e93f6-99f3-4420-a37d-7261873a9b50,BUY,MARKET,8,651.82,8,651.82,
2025-11-03 15:23:00+00:00,FILLED,12e08bbd-f4d6-487e-a667-d5da074c3b89,SELL,MARKET,7.0,651.82,7.0,651.82,
2025-11-03 15:24:00+00:00,RISK_PASS,0e982149-917c-467d-9d29-d6b206b94172,BUY,MARKET,7,652.215,0,0.0,All risk checks passed
2025-11-03 15:24:00+00:00,RISK_PASS,ceb14dad-4386-4f54-aa04-e0182a96ded4,SELL,MARKET,8.0,652.215,0,0.0,All risk checks passed
2025-11-03 15:24:00+00:00,FILLED,0e982149-917c-467d-9d29-d6b206b94172,BUY,MARKET,7,652.215,5,652.215,
2025-11-03 15:24:00+00:00,FILLED,ceb14dad-4386-4f54-aa04-e0182a96ded4,SELL,MARKET,8.0,652.215,8.0,652.215,
2025-11-03 15:25:00+00:00,RISK_PASS,55b58fe1-7f1f-402e-9e5a-e9b7ea59f4e5,BUY,MARKET,10,650.39,0,0.0,All risk checks passed
2025-11-03 15:25:00+00:00,RISK_PASS,f0404188-a58b-4bba-a072-ad207c8c4411,SELL,MARKET,5.0,650.39,0,0.0,All risk checks passed
2025-11-03 15:25:00+00:00,FILLED,55b58fe1-7f1f-402e-9e5a-e9b7ea59f4e5,BUY,MARKET,10,650.39,10,650.39,
2025-11-03 15:25:00+00:00,FILLED,f0404188-a58b-4bba-a072-ad207c8c4411,SELL,MARKET,5.0,650.39,5.0,650.39,
2025-11-03 15:26:00+00:00,RISK_PASS,776fff5e-134f-4d91-a40c-b0551847d1ce,BUY,MARKET,5,649.12,0,0.0,All risk checks passed
2025-11-03 15:26:00+00:00,RISK_PASS,158748d4-5e01-4ebd-8950-732a308ecb94,SELL,MARKET,10.0,649.12,0,0.0,All risk checks passed
2025-11-03 15:26:00+00:00,FILLED,776fff5e-134f-4d91-a40c-b0551847d1ce,BUY,MARKET,5,649.12,5,649.12,
2025-11-03 15:26:00+00:00,FILLED,158748d4-5e01-4ebd-8950-732a308ecb94,SELL,MARKET,10.0,649.12,10.0,649.12,
2025-11-03 15:27:00+00:00,RISK_PASS,6e752e8e-3786-4450-b686-5e2728c6900a,BUY,MARKET,10,647.73,0,0.0,All risk checks passed
2025-11-03 15:27:00+00:00,RISK_PASS,9e553aef-bb2c-4d7b-ad4a-0218df192bbf,SELL,MARKET,5.0,647.73,0,0.0,All risk checks passed
2025-11-03 15:27:00+00:00,FILLED,6e752e8e-3786-4450-b686-5e2728c6900a,BUY,MARKET,10,647.73,10,647.73,
2025-11-03 15:27:00+00:00,FILLED,9e553aef-bb2c-4d7b-ad4a-0218df192bbf,SELL,MARKET,5.0,647.73,5.0,647.73,
2025-11-03 15:28:00+00:00,RISK_PASS,c9cad965-e6f8-4844-8e89-05f18302f068,BUY,MARKET,5,647.575,0,0.0,All risk checks passed
2025-11-03 15:28:00+00:00,RISK_PASS,1d510f8a-4b1d-44de-a63d-6b78a3f8d178,SELL,MARKET,10.0,647.575,0,0.0,All risk checks passed
2025-11-03 15:28:00+00:00,FILLED,c9cad965-e6f8-4844-8e89-05f18302f068,BUY,MARKET,5,647.575,2,647.575,
2025-11-03 15:28:00+00:00,FILLED,1d510f8a-4b1d-44de-a63d-6b78a3f8d178,SELL,MARKET,10.0,647.575,10.0,647.575,
2025-11-03 15:29:00+00:00,RISK_PASS,815ea09a-a21f-4446-997b-580a1edd255f,BUY,MARKET,13,648.5066,0,0.0,All risk checks passed
2025-11-03 15:29:00+00:00,RISK_PASS,6f9fd78e-1e07-4e1f-a119-6feda67c0b90,SELL,MARKET,2.0,648.5066,0,0.0,All risk checks passed
2025-11-03 15:29:00+00:00,FILLED,815ea09a-a21f-4446-997b-580a1edd255f,BUY,MARKET,13,648.5066,13,648.5066,
2025-11-03 15:29:00+00:00,FILLED,6f9fd78e-1e07-4e1f-a119-6feda67c0b90,SELL,MARKET,2.0,648.5066,2.0,648.5066,
2025-11-03 15:30:00+00:00,RISK_PASS,5aab3c41-4c53-4233-89c6-c0b86a1b510c,BUY,MARKET,2,647.73,0,0.0,All risk checks passed
2025-11-03 15:30:00+00:00,RISK_PASS,e90f1e6d-2a7e-4d5d-9e76-d4275a3ccf96,SELL,MARKET,13.0,647.73,0,0.0,All risk checks passed
2025-11-03 15:30:00+00:00,REJECTED,5aab3c41-4c53-4233-89c6-c0b86a1b510c,BUY,MARKET,2,647.73,0,0.0,Random engine rejection
2025-11-03 15:30:00+00:00,FILLED,e90f1e6d-2a7e-4d5d-9e76-d4275a3ccf96,SELL,MARKET,13.0,647.73,13.0,647.73,
2025-11-03 15:31:00+00:00,RISK_PASS,644409b6-ecfe-4b8e-b57b-e21d63477817,BUY,MARKET,15,646.325,0,0.0,All risk checks passed
2025-11-03 15:31:00+00:00,FILLED,644409b6-ecfe-4b8e-b57b-e21d63477817,BUY,MARKET,15,646.325,15,646.325,
2025-11-03 15:32:00+00:00,RISK_PASS,6fed6d7c-b8ae-4c92-9dff-a621e6027d55,SELL,MARKET,15.0,647.05,0,0.0,All risk checks passed
2025-11-03 15:32:00+00:00,FILLED,6fed6d7c-b8ae-4c92-9dff-a621e6027d55,SELL,MARKET,15.0,647.05,15.0,647.05,
2025-11-03 15:33:00+00:00,RISK_PASS,8733dc2b-76cc-4c07-a2e0-04dd747e2e37,BUY,MARKET,15,647.335,0,0.0,All risk checks passed
2025-11-03 15:33:00+00:00,FILLED,8733dc2b-76cc-4c07-a2e0-04dd747e2e37,BUY,MARKET,15,647.335,15,647.335,
2025-11-03 15:34:00+00:00,RISK_PASS,c9610513-ae57-47b9-a961-6cac0a3f3e8e,SELL,MARKET,15.0,647.5,0,0.0,All risk checks passed
2025-11-03 15:34:00+00:00,FILLED,c9610513-ae57-47b9-a961-6cac0a3f3e8e,SELL,MARKET,15.0,647.5,15.0,647.5,
2025-11-03 15:35:00+00:00,RISK_PASS,d6fe0a00-3074-480d-836b-6615b1a18f24,BUY,MARKET,15,647.5643,0,0.0,All risk checks passed
2025-11-03 15:35:00+00:00,FILLED,d6fe0a00-3074-480d-836b-6615b1a18f24,BUY,MARKET,15,647.5643,15,647.5643,
2025-11-03 15:36:00+00:00,RISK_PASS,a9cd3e34-8428-483e-aef3-00809bd738f2,SELL,MARKET,15.0,648.9796,0,0.0,All risk checks passed
2025-11-03 15:36:00+00:00,FILLED,a9cd3e34-8428-483e-aef3-00809bd738f2,SELL,MARKET,15.0,648.9796,15.0,648.9796,
2025-11-03 16:00:00+00:00,RISK_PASS,c3ef01ad-5d9b-4412-b28e-2878603c7dc6,BUY,MARKET,12,651.38,0,0.0,All risk checks passed
2025-11-03 16:00:00+00:00,FILLED,c3ef01ad-5d9b-4412-b28e-2878603c7dc6,BUY,MARKET,12,651.38,7,651.38,
2025-11-03 16:01:00+00:00,RISK_PASS,29db6b98-766c-45ae-968f-eae909d8e573,BUY,MARKET,5,651.615,0,0.0,All risk checks passed
2025-11-03 16:01:00+00:00,FILLED,29db6b98-766c-45ae-968f-eae909d8e573,BUY,MARKET,5,651.615,5,651.615,
2025-11-03 16:03:00+00:00,RISK_PASS,e36b5577-8c55-42f2-8ad3-8dfe1d6f983a,SELL,MARKET,12.0,650.505,0,0.0,All risk checks passed
2025-11-03 16:03:00+00:00,FILLED,e36b5577-8c55-42f2-8ad3-8dfe1d6f983a,SELL,MARKET,12.0,650.505,12.0,650.505,
2025-11-03 16:04:00+00:00,RISK_PASS,c37a7530-f657-4a24-b971-880d80042ea3,BUY,MARKET,12,650.5325,0,0.0,All risk checks passed
2025-11-03 16:04:00+00:00,FILLED,c37a7530-f657-4a24-b971-880d80042ea3,BUY,MARKET,12,650.5325,12,650.5325,
2025-11-03 16:05:00+00:00,RISK_PASS,6c7d29fc-d084-49c3-aba3-ca9b454f2a18,SELL,MARKET,12.0,649.95,0,0.0,All risk checks passed
2025-11-03 16:05:00+00:00,FILLED,6c7d29fc-d084-49c3-aba3-ca9b454f2a18,SELL,MARKET,12.0,649.95,12.0,649.95,
2025-11-03 16:06:00+00:00,RISK_PASS,8f576a9d-1760-48f2-8e62-811609954d16,BUY,MARKET,12,649.64,0,0.0,All risk checks passed
2025-11-03 16:06:00+00:00,FILLED,8f576a9d-1760-48f2-8e62-811609954d16,BUY,MARKET,12,649.64,12,649.64,
2025-11-03 16:07:00+00:00,RISK_PASS,4e742720-94b1-4052-a0a9-d47bf0d48523,SELL,MARKET,12.0,650.32,0,0.0,All risk checks passed
2025-11-03 16:07:00+00:00,FILLED,4e742720-94b1-4052-a0a9-d47bf0d48523,SELL,MARKET,12.0,650.32,12.0,650.32,
2025-11-03 16:08:00+00:00,RISK_PASS,e42ade98-7eda-4ed9-8fd8-323858b5e73f,BUY,MARKET,12,650.37,0,0.0,All risk checks passed
2025-11-03 16:08:00+00:00,FILLED,e42ade98-7eda-4ed9-8fd8-323858b5e73f,BUY,MARKET,12,650.37,12,650.37,
2025-11-03 16:09:00+00:00,RISK_PASS,33b07211-d3e1-4e02-8873-c4ca6db411dd,SELL,MARKET,12.0,649.87,0,0.0,All risk checks passed
2025-11-03 16:09:00+00:00,FILLED,33b07211-d3e1-4e02-8873-c4ca6db411dd,SELL,MARKET,12.0,649.87,10,649.87,
2025-11-03 16:10:00+00:00,RISK_PASS,dedc4e8d-a37b-48c0-827c-28f1299dc646,BUY,MARKET,10,650.42,0,0.0,All risk checks passed
2025-11-03 16:10:00+00:00,RISK_PASS,f7b8307b-ef94-4984-867d-a4c9532139da,SELL,MARKET,2.0,650.42,0,0.0,All risk checks passed
2025-11-03 16:10:00+00:00,FILLED,dedc4e8d-a37b-48c0-827c-28f1299dc646,BUY,MARKET,10,650.42,10,650.42,
2025-11-03 16:10:00+00:00,FILLED,f7b8307b-ef94-4984-867d-a4c9532139da,SELL,MARKET,2.0,650.42,2.0,650.42,
2025-11-03 16:11:00+00:00,RISK_PASS,79c9fecd-3684-4eb2-bd2d-1577c2b42525,BUY,MARKET,2,651.015,0,0.0,All risk checks passed
2025-11-03 16:11:00+00:00,RISK_PASS,197a7558-079a-429a-8072-401b44127058,SELL,MARKET,10.0,651.015,0,0.0,All risk checks passed
2025-11-03 16:11:00+00:00,FILLED,79c9fecd-3684-4eb2-bd2d-1577c2b42525,BUY,MARKET,2,651.015,1,651.015,
2025-11-03 16:11:00+00:00,FILLED,197a7558-079a-429a-8072-401b44127058,SELL,MARKET,10.0,651.015,10.0,651.015,
2025-11-03 16:12:00+00:00,RISK_PASS,ef5f5f67-1ad3-4ed7-a223-a934e012d52b,BUY,MARKET,11,650.09,0,0.0,All risk checks passed
2025-11-03 16:12:00+00:00,RISK_PASS,b02d47ad-9f5f-4fca-a46c-e720c9afaff5,SELL,MARKET,1.0,650.09,0,0.0,All risk checks passed
2025-11-03 16:12:00+00:00,FILLED,ef5f5f67-1ad3-4ed7-a223-a934e012d52b,BUY,MARKET,11,650.09,11,650.09,
2025-11-03 16:12:00+00:00,FILLED,b02d47ad-9f5f-4fca-a46c-e720c9afaff5,SELL,MARKET,1.0,650.09,1.0,650.09,
2025-11-03 16:13:00+00:00,RISK_PASS,8e2304d6-f141-43a6-b1d5-3bcf226d481c,BUY,MARKET,1,649.83,0,0.0,All risk checks passed
2025-11-03 16:13:00+00:00,RISK_PASS,91149d64-4b98-4721-a63f-dde41db83ab6,SELL,MARKET,11.0,649.83,0,0.0,All risk checks passed
2025-11-03 16:13:00+00:00,FILLED,8e2304d6-f141-43a6-b1d5-3bcf226d481c,BUY,MARKET,1,649.83,1,649.83,
2025-11-03 16:13:00+00:00,FILLED,91149d64-4b98-4721-a63f-dde41db83ab6,SELL,MARKET,11.0,649.83,11.0,649.83,
2025-11-03 16:14:00+00:00,RISK_PASS,bc5cc816-2098-44e8-b882-eee9e4e17919,BUY,MARKET,11,649.425,0,0.0,All risk checks passed
2025-11-03 16:14:00+00:00,RISK_PASS,2c717b5b-09af-42c9-bdd2-c4823129fa7d,SELL,MARKET,1.0,649.425,0,0.0,All risk checks passed
2025-11-03 16:14:00+00:00,FILLED,bc5cc816-2098-44e8-b882-eee9e4e17919,BUY,MARKET,11,649.425,5,649.425,
2025-11-03 16:14:00+00:00,FILLED,2c717b5b-09af-42c9-bdd2-c4823129fa7d,SELL,MARKET,1.0,649.425,1.0,649.425,
2025-11-03 16:15:00+00:00,RISK_PASS,e4faf473-efaa-455f-adbb-a80441f87828,BUY,MARKET,13,648.56,0,0.0,All risk checks passed
2025-11-03 16:15:00+00:00,FILLED,e4faf473-efaa-455f-adbb-a80441f87828,BUY,MARKET,13,648.56,13,648.56,
2025-11-03 16:17:00+00:00,RISK_PASS,e8ecbacf-6b79-4cac-b4af-081187367fc6,SELL,MARKET,18.0,649.78,0,0.0,All risk checks passed
2025-11-03 16:17:00+00:00,REJECTED,e8ecbacf-6b79-4cac-b4af-081187367fc6,SELL,MARKET,18.0,649.78,0,0.0,Random engine rejection
2025-11-03 16:18:00+00:00,RISK_PASS,384d0c6c-674a-4549-aefc-e7033cd72664,SELL,MARKET,18.0,649.5654,0,0.0,All risk checks passed
2025-11-03 16:18:00+00:00,FILLED,384d0c6c-674a-4549-aefc-e7033cd72664,SELL,MARKET,18.0,649.5654,18.0,649.5654,
2025-11-03 16:28:00+00:00,RISK_PASS,07f935e6-8606-46aa-bb41-e0e05020a4c3,BUY,MARKET,12,650.175,0,0.0,All risk checks passed
2025-11-03 16:28:00+00:00,FILLED,07f935e6-8606-46aa-bb41-e0e05020a4c3,BUY,MARKET,12,650.175,12,650.175,
2025-11-03 16:29:00+00:00,RISK_PASS,cbab42fd-f32d-4457-8629-b4c8da6dc959,SELL,MARKET,12.0,649.875,0,0.0,All risk checks passed
2025-11-03 16:29:00+00:00,FILLED,cbab42fd-f32d-4457-8629-b4c8da6dc959,SELL,MARKET,12.0,649.875,12.0,649.875,
2025-11-03 16:38:00+00:00,RISK_PASS,ea12e708-8259-4400-88a2-4afff04e1621,BUY,MARKET,12,650.99,0,0.0,All risk checks passed
2025-11-03 16:38:00+00:00,FILLED,ea12e708-8259-4400-88a2-4afff04e1621,BUY,MARKET,12,650.99,12,650.99,
2025-11-03 16:39:00+00:00,RISK_PASS,29670acf-77ab-46fa-9ed0-fe6620581be9,SELL,MARKET,12.0,651.575,0,0.0,All risk checks passed
2025-11-03 16:39:00+00:00,FILLED,29670acf-77ab-46fa-9ed0-fe6620581be9,SELL,MARKET,12.0,651.575,12.0,651.575,
2025-11-03 16:40:00+00:00,RISK_PASS,ce5a9683-fb8b-4b13-8287-99b131215536,BUY,MARKET,12,651.71,0,0.0,All risk checks passed
2025-11-03 16:40:00+00:00,FILLED,ce5a9683-fb8b-4b13-8287-99b131215536,BUY,MARKET,12,651.71,12,651.71,
2025-11-03 16:43:00+00:00,RISK_PASS,78c50b25-edc0-4c4a-af82-875abdc04641,SELL,MARKET,12.0,652.25,0,0.0,All risk checks passed
2025-11-03 16:43:00+00:00,FILLED,78c50b25-edc0-4c4a-af82-875abdc04641,SELL,MARKET,12.0,652.25,12.0,652.25,
2025-11-03 16:44:00+00:00,RISK_PASS,7c8e44da-e9f8-414b-b1ba-571077cccdf4,BUY,MARKET,12,651.87,0,0.0,All risk checks passed
2025-11-03 16:44:00+00:00,FILLED,7c8e44da-e9f8-414b-b1ba-571077cccdf4,BUY,MARKET,12,651.87,12,651.87,
2025-11-03 16:45:00+00:00,RISK_PASS,7b96b12f-9f44-4b0c-983e-01be231a6593,SELL,MARKET,12.0,652.7503,0,0.0,All risk checks passed
2025-11-03 16:45:00+00:00,FILLED,7b96b12f-9f44-4b0c-983e-01be231a6593,SELL,MARKET,12.0,652.7503,12.0,652.7503,
2025-11-03 16:46:00+00:00,RISK_PASS,8ce52fce-d338-4a55-bcee-b977f9ff1988,BUY,MARKET,12,652.4868,0,0.0,All risk checks passed
2025-11-03 16:46:00+00:00,FILLED,8ce52fce-d338-4a55-bcee-b977f9ff1988,BUY,MARKET,12,652.4868,2,652.4868,
2025-11-03 16:47:00+00:00,RISK_PASS,4501ea88-e270-4211-a403-a944644e4420,BUY,MARKET,10,651.54,0,0.0,All risk checks passed
2025-11-03 16:47:00+00:00,FILLED,4501ea88-e270-4211-a403-a944644e4420,BUY,MARKET,10,651.54,10,651.54,
2025-11-03 17:25:00+00:00,RISK_PASS,8df0b45c-7a45-461a-86a6-e8aa57d016f1,BUY,MARKET,3,649.6,0,0.0,All risk checks passed
2025-11-03 17:25:00+00:00,RISK_PASS,fac93881-dabf-464b-9781-2c81ab78c5b7,SELL,MARKET,12.0,649.6,0,0.0,All risk checks passed
2025-11-03 17:25:00+00:00,FILLED,8df0b45c-7a45-461a-86a6-e8aa57d016f1,BUY,MARKET,3,649.6,3,649.6,
2025-11-03 17:25:00+00:00,FILLED,fac93881-dabf-464b-9781-2c81ab78c5b7,SELL,MARKET,12.0,649.6,12.0,649.6,
2025-11-03 17:26:00+00:00,RISK_PASS,df835916-056f-40c5-885b-426087dc3128,BUY,MARKET,12,649.635,0,0.0,All risk checks passed
2025-11-03 17:26:00+00:00,RISK_PASS,c11dbb27-cb9b-408f-8c26-b1a0db2873ff,SELL,MARKET,3.0,649.635,0,0.0,All risk checks passed
2025-11-03 17:26:00+00:00,FILLED,df835916-056f-40c5-885b-426087dc3128,BUY,MARKET,12,649.635,12,649.635,
2025-11-03 17:26:00+00:00,FILLED,c11dbb27-cb9b-408f-8c26-b1a0db2873ff,SELL,MARKET,3.0,649.635,3.0,649.635,
2025-11-03 17:27:00+00:00,RISK_PASS,c77afdfa-dd48-4e4a-8a5c-c84b5d63ec10,BUY,MARKET,3,650.0,0,0.0,All risk checks passed
2025-11-03 17:27:00+00:00,RISK_PASS,f3799e7f-35dc-4900-b949-223cd8ac81c6,SELL,MARKET,12.0,650.0,0,0.0,All risk checks passed
2025-11-03 17:27:00+00:00,FILLED,c77afdfa-dd48-4e4a-8a5c-c84b5d63ec10,BUY,MARKET,3,650.0,3,650.0,
2025-11-03 17:27:00+00:00,FILLED,f3799e7f-35dc-4900-b949-223cd8ac81c6,SELL,MARKET,12.0,650.0,12.0,650.0,
2025-11-03 17:28:00+00:00,RISK_PASS,a1356b71-0762-4c85-a8cb-210a64efa7c3,BUY,MARKET,12,650.02,0,0.0,All risk checks passed
2025-11-03 17:28:00+00:00,RISK_PASS,7e524660-7b7c-4d69-b156-8d0dbb158fc0,SELL,MARKET,3.0,650.02,0,0.0,All risk checks passed
2025-11-03 17:28:00+00:00,FILLED,a1356b71-0762-4c85-a8cb-210a64efa7c3,BUY,MARKET,12,650.02,12,650.02,
2025-11-03 17:28:00+00:00,FILLED,7e524660-7b7c-4d69-b156-8d0dbb158fc0,SELL,MARKET,3.0,650.02,3.0,650.02,
2025-11-03 17:29:00+00:00,RISK_PASS,cb1d5b31-523e-4cec-ae71-379348beef37,SELL,MARKET,12.0,650.17,0,0.0,All risk checks passed
2025-11-03 17:29:00+00:00,FILLED,cb1d5b31-523e-4cec-ae71-379348beef37,SELL,MARKET,12.0,650.17,12.0,650.17,
2025-11-03 17:44:00+00:00,RISK_PASS,cef17a1b-385b-483a-ac51-604e4146c453,BUY,MARKET,15,649.06,0,0.0,All risk checks passed
2025-11-03 17:44:00+00:00,FILLED,cef17a1b-385b-483a-ac51-604e4146c453,BUY,MARKET,15,649.06,15,649.06,
2025-11-03 17:45:00+00:00,RISK_PASS,fed04ef3-39d4-4c7e-9958-15d267cd0d04,SELL,MARKET,15.0,649.13,0,0.0,All risk checks passed
2025-11-03 17:45:00+00:00,FILLED,fed04ef3-39d4-4c7e-9958-15d267cd0d04,SELL,MARKET,15.0,649.13,15.0,649.13,
2025-11-03 17:46:00+00:00,RISK_PASS,7a43fd9e-2387-4f0c-862f-0a350d3f7ad5,BUY,MARKET,15,648.9786,0,0.0,All risk checks passed
2025-11-03 17:46:00+00:00,FILLED,7a43fd9e-2387-4f0c-862f-0a350d3f7ad5,BUY,MARKET,15,648.9786,15,648.9786,
2025-11-03 17:47:00+00:00,RISK_PASS,6f256558-d8d0-4730-8291-aad96ba8a726,SELL,MARKET,15.0,649.1,0,0.0,All risk checks passed
2025-11-03 17:47:00+00:00,FILLED,6f256558-d8d0-4730-8291-aad96ba8a726,SELL,MARKET,15.0,649.1,15.0,649.1,
2025-11-03 17:48:00+00:00,RISK_PASS,8ff832df-d58c-4951-9e1f-eb7ae208a7bf,BUY,MARKET,15,649.1,0,0.0,All risk checks passed
2025-11-03 17:48:00+00:00,FILLED,8ff832df-d58c-4951-9e1f-eb7ae208a7bf,BUY,MARKET,15,649.1,15,649.1,
2025-11-03 17:49:00+00:00,RISK_PASS,92eb1414-e574-4762-a518-3e3d2bfed029,SELL,MARKET,15.0,648.86,0,0.0,All risk checks passed
2025-11-03 17:49:00+00:00,FILLED,92eb1414-e574-4762-a518-3e3d2bfed029,SELL,MARKET,15.0,648.86,15.0,648.86,
2025-11-03 17:50:00+00:00,RISK_PASS,38239858-b481-40d1-9310-a75b4cd7b0ae,BUY,MARKET,15,648.745,0,0.0,All risk checks passed
2025-11-03 17:50:00+00:00,FILLED,38239858-b481-40d1-9310-a75b4cd7b0ae,BUY,MARKET,15,648.745,15,648.745,
2025-11-03 17:51:00+00:00,RISK_PASS,fc3da971-1b58-44f3-a8d4-f46201e1efb1,SELL,MARKET,15.0,648.55,0,0.0,All risk checks passed
2025-11-03 17:51:00+00:00,FILLED,fc3da971-1b58-44f3-a8d4-f46201e1efb1,SELL,MARKET,15.0,648.55,5,648.55,
2025-11-03 17:52:00+00:00,RISK_PASS,efaf366b-aec9-48b6-86ac-144e848c91cf,BUY,MARKET,5,647.79,0,0.0,All risk checks passed
2025-11-03 17:52:00+00:00,RISK_PASS,89c403a3-0a7c-49d9-9f79-9cd4ba165d18,SELL,MARKET,10.0,647.79,0,0.0,All risk checks passed
2025-11-03 17:52:00+00:00,FILLED,efaf366b-aec9-48b6-86ac-144e848c91cf,BUY,MARKET,5,647.79,5,647.79,
2025-11-03 17:52:00+00:00,FILLED,89c403a3-0a7c-49d9-9f79-9cd4ba165d18,SELL,MARKET,10.0,647.79,10.0,647.79,
2025-11-03 17:53:00+00:00,RISK_PASS,92903daa-b5fa-424a-b710-48372289ab0f,BUY,MARKET,10,647.635,0,0.0,All risk checks passed
2025-11-03 17:53:00+00:00,RISK_PASS,e37303a5-4e3c-4eff-8756-a2fc1e0e836e,SELL,MARKET,5.0,647.635,0,0.0,All risk checks passed
2025-11-03 17:53:00+00:00,FILLED,92903daa-b5fa-424a-b710-48372289ab0f,BUY,MARKET,10,647.635,10,647.635,
2025-11-03 17:53:00+00:00,FILLED,e37303a5-4e3c-4eff-8756-a2fc1e0e836e,SELL,MARKET,5.0,647.635,5.0,647.635,
2025-11-03 17:54:00+00:00,RISK_PASS,6c2b17a0-c805-489c-b71c-c1d984ed013e,SELL,MARKET,10.0,648.61,0,0.0,All risk checks passed
2025-11-03 17:54:00+00:00,FILLED,6c2b17a0-c805-489c-b71c-c1d984ed013e,SELL,MARKET,10.0,648.61,10.0,648.61,
2025-11-03 18:08:00+00:00,RISK_PASS,1c0f1331-c7f5-4aa4-89da-e9673e2d0937,BUY,MARKET,15,646.83,0,0.0,All risk checks passed
2025-11-03 18:08:00+00:00,FILLED,1c0f1331-c7f5-4aa4-89da-e9673e2d0937,BUY,MARKET,15,646.83,6,646.83,
2025-11-03 18:09:00+00:00,RISK_PASS,7e3edc0a-c25a-4648-9c7a-f854a681b275,BUY,MARKET,9,646.39,0,0.0,All risk checks passed
2025-11-03 18:09:00+00:00,RISK_PASS,d74bcdaa-2aa7-40a6-88c4-4f74576e3352,SELL,MARKET,6.0,646.39,0,0.0,All risk checks passed
2025-11-03 18:09:00+00:00,FILLED,7e3edc0a-c25a-4648-9c7a-f854a681b275,BUY,MARKET,9,646.39,9,646.39,
2025-11-03 18:09:00+00:00,FILLED,d74bcdaa-2aa7-40a6-88c4-4f74576e3352,SELL,MARKET,6.0,646.39,6.0,646.39,
2025-11-03 18:10:00+00:00,RISK_PASS,f553cf31-5c80-4e50-91ff-f2de35ae8caa,BUY,MARKET,6,646.055,0,0.0,All risk checks passed
2025-11-03 18:10:00+00:00,RISK_PASS,822c1f65-8f20-4759-8442-0558b20b0d40,SELL,MARKET,9.0,646.055,0,0.0,All risk checks passed
2025-11-03 18:10:00+00:00,FILLED,f553cf31-5c80-4e50-91ff-f2de35ae8caa,BUY,MARKET,6,646.055,6,646.055,
2025-11-03 18:10:00+00:00,FILLED,822c1f65-8f20-4759-8442-0558b20b0d40,SELL,MARKET,9.0,646.055,8,646.055,
2025-11-03 18:11:00+00:00,RISK_PASS,57f10475-8335-4733-b2d7-750b1d9d5a8d,BUY,MARKET,8,645.01,0,0.0,All risk checks passed
2025-11-03 18:11:00+00:00,RISK_PASS,8bf2129e-88ae-4774-aa66-0cb9592f109c,SELL,MARKET,7.0,645.01,0,0.0,All risk checks passed
2025-11-03 18:11:00+00:00,FILLED,57f10475-8335-4733-b2d7-750b1d9d5a8d,BUY,MARKET,8,645.01,8,645.01,
2025-11-03 18:11:00+00:00,FILLED,8bf2129e-88ae-4774-aa66-0cb9592f109c,SELL,MARKET,7.0,645.01,7.0,645.01,
2025-11-03 18:12:00+00:00,RISK_PASS,530f7ba2-243e-478d-8be3-693a4163bb51,BUY,MARKET,7,644.635,0,0.0,All risk checks passed
2025-11-03 18:12:00+00:00,RISK_PASS,f0a8f7e2-16ae-4497-b2c1-f99e92f3bc5e,SELL,MARKET,8.0,644.635,0,0.0,All risk checks passed
2025-11-03 18:12:00+00:00,FILLED,530f7ba2-243e-478d-8be3-693a4163bb51,BUY,MARKET,7,644.635,7,644.635,
2025-11-03 18:12:00+00:00,FILLED,f0a8f7e2-16ae-4497-b2c1-f99e92f3bc5e,SELL,MARKET,8.0,644.635,8.0,644.635,
2025-11-03 18:13:00+00:00,RISK_PASS,c8ed0953-01b9-449f-bcd9-43190ef2dfaf,BUY,MARKET,8,644.85,0,0.0,All risk checks passed
2025-11-03 18:13:00+00:00,RISK_PASS,1577227b-f6d2-4555-973e-884666df5e0a,SELL,MARKET,7.0,644.85,0,0.0,All risk checks passed
2025-11-03 18:13:00+00:00,FILLED,c8ed0953-01b9-449f-bcd9-43190ef2dfaf,BUY,MARKET,8,644.85,8,644.85,
2025-11-03 18:13:00+00:00,FILLED,1577227b-f6d2-4555-973e-884666df5e0a,SELL,MARKET,7.0,644.85,7.0,644.85,
2025-11-03 18:14:00+00:00,RISK_PASS,fe6c9355-a4c0-474c-829c-2331228f66b8,BUY,MARKET,7,644.615,0,0.0,All risk checks passed
2025-11-03 18:14:00+00:00,RISK_PASS,754ef081-8c0c-4989-b2ab-cc4847d67252,SELL,MARKET,8.0,644.615,0,0.0,All risk checks passed
2025-11-03 18:14:00+00:00,FILLED,fe6c9355-a4c0-474c-829c-2331228f66b8,BUY,MARKET,7,644.615,7,644.615,
2025-11-03 18:14:00+00:00,FILLED,754ef081-8c0c-4989-b2ab-cc4847d67252,SELL,MARKET,8.0,644.615,8.0,644.615,
2025-11-03 18:15:00+00:00,RISK_PASS,43477107-18a5-465e-9a07-9014e08263d8,BUY,MARKET,8,644.8199,0,0.0,All risk checks passed
2025-11-03 18:15:00+00:00,RISK_PASS,d89aed46-f9b7-48fa-9c14-1e951584c8fb,SELL,MARKET,7.0,644.8199,0,0.0,All risk checks passed
2025-11-03 18:15:00+00:00,FILLED,43477107-18a5-465e-9a07-9014e08263d8,BUY,MARKET,8,644.8199,8,644.8199,
2025-11-03 18:15:00+00:00,FILLED,d89aed46-f9b7-48fa-9c14-1e951584c8fb,SELL,MARKET,7.0,644.8199,7.0,644.8199,
2025-11-03 18:16:00+00:00,RISK_PASS,d35c54cd-5e68-417c-bf09-eaa52cb28693,SELL,MARKET,8.0,645.68,0,0.0,All risk checks passed
2025-11-03 18:16:00+00:00,FILLED,d35c54cd-5e68-417c-bf09-eaa52cb28693,SELL,MARKET,8.0,645.68,8.0,645.68,
2025-11-03 18:21:00+00:00,RISK_PASS,344d038a-67e6-45ed-8206-765fcf8b7481,BUY,MARKET,15,644.085,0,0.0,All risk checks passed
2025-11-03 18:21:00+00:00,FILLED,344d038a-67e6-45ed-8206-765fcf8b7481,BUY,MARKET,15,644.085,15,644.085,
2025-11-03 18:22:00+00:00,RISK_PASS,5e13e850-c59a-4cae-848c-11d003bdbcbf,SELL,MARKET,15.0,643.845,0,0.0,All risk checks passed
2025-11-03 18:22:00+00:00,FILLED,5e13e850-c59a-4cae-848c-11d003bdbcbf,SELL,MARKET,15.0,643.845,15.0,643.845,
2025-11-03 18:52:00+00:00,RISK_PASS,82ad4f06-89e8-46a1-a89b-e4738f8c10c5,BUY,MARKET,15,643.645,0,0.0,All risk checks passed
2025-11-03 18:52:00+00:00,REJECTED,82ad4f06-89e8-46a1-a89b-e4738f8c10c5,BUY,MARKET,15,643.645,0,0.0,Random engine rejection
2025-11-03 18:53:00+00:00,RISK_PASS,9c8f92ae-26a9-44e3-ac74-8c0d58dc90e5,BUY,MARKET,15,643.475,0,0.0,All risk checks passed
2025-11-03 18:53:00+00:00,FILLED,9c8f92ae-26a9-44e3-ac74-8c0d58dc90e5,BUY,MARKET,15,643.475,15,643.475,
2025-11-03 18:54:00+00:00,RISK_PASS,8238aa27-1985-403f-981a-7bceaf327e63,SELL,MARKET,15.0,643.2,0,0.0,All risk checks passed
2025-11-03 18:54:00+00:00,FILLED,8238aa27-1985-403f-981a-7bceaf327e63,SELL,MARKET,15.0,643.2,6,643.2,
2025-11-03 18:55:00+00:00,RISK_PASS,3d8d468d-c756-4f30-9850-31f34300326d,BUY,MARKET,6,642.915,0,0.0,All risk checks passed
2025-11-03 18:55:00+00:00,RISK_PASS,7a019bc1-8fea-4b07-9a5d-23d2c6618728,SELL,MARKET,9.0,642.915,0,0.0,All risk checks passed
2025-11-03 18:55:00+00:00,FILLED,3d8d468d-c756-4f30-9850-31f34300326d,BUY,MARKET,6,642.915,6,642.915,
2025-11-03 18:55:00+00:00,FILLED,7a019bc1-8fea-4b07-9a5d-23d2c6618728,SELL,MARKET,9.0,642.915,9.0,642.915,
2025-11-03 18:56:00+00:00,RISK_PASS,ea4d5eee-6375-46c1-9270-a2dedbfce905,BUY,MARKET,9,642.7477,0,0.0,All risk checks passed
2025-11-03 18:56:00+00:00,RISK_PASS,a781c6ce-71c1-4777-94dc-737c8cf0a635,SELL,MARKET,6.0,642.7477,0,0.0,All risk checks passed
2025-11-03 18:56:00+00:00,FILLED,ea4d5eee-6375-46c1-9270-a2dedbfce905,BUY,MARKET,9,642.7477,9,642.7477,
2025-11-03 18:56:00+00:00,FILLED,a781c6ce-71c1-4777-94dc-737c8cf0a635,SELL,MARKET,6.0,642.7477,6.0,642.7477,
2025-11-03 18:57:00+00:00,RISK_PASS,9a463c1f-0965-4c78-94a6-16d1c4f0a8d0,BUY,MARKET,6,642.87,0,0.0,All risk checks passed
2025-11-03 18:57:00+00:00,RISK_PASS,e320d6fb-b8bd-421c-b9f0-349632ceff5e,SELL,MARKET,9.0,642.87,0,0.0,All risk checks passed
2025-11-03 18:57:00+00:00,FILLED,9a463c1f-0965-4c78-94a6-16d1c4f0a8d0,BUY,MARKET,6,642.87,6,642.87,
2025-11-03 18:57:00+00:00,FILLED,e320d6fb-b8bd-421c-b9f0-349632ceff5e,SELL,MARKET,9.0,642.87,9.0,642.87,
2025-11-03 18:58:00+00:00,RISK_PASS,6c8971d5-e71c-4ae5-b2f9-fc9ab889c020,BUY,MARKET,9,642.4827,0,0.0,All risk checks passed
2025-11-03 18:58:00+00:00,RISK_PASS,1ccabaec-18d1-4c5a-9838-641c4902cf22,SELL,MARKET,6.0,642.4827,0,0.0,All risk checks passed
2025-11-03 18:58:00+00:00,FILLED,6c8971d5-e71c-4ae5-b2f9-fc9ab889c020,BUY,MARKET,9,642.4827,9,642.4827,
2025-11-03 18:58:00+00:00,FILLED,1ccabaec-18d1-4c5a-9838-641c4902cf22,SELL,MARKET,6.0,642.4827,6.0,642.4827,
2025-11-03 18:59:00+00:00,RISK_PASS,e47d2ef7-027b-4761-b6fb-d834ad56ba32,BUY,MARKET,6,642.54,0,0.0,All risk checks passed
2025-11-03 18:59:00+00:00,RISK_PASS,03064265-6667-428d-9980-225e54bb352e,SELL,MARKET,9.0,642.54,0,0.0,All risk checks passed
2025-11-03 18:59:00+00:00,FILLED,e47d2ef7-027b-4761-b6fb-d834ad56ba32,BUY,MARKET,6,642.54,6,642.54,
2025-11-03 18:59:00+00:00,FILLED,03064265-6667-428d-9980-225e54bb352e,SELL,MARKET,9.0,642.54,9.0,642.54,
2025-11-03 19:00:00+00:00,RISK_PASS,cbf6c7b1-5cac-4b61-9411-ecace9cf57ae,BUY,MARKET,9,642.346,0,0.0,All risk checks passed
2025-11-03 19:00:00+00:00,RISK_PASS,302cd89a-038b-4642-afac-19b08f402c06,SELL,MARKET,6.0,642.346,0,0.0,All risk checks passed
2025-11-03 19:00:00+00:00,FILLED,cbf6c7b1-5cac-4b61-9411-ecace9cf57ae,BUY,MARKET,9,642.346,9,642.346,
2025-11-03 19:00:00+00:00,FILLED,302cd89a-038b-4642-afac-19b08f402c06,SELL,MARKET,6.0,642.346,6.0,642.346,
2025-11-03 19:01:00+00:00,RISK_PASS,e90649eb-be76-4cc5-a4ef-3f962f72bbf2,BUY,MARKET,6,642.19,0,0.0,All risk checks passed
2025-11-03 19:01:00+00:00,RISK_PASS,41bfa5bd-3330-49f2-8875-ecc1caabdadb,SELL,MARKET,9.0,642.19,0,0.0,All risk checks passed
2025-11-03 19:01:00+00:00,FILLED,e90649eb-be76-4cc5-a4ef-3f962f72bbf2,BUY,MARKET,6,642.19,6,642.19,
2025-11-03 19:01:00+00:00,FILLED,41bfa5bd-3330-49f2-8875-ecc1caabdadb,SELL,MARKET,9.0,642.19,9.0,642.19,
2025-11-03 19:02:00+00:00,RISK_PASS,fb569589-8a2f-4676-909a-5b8ed7520ec0,BUY,MARKET,9,641.77,0,0.0,All risk checks passed
2025-11-03 19:02:00+00:00,RISK_PASS,e45d351d-a7b8-4296-b08d-8ce63b9da98b,SELL,MARKET,6.0,641.77,0,0.0,All risk checks passed
2025-11-03 19:02:00+00:00,FILLED,fb569589-8a2f-4676-909a-5b8ed7520ec0,BUY,MARKET,9,641.77,9,641.77,
2025-11-03 19:02:00+00:00,FILLED,e45d351d-a7b8-4296-b08d-8ce63b9da98b,SELL,MARKET,6.0,641.77,6.0,641.77,
2025-11-03 19:03:00+00:00,RISK_PASS,84d76324-6d64-436f-bb7c-4b64107ee4a5,BUY,MARKET,6,642.015,0,0.0,All risk checks passed
2025-11-03 19:03:00+00:00,RISK_PASS,cccd0b3f-0782-4a37-bcb0-6e031320fa89,SELL,MARKET,9.0,642.015,0,0.0,All risk checks passed
2025-11-03 19:03:00+00:00,FILLED,84d76324-6d64-436f-bb7c-4b64107ee4a5,BUY,MARKET,6,642.015,6,642.015,
2025-11-03 19:03:00+00:00,FILLED,cccd0b3f-0782-4a37-bcb0-6e031320fa89,SELL,MARKET,9.0,642.015,9.0,642.015,
2025-11-03 19:04:00+00:00,RISK_PASS,57af3cdf-c285-4a33-b370-5ad34aba0f42,BUY,MARKET,9,641.7782,0,0.0,All risk checks passed
2025-11-03 19:04:00+00:00,RISK_PASS,230d17d0-9ec6-4d37-8f31-fdddf5bbac7f,SELL,MARKET,6.0,641.7782,0,0.0,All risk checks passed
2025-11-03 19:04:00+00:00,FILLED,57af3cdf-c285-4a33-b370-5ad34aba0f42,BUY,MARKET,9,641.7782,3,641.7782,
2025-11-03 19:04:00+00:00,FILLED,230d17d0-9ec6-4d37-8f31-fdddf5bbac7f,SELL,MARKET,6.0,641.7782,4,641.7782,
2025-11-03 19:05:00+00:00,RISK_PASS,6b6258c9-a208-4d86-a8b3-f417aa8aa42b,BUY,MARKET,10,641.6701,0,0.0,All risk checks passed
2025-11-03 19:05:00+00:00,RISK_PASS,5919c209-5c6c-44e4-9a7c-80f1411b246c,SELL,MARKET,5.0,641.6701,0,0.0,All risk checks passed
2025-11-03 19:05:00+00:00,FILLED,6b6258c9-a208-4d86-a8b3-f417aa8aa42b,BUY,MARKET,10,641.6701,10,641.6701,
2025-11-03 19:05:00+00:00,FILLED,5919c209-5c6c-44e4-9a7c-80f1411b246c,SELL,MARKET,5.0,641.6701,3,641.6701,
2025-11-03 19:06:00+00:00,RISK_PASS,56606a4c-8dbc-43e1-bf40-416932f77105,BUY,MARKET,3,642.05,0,0.0,All risk checks passed
2025-11-03 19:06:00+00:00,RISK_PASS,00213558-afb4-452f-b0c8-cad10c6f9403,SELL,MARKET,12.0,642.05,0,0.0,All risk checks passed
2025-11-03 19:06:00+00:00,FILLED,56606a4c-8dbc-43e1-bf40-416932f77105,BUY,MARKET,3,642.05,3,642.05,
2025-11-03 19:06:00+00:00,FILLED,00213558-afb4-452f-b0c8-cad10c6f9403,SELL,MARKET,12.0,642.05,12.0,642.05,
2025-11-03 19:07:00+00:00,RISK_PASS,f5b60e6b-cf24-4d58-8f2b-86303fcb07f7,SELL,MARKET,3.0,642.59,0,0.0,All risk checks passed
2025-11-03 19:07:00+00:00,FILLED,f5b60e6b-cf24-4d58-8f2b-86303fcb07f7,SELL,MARKET,3.0,642.59,3.0,642.59,
2025-11-03 19:24:00+00:00,RISK_PASS,2401759e-4431-41d8-b01b-a1940c8aa6f5,BUY,MARKET,12,644.4101,0,0.0,All risk checks passed
2025-11-03 19:24:00+00:00,FILLED,2401759e-4431-41d8-b01b-a1940c8aa6f5,BUY,MARKET,12,644.4101,12,644.4101,
2025-11-03 19:31:00+00:00,RISK_PASS,4de445b3-4e74-44a0-b706-7cfc85cb979e,SELL,MARKET,12.0,644.74,0,0.0,All risk checks passed
2025-11-03 19:31:00+00:00,FILLED,4de445b3-4e74-44a0-b706-7cfc85cb979e,SELL,MARKET,12.0,644.74,12.0,644.74,
2025-11-03 19:32:00+00:00,RISK_PASS,8c13cf77-b9a4-41f1-beb3-26f86d879512,BUY,MARKET,12,644.6989,0,0.0,All risk checks passed
2025-11-03 19:32:00+00:00,FILLED,8c13cf77-b9a4-41f1-beb3-26f86d879512,BUY,MARKET,12,644.6989,6,644.6989,
2025-11-03 19:33:00+00:00,RISK_PASS,0518797b-7838-43e4-a902-d39258d426f3,BUY,MARKET,6,644.64,0,0.0,All risk checks passed
2025-11-03 19:33:00+00:00,FILLED,0518797b-7838-43e4-a902-d39258d426f3,BUY,MARKET,6,644.64,6,644.64,
2025-11-03 19:56:00+00:00,RISK_PASS,5f5e75d4-bf00-4540-b492-e871e0df4420,SELL,MARKET,12.0,645.86,0,0.0,All risk checks passed
2025-11-03 19:56:00+00:00,FILLED,5f5e75d4-bf00-4540-b492-e871e0df4420,SELL,MARKET,12.0,645.86,12.0,645.86,
2025-11-03 19:57:00+00:00,RISK_PASS,8ddfe0fd-c15a-4187-9cec-210b22e08938,BUY,MARKET,12,645.955,0,0.0,All risk checks passed
2025-11-03 19:57:00+00:00,FILLED,8ddfe0fd-c15a-4187-9cec-210b22e08938,BUY,MARKET,12,645.955,12,645.955,
2025-11-03 20:01:00+00:00,RISK_PASS,6eeced95-795b-4775-a330-3a42ded38ad3,SELL,MARKET,12.0,645.6634,0,0.0,All risk checks passed
2025-11-03 20:01:00+00:00,FILLED,6eeced95-795b-4775-a330-3a42ded38ad3,SELL,MARKET,12.0,645.6634,12.0,645.6634,
2025-11-03 20:02:00+00:00,RISK_PASS,32c227b7-15a4-41b8-9dda-ce0e273c4909,BUY,MARKET,12,645.305,0,0.0,All risk checks passed
2025-11-03 20:02:00+00:00,REJECTED,32c227b7-15a4-41b8-9dda-ce0e273c4909,BUY,MARKET,12,645.305,0,0.0,Random engine rejection
2025-11-03 20:03:00+00:00,RISK_PASS,0cc023e6-040a-43fd-979f-9ed62b636539,BUY,MARKET,12,645.265,0,0.0,All risk checks passed
2025-11-03 20:03:00+00:00,FILLED,0cc023e6-040a-43fd-979f-9ed62b636539,BUY,MARKET,12,645.265,12,645.265,
2025-11-03 20:10:00+00:00,RISK_PASS,a4321d62-8f0b-4e00-8cca-73df2f3ac3c4,BUY,MARKET,6,643.71,0,0.0,All risk checks passed
2025-11-03 20:10:00+00:00,FILLED,a4321d62-8f0b-4e00-8cca-73df2f3ac3c4,BUY,MARKET,6,643.71,6,643.71,
2025-11-03 20:14:00+00:00,RISK_PASS,40f30ba0-e4d4-4726-a8d4-4ddad6c8ad37,SELL,MARKET,18.0,642.73,0,0.0,All risk checks passed
2025-11-03 20:14:00+00:00,FILLED,40f30ba0-e4d4-4726-a8d4-4ddad6c8ad37,SELL,MARKET,18.0,642.73,18.0,642.73,
2025-11-03 20:15:00+00:00,RISK_PASS,cbe45bb3-21a6-42d8-b811-af9d06e32660,BUY,MARKET,15,642.995,0,0.0,All risk checks passed
2025-11-03 20:15:00+00:00,FILLED,cbe45bb3-21a6-42d8-b811-af9d06e32660,BUY,MARKET,15,642.995,15,642.995,
2025-11-03 20:16:00+00:00,RISK_PASS,f1e8838f-a6e6-48a6-92a6-763d1d50539a,SELL,MARKET,15.0,643.05,0,0.0,All risk checks passed
2025-11-03 20:16:00+00:00,FILLED,f1e8838f-a6e6-48a6-92a6-763d1d50539a,SELL,MARKET,15.0,643.05,15.0,643.05,
2025-11-03 20:17:00+00:00,RISK_PASS,e5953f89-4578-4d89-84ba-ba2d08715c8a,BUY,MARKET,15,642.72,0,0.0,All risk checks passed
2025-11-03 20:17:00+00:00,FILLED,e5953f89-4578-4d89-84ba-ba2d08715c8a,BUY,MARKET,15,642.72,15,642.72,
2025-11-03 20:18:00+00:00,RISK_PASS,e42d99e7-8db4-422d-b836-66c74de2cdc6,SELL,MARKET,15.0,642.8,0,0.0,All risk checks passed
2025-11-03 20:18:00+00:00,REJECTED,e42d99e7-8db4-422d-b836-66c74de2cdc6,SELL,MARKET,15.0,642.8,0,0.0,Random engine rejection
2025-11-03 20:19:00+00:00,RISK_PASS,b555cfc4-490f-4141-be9c-e75259b2e0f8,SELL,MARKET,15.0,642.93,0,0.0,All risk checks passed
2025-11-03 20:19:00+00:00,REJECTED,b555cfc4-490f-4141-be9c-e75259b2e0f8,SELL,MARKET,15.0,642.93,0,0.0,Random engine rejection
2025-11-03 20:20:00+00:00,RISK_PASS,d8f0c699-995e-457d-9da8-e959a7084086,SELL,MARKET,15.0,642.5101,0,0.0,All risk checks passed
2025-11-03 20:20:00+00:00,FILLED,d8f0c699-995e-457d-9da8-e959a7084086,SELL,MARKET,15.0,642.5101,15.0,642.5101,
2025-11-03 20:21:00+00:00,RISK_PASS,ef4e71a3-1096-47e2-96c5-6462b7cca760,BUY,MARKET,15,641.955,0,0.0,All risk checks passed
2025-11-03 20:21:00+00:00,FILLED,ef4e71a3-1096-47e2-96c5-6462b7cca760,BUY,MARKET,15,641.955,9,641.955,
2025-11-03 20:22:00+00:00,RISK_PASS,fb69ced2-8193-481f-86c3-007bd83cc89e,BUY,MARKET,6,641.93,0,0.0,All risk checks passed
2025-11-03 20:22:00+00:00,RISK_PASS,b9474cc9-90c8-4469-8c5d-b65ddaa26d01,SELL,MARKET,9.0,641.93,0,0.0,All risk checks passed
2025-11-03 20:22:00+00:00,FILLED,fb69ced2-8193-481f-86c3-007bd83cc89e,BUY,MARKET,6,641.93,6,641.93,
2025-11-03 20:22:00+00:00,FILLED,b9474cc9-90c8-4469-8c5d-b65ddaa26d01,SELL,MARKET,9.0,641.93,9.0,641.93,
2025-11-03 20:23:00+00:00,RISK_PASS,b090a48c-3639-4b1c-8bdb-8d40b183fdd5,BUY,MARKET,9,642.245,0,0.0,All risk checks passed
2025-11-03 20:23:00+00:00,RISK_PASS,7b9d3253-e0d7-4b51-9977-c623991caa7e,SELL,MARKET,6.0,642.245,0,0.0,All risk checks passed
2025-11-03 20:23:00+00:00,FILLED,b090a48c-3639-4b1c-8bdb-8d40b183fdd5,BUY,MARKET,9,642.245,9,642.245,
2025-11-03 20:23:00+00:00,FILLED,7b9d3253-e0d7-4b51-9977-c623991caa7e,SELL,MARKET,6.0,642.245,6.0,642.245,
2025-11-03 20:24:00+00:00,RISK_PASS,75aade82-3dfd-42bc-abed-bac62b999f17,BUY,MARKET,6,642.04,0,0.0,All risk checks passed
2025-11-03 20:24:00+00:00,RISK_PASS,483c7ab7-0df8-43cb-a33d-915033e9268e,SELL,MARKET,9.0,642.04,0,0.0,All risk checks passed
2025-11-03 20:24:00+00:00,REJECTED,75aade82-3dfd-42bc-abed-bac62b999f17,BUY,MARKET,6,642.04,0,0.0,Random engine rejection
2025-11-03 20:24:00+00:00,FILLED,483c7ab7-0df8-43cb-a33d-915033e9268e,SELL,MARKET,9.0,642.04,9.0,642.04,
2025-11-03 20:25:00+00:00,RISK_PASS,d6965740-b175-4612-bd05-17e2ed9d6243,BUY,MARKET,15,642.1,0,0.0,All risk checks passed
2025-11-03 20:25:00+00:00,FILLED,d6965740-b175-4612-bd05-17e2ed9d6243,BUY,MARKET,15,642.1,15,642.1,
2025-11-03 20:26:00+00:00,RISK_PASS,5c5152bc-e471-4891-9a0c-a34b0e486100,SELL,MARKET,15.0,642.6449,0,0.0,All risk checks passed
2025-11-03 20:26:00+00:00,FILLED,5c5152bc-e471-4891-9a0c-a34b0e486100,SELL,MARKET,15.0,642.6449,15.0,642.6449,
2025-11-03 20:33:00+00:00,RISK_PASS,64ed1d36-2e81-4b28-b82b-4a81743f283f,BUY,MARKET,15,640.959,0,0.0,All risk checks passed
2025-11-03 20:33:00+00:00,FILLED,64ed1d36-2e81-4b28-b82b-4a81743f283f,BUY,MARKET,15,640.959,7,640.959,
2025-11-03 20:34:00+00:00,RISK_PASS,f3ededbd-ef04-4df4-a540-24565fb3d37d,BUY,MARKET,8,640.55,0,0.0,All risk checks passed
2025-11-03 20:34:00+00:00,RISK_PASS,d614433c-b66b-4ec0-9ed5-e5f7b2a59702,SELL,MARKET,7.0,640.55,0,0.0,All risk checks passed
2025-11-03 20:34:00+00:00,FILLED,f3ededbd-ef04-4df4-a540-24565fb3d37d,BUY,MARKET,8,640.55,8,640.55,
2025-11-03 20:34:00+00:00,FILLED,d614433c-b66b-4ec0-9ed5-e5f7b2a59702,SELL,MARKET,7.0,640.55,7.0,640.55,
2025-11-03 20:35:00+00:00,RISK_PASS,c060278c-e454-4e81-b350-42a2803285df,SELL,MARKET,8.0,640.72,0,0.0,All risk checks passed
2025-11-03 20:35:00+00:00,FILLED,c060278c-e454-4e81-b350-42a2803285df,SELL,MARKET,8.0,640.72,8.0,640.72,
2025-11-03 20:42:00+00:00,RISK_PASS,243b3eb4-a930-4f20-a335-a0398be1b4bb,BUY,MARKET,15,639.97,0,0.0,All risk checks passed
2025-11-03 20:42:00+00:00,FILLED,243b3eb4-a930-4f20-a335-a0398be1b4bb,BUY,MARKET,15,639.97,15,639.97,
2025-11-03 20:43:00+00:00,RISK_PASS,32023208-8c54-4656-b816-7132c8d90f2b,SELL,MARKET,15.0,639.93,0,0.0,All risk checks passed
2025-11-03 20:43:00+00:00,FILLED,32023208-8c54-4656-b816-7132c8d90f2b,SELL,MARKET,15.0,639.93,15.0,639.93,
2025-11-03 20:52:00+00:00,RISK_PASS,b3e8c823-811e-4c01-a0d8-102a5abf4893,BUY,MARKET,15,638.315,0,0.0,All risk checks passed
2025-11-03 20:52:00+00:00,FILLED,b3e8c823-811e-4c01-a0d8-102a5abf4893,BUY,MARKET,15,638.315,3,638.315,
2025-11-03 20:53:00+00:00,RISK_PASS,21e65400-126f-48df-b70c-b0cce526e7f7,SELL,MARKET,3.0,638.68,0,0.0,All risk checks passed
2025-11-03 20:53:00+00:00,FILLED,21e65400-126f-48df-b70c-b0cce526e7f7,SELL,MARKET,3.0,638.68,3.0,638.68,
2025-11-03 20:54:00+00:00,RISK_PASS,c6721227-c32f-4c95-89fa-7bbdfe85f504,BUY,MARKET,15,637.4485,0,0.0,All risk checks passed
2025-11-03 20:54:00+00:00,FILLED,c6721227-c32f-4c95-89fa-7bbdfe85f504,BUY,MARKET,15,637.4485,15,637.4485,
2025-11-03 20:55:00+00:00,RISK_PASS,1e970ba8-9a93-486d-9b20-faa31cd6657a,SELL,MARKET,15.0,637.95,0,0.0,All risk checks passed
2025-11-03 20:55:00+00:00,FILLED,1e970ba8-9a93-486d-9b20-faa31cd6657a,SELL,MARKET,15.0,637.95,15.0,637.95,
2025-11-03 21:23:00+00:00,RISK_PASS,75c00dd9-f1d9-4f33-87aa-bd9438014798,BUY,MARKET,15,637.82,0,0.0,All risk checks passed
2025-11-03 21:23:00+00:00,FILLED,75c00dd9-f1d9-4f33-87aa-bd9438014798,BUY,MARKET,15,637.82,15,637.82,
2025-11-03 21:24:00+00:00,RISK_PASS,4d9f88fb-e674-4bbf-90d6-f4d13aac4e94,SELL,MARKET,15.0,637.92,0,0.0,All risk checks passed
2025-11-03 21:24:00+00:00,FILLED,4d9f88fb-e674-4bbf-90d6-f4d13aac4e94,SELL,MARKET,15.0,637.92,15.0,637.92,
2025-11-03 21:33:00+00:00,RISK_PASS,4709d177-aef1-49a2-beab-f9024c596ddc,BUY,MARKET,12,639.5,0,0.0,All risk checks passed
2025-11-03 21:33:00+00:00,FILLED,4709d177-aef1-49a2-beab-f9024c596ddc,BUY,MARKET,12,639.5,12,639.5,
2025-11-03 21:41:00+00:00,RISK_PASS,e0f49754-ecdf-41e7-ad2f-cd7a483411ea,SELL,MARKET,12.0,639.15,0,0.0,All risk checks passed
2025-11-03 21:41:00+00:00,FILLED,e0f49754-ecdf-41e7-ad2f-cd7a483411ea,SELL,MARKET,12.0,639.15,12.0,639.15,
2025-11-03 21:42:00+00:00,RISK_PASS,cbb90fca-a2b2-423e-8b4e-564e551d6667,BUY,MARKET,12,639.14,0,0.0,All risk checks passed
2025-11-03 21:42:00+00:00,FILLED,cbb90fca-a2b2-423e-8b4e-564e551d6667,BUY,MARKET,12,639.14,12,639.14,
2025-11-03 21:46:00+00:00,RISK_PASS,22d084ea-47df-4210-9f09-75c7a9833052,BUY,MARKET,6,646.591,0,0.0,All risk checks passed
2025-11-03 21:46:00+00:00,RISK_PASS,3b682457-d6f7-443c-8111-b69d082f8bf0,SELL,MARKET,12.0,646.591,0,0.0,All risk checks passed
2025-11-03 21:46:00+00:00,REJECTED,22d084ea-47df-4210-9f09-75c7a9833052,BUY,MARKET,6,646.591,0,0.0,Random engine rejection
2025-11-03 21:46:00+00:00,FILLED,3b682457-d6f7-443c-8111-b69d082f8bf0,SELL,MARKET,12.0,646.591,12.0,646.591,
2025-11-03 21:47:00+00:00,RISK_PASS,960fe143-5675-43ce-9b0a-0cddfee759ca,BUY,MARKET,12,639.06,0,0.0,All risk checks passed
2025-11-03 21:47:00+00:00,FILLED,960fe143-5675-43ce-9b0a-0cddfee759ca,BUY,MARKET,12,639.06,12,639.06,
2025-11-03 22:00:00+00:00,RISK_PASS,74b127db-d06b-42ff-aaf7-67e0cd1d577e,BUY,MARKET,6,639.11,0,0.0,All risk checks passed
2025-11-03 22:00:00+00:00,FILLED,74b127db-d06b-42ff-aaf7-67e0cd1d577e,BUY,MARKET,6,639.11,6,639.11,
2025-11-03 22:11:00+00:00,RISK_PASS,d127d613-c9fe-4f11-adb4-f01cb929c8aa,SELL,MARKET,18.0,639.18,0,0.0,All risk checks passed
2025-11-03 22:11:00+00:00,FILLED,d127d613-c9fe-4f11-adb4-f01cb929c8aa,SELL,MARKET,18.0,639.18,18.0,639.18,
2025-11-03 22:32:00+00:00,RISK_PASS,fae1bde0-ce42-4e9e-a21e-9fa479f46283,BUY,MARKET,15,638.88,0,0.0,All risk checks passed
2025-11-03 22:32:00+00:00,FILLED,fae1bde0-ce42-4e9e-a21e-9fa479f46283,BUY,MARKET,15,638.88,15,638.88,
2025-11-03 22:33:00+00:00,RISK_PASS,91f0456f-719b-4b60-9417-4a18fc413b78,SELL,MARKET,15.0,638.79,0,0.0,All risk checks passed
2025-11-03 22:33:00+00:00,FILLED,91f0456f-719b-4b60-9417-4a18fc413b78,SELL,MARKET,15.0,638.79,13,638.79,
2025-11-03 22:34:00+00:00,RISK_PASS,f7723755-2d85-49db-af40-f1d49d2dc1df,BUY,MARKET,13,638.76,0,0.0,All risk checks passed
2025-11-03 22:34:00+00:00,RISK_PASS,7f2f0584-6733-4f21-99e6-19931261d995,SELL,MARKET,2.0,638.76,0,0.0,All risk checks passed
2025-11-03 22:34:00+00:00,FILLED,f7723755-2d85-49db-af40-f1d49d2dc1df,BUY,MARKET,13,638.76,13,638.76,
2025-11-03 22:34:00+00:00,FILLED,7f2f0584-6733-4f21-99e6-19931261d995,SELL,MARKET,2.0,638.76,2.0,638.76,
2025-11-03 22:35:00+00:00,RISK_PASS,547723fb-650a-4c39-9424-9ac7588c7c95,BUY,MARKET,2,638.8391,0,0.0,All risk checks passed
2025-11-03 22:35:00+00:00,RISK_PASS,8d8d5400-3b0a-4cf0-8ba9-431ff9885ed2,SELL,MARKET,13.0,638.8391,0,0.0,All risk checks passed
2025-11-03 22:35:00+00:00,FILLED,547723fb-650a-4c39-9424-9ac7588c7c95,BUY,MARKET,2,638.8391,2,638.8391,
2025-11-03 22:35:00+00:00,FILLED,8d8d5400-3b0a-4cf0-8ba9-431ff9885ed2,SELL,MARKET,13.0,638.8391,13.0,638.8391,
2025-11-03 22:36:00+00:00,RISK_PASS,684d4836-3a16-4a58-aa2f-ca62c04902d5,BUY,MARKET,13,638.7807,0,0.0,All risk checks passed
2025-11-03 22:36:00+00:00,RISK_PASS,9a942b7e-5c86-489c-b800-82269703e398,SELL,MARKET,2.0,638.7807,0,0.0,All risk checks passed
2025-11-03 22:36:00+00:00,FILLED,684d4836-3a16-4a58-aa2f-ca62c04902d5,BUY,MARKET,13,638.7807,13,638.7807,
2025-11-03 22:36:00+00:00,FILLED,9a942b7e-5c86-489c-b800-82269703e398,SELL,MARKET,2.0,638.7807,2.0,638.7807,
2025-11-03 22:37:00+00:00,RISK_PASS,ed139bec-4404-4fa5-90a6-3846cf164c8a,BUY,MARKET,2,638.8,0,0.0,All risk checks passed
2025-11-03 22:37:00+00:00,RISK_PASS,60ba85da-bfe7-4318-82c1-9381f1d2673a,SELL,MARKET,13.0,638.8,0,0.0,All risk checks passed
2025-11-03 22:37:00+00:00,FILLED,ed139bec-4404-4fa5-90a6-3846cf164c8a,BUY,MARKET,2,638.8,2,638.8,
2025-11-03 22:37:00+00:00,FILLED,60ba85da-bfe7-4318-82c1-9381f1d2673a,SELL,MARKET,13.0,638.8,13.0,638.8,
2025-11-03 22:38:00+00:00,RISK_PASS,fe6b3fef-635a-4704-bccd-21a07c87f613,BUY,MARKET,13,638.78,0,0.0,All risk checks passed
2025-11-03 22:38:00+00:00,RISK_PASS,667f00fc-77cc-4ea1-90ab-698d0a1de922,SELL,MARKET,2.0,638.78,0,0.0,All risk checks passed
2025-11-03 22:38:00+00:00,FILLED,fe6b3fef-635a-4704-bccd-21a07c87f613,BUY,MARKET,13,638.78,13,638.78,
2025-11-03 22:38:00+00:00,FILLED,667f00fc-77cc-4ea1-90ab-698d0a1de922,SELL,MARKET,2.0,638.78,2.0,638.78,
2025-11-03 22:39:00+00:00,RISK_PASS,2c1a9fa6-fc32-4a88-974a-1500bab68506,BUY,MARKET,2,638.7196,0,0.0,All risk checks passed
2025-11-03 22:39:00+00:00,RISK_PASS,eeae97e0-5306-40b0-9274-5662c6bdd462,SELL,MARKET,13.0,638.7196,0,0.0,All risk checks passed
2025-11-03 22:39:00+00:00,FILLED,2c1a9fa6-fc32-4a88-974a-1500bab68506,BUY,MARKET,2,638.7196,1,638.7196,
2025-11-03 22:39:00+00:00,FILLED,eeae97e0-5306-40b0-9274-5662c6bdd462,SELL,MARKET,13.0,638.7196,13.0,638.7196,
2025-11-03 22:40:00+00:00,RISK_PASS,c55b4417-3da2-4504-a204-9a6b8149e6ce,BUY,MARKET,14,638.77,0,0.0,All risk checks passed
2025-11-03 22:40:00+00:00,RISK_PASS,0588c171-4ee7-4f14-ba93-c6d2537baf94,SELL,MARKET,1.0,638.77,0,0.0,All risk checks passed
2025-11-03 22:40:00+00:00,FILLED,c55b4417-3da2-4504-a204-9a6b8149e6ce,BUY,MARKET,14,638.77,14,638.77,
2025-11-03 22:40:00+00:00,FILLED,0588c171-4ee7-4f14-ba93-c6d2537baf94,SELL,MARKET,1.0,638.77,1.0,638.77,
2025-11-03 22:41:00+00:00,RISK_PASS,790ab917-dfbf-4882-834e-7e30573a60be,BUY,MARKET,1,638.79,0,0.0,All risk checks passed
2025-11-03 22:41:00+00:00,RISK_PASS,e0bfec47-f5e7-4e45-b3a5-867a2cf1e1c6,SELL,MARKET,14.0,638.79,0,0.0,All risk checks passed
2025-11-03 22:41:00+00:00,FILLED,790ab917-dfbf-4882-834e-7e30573a60be,BUY,MARKET,1,638.79,1,638.79,
2025-11-03 22:41:00+00:00,FILLED,e0bfec47-f5e7-4e45-b3a5-867a2cf1e1c6,SELL,MARKET,14.0,638.79,14.0,638.79,
2025-11-03 22:42:00+00:00,RISK_PASS,b8f51176-2207-4929-8138-4ae70c4de662,BUY,MARKET,14,638.79,0,0.0,All risk checks passed
2025-11-03 22:42:00+00:00,RISK_PASS,a447ed7e-0acb-494c-b409-c7b2d0b2da5b,SELL,MARKET,1.0,638.79,0,0.0,All risk checks passed
2025-11-03 22:42:00+00:00,FILLED,b8f51176-2207-4929-8138-4ae70c4de662,BUY,MARKET,14,638.79,14,638.79,
2025-11-03 22:42:00+00:00,FILLED,a447ed7e-0acb-494c-b409-c7b2d0b2da5b,SELL,MARKET,1.0,638.79,1.0,638.79,
2025-11-03 22:43:00+00:00,RISK_PASS,8d91de42-5e35-4cc7-945a-69ad00cd0f79,SELL,MARKET,14.0,639.0681,0,0.0,All risk checks passed
2025-11-03 22:43:00+00:00,FILLED,8d91de42-5e35-4cc7-945a-69ad00cd0f79,SELL,MARKET,14.0,639.0681,10,639.0681,
2025-11-03 22:44:00+00:00,RISK_PASS,b7aba539-821c-418b-aaff-3763d4c8cba1,SELL,MARKET,4.0,639.04,0,0.0,All risk checks passed
2025-11-03 22:44:00+00:00,FILLED,b7aba539-821c-418b-aaff-3763d4c8cba1,SELL,MARKET,4.0,639.04,4.0,639.04,
2025-11-03 22:57:00+00:00,RISK_PASS,67759b35-a5a1-4e67-b408-c438706929ef,BUY,MARKET,15,638.81,0,0.0,All risk checks passed
2025-11-03 22:57:00+00:00,FILLED,67759b35-a5a1-4e67-b408-c438706929ef,BUY,MARKET,15,638.81,3,638.81,
2025-11-03 22:58:00+00:00,RISK_PASS,ab0046b3-f6d9-4f70-8448-5cc75b37a841,BUY,MARKET,12,638.81,0,0.0,All risk checks passed
2025-11-03 22:58:00+00:00,RISK_PASS,669a5845-01ae-433b-833a-b93d59cc4642,SELL,MARKET,3.0,638.81,0,0.0,All risk checks passed
2025-11-03 22:58:00+00:00,FILLED,ab0046b3-f6d9-4f70-8448-5cc75b37a841,BUY,MARKET,12,638.81,12,638.81,
2025-11-03 22:58:00+00:00,FILLED,669a5845-01ae-433b-833a-b93d59cc4642,SELL,MARKET,3.0,638.81,3.0,638.81,
2025-11-03 22:59:00+00:00,RISK_PASS,65d7287e-a761-4c5d-8278-23af47b54f69,BUY,MARKET,3,638.82,0,0.0,All risk checks passed
2025-11-03 22:59:00+00:00,RISK_PASS,509d8282-b000-4ac3-9443-399313ffbbb0,SELL,MARKET,12.0,638.82,0,0.0,All risk checks passed
2025-11-03 22:59:00+00:00,REJECTED,65d7287e-a761-4c5d-8278-23af47b54f69,BUY,MARKET,3,638.82,0,0.0,Random engine rejection
2025-11-03 22:59:00+00:00,FILLED,509d8282-b000-4ac3-9443-399313ffbbb0,SELL,MARKET,12.0,638.82,12.0,638.82,
2025-11-03 23:00:00+00:00,RISK_PASS,4d7dc11a-b66a-49d6-a313-716104f135f3,BUY,MARKET,15,638.57,0,0.0,All risk checks passed
2025-11-03 23:00:00+00:00,FILLED,4d7dc11a-b66a-49d6-a313-716104f135f3,BUY,MARKET,15,638.57,15,638.57,
2025-11-03 23:01:00+00:00,RISK_PASS,7e9fbc27-2ad8-49a9-ac3d-aaf37fe2051b,SELL,MARKET,15.0,638.45,0,0.0,All risk checks passed
2025-11-03 23:01:00+00:00,FILLED,7e9fbc27-2ad8-49a9-ac3d-aaf37fe2051b,SELL,MARKET,15.0,638.45,15.0,638.45,
2025-11-03 23:02:00+00:00,RISK_PASS,89c3809f-c512-44a0-b023-46bf45321e0e,BUY,MARKET,15,638.27,0,0.0,All risk checks passed
2025-11-03 23:02:00+00:00,FILLED,89c3809f-c512-44a0-b023-46bf45321e0e,BUY,MARKET,15,638.27,15,638.27,
2025-11-03 23:03:00+00:00,RISK_PASS,7b7e543a-ebf9-4ca2-bf88-89b94163841a,SELL,MARKET,15.0,638.1,0,0.0,All risk checks passed
2025-11-03 23:03:00+00:00,FILLED,7b7e543a-ebf9-4ca2-bf88-89b94163841a,SELL,MARKET,15.0,638.1,15.0,638.1,
2025-11-03 23:04:00+00:00,RISK_PASS,949c0831-92fa-4a0e-be78-2f12766f7535,BUY,MARKET,15,638.1025,0,0.0,All risk checks passed
2025-11-03 23:04:00+00:00,FILLED,949c0831-92fa-4a0e-be78-2f12766f7535,BUY,MARKET,15,638.1025,10,638.1025,
2025-11-03 23:05:00+00:00,RISK_PASS,0b209828-e86b-4c85-9fe3-1f71b9ebfb2d,BUY,MARKET,5,638.25,0,0.0,All risk checks passed
2025-11-03 23:05:00+00:00,RISK_PASS,782e9ac2-5856-46d3-91fe-0e46e6be378c,SELL,MARKET,10.0,638.25,0,0.0,All risk checks passed
2025-11-03 23:05:00+00:00,FILLED,0b209828-e86b-4c85-9fe3-1f71b9ebfb2d,BUY,MARKET,5,638.25,5,638.25,
2025-11-03 23:05:00+00:00,FILLED,782e9ac2-5856-46d3-91fe-0e46e6be378c,SELL,MARKET,10.0,638.25,3,638.25,
2025-11-03 23:06:00+00:00,RISK_PASS,45807ac0-8f90-40bf-8aa7-351a7180bf99,BUY,MARKET,3,638.1997,0,0.0,All risk checks passed
2025-11-03 23:06:00+00:00,RISK_PASS,4fe59cef-4f02-4f0c-8ba9-e1e824c49fec,SELL,MARKET,12.0,638.1997,0,0.0,All risk checks passed
2025-11-03 23:06:00+00:00,FILLED,45807ac0-8f90-40bf-8aa7-351a7180bf99,BUY,MARKET,3,638.1997,3,638.1997,
2025-11-03 23:06:00+00:00,FILLED,4fe59cef-4f02-4f0c-8ba9-e1e824c49fec,SELL,MARKET,12.0,638.1997,12.0,638.1997,
2025-11-03 23:07:00+00:00,RISK_PASS,6da9c5da-c56e-423a-ac08-de1d0e1cb5e9,BUY,MARKET,12,638.06,0,0.0,All risk checks passed
2025-11-03 23:07:00+00:00,RISK_PASS,2085256d-0473-4458-b50a-95979a404ee2,SELL,MARKET,3.0,638.06,0,0.0,All risk checks passed
2025-11-03 23:07:00+00:00,FILLED,6da9c5da-c56e-423a-ac08-de1d0e1cb5e9,BUY,MARKET,12,638.06,12,638.06,
2025-11-03 23:07:00+00:00,FILLED,2085256d-0473-4458-b50a-95979a404ee2,SELL,MARKET,3.0,638.06,3.0,638.06,
2025-11-03 23:08:00+00:00,RISK_PASS,5e5be60c-72ea-4fd8-82b2-8af135e0a81a,BUY,MARKET,3,638.11,0,0.0,All risk checks passed
2025-11-03 23:08:00+00:00,RISK_PASS,a29e665b-3c6b-4c9b-ba96-f3cf7127037c,SELL,MARKET,12.0,638.11,0,0.0,All risk checks passed
2025-11-03 23:08:00+00:00,FILLED,5e5be60c-72ea-4fd8-82b2-8af135e0a81a,BUY,MARKET,3,638.11,3,638.11,
2025-11-03 23:08:00+00:00,FILLED,a29e665b-3c6b-4c9b-ba96-f3cf7127037c,SELL,MARKET,12.0,638.11,12.0,638.11,
2025-11-03 23:09:00+00:00,RISK_PASS,7ca1f1e9-cfcb-41b7-800c-769aec9a7f7a,BUY,MARKET,12,638.14,0,0.0,All risk checks passed
2025-11-03 23:09:00+00:00,RISK_PASS,de6d4c83-a8b7-44b0-b6de-15abd59b24a8,SELL,MARKET,3.0,638.14,0,0.0,All risk checks passed
2025-11-03 23:09:00+00:00,FILLED,7ca1f1e9-cfcb-41b7-800c-769aec9a7f7a,BUY,MARKET,12,638.14,12,638.14,
2025-11-03 23:09:00+00:00,FILLED,de6d4c83-a8b7-44b0-b6de-15abd59b24a8,SELL,MARKET,3.0,638.14,3.0,638.14,
2025-11-03 23:10:00+00:00,RISK_PASS,b5142d4b-8641-4509-afee-4b1a73ce1abc,BUY,MARKET,3,638.1991,0,0.0,All risk checks passed
2025-11-03 23:10:00+00:00,RISK_PASS,f0774026-3c33-4a64-9bc2-37f337438b8d,SELL,MARKET,12.0,638.1991,0,0.0,All risk checks passed
2025-11-03 23:10:00+00:00,FILLED,b5142d4b-8641-4509-afee-4b1a73ce1abc,BUY,MARKET,3,638.1991,3,638.1991,
2025-11-03 23:10:00+00:00,FILLED,f0774026-3c33-4a64-9bc2-37f337438b8d,SELL,MARKET,12.0,638.1991,3,638.1991,
2025-11-03 23:11:00+00:00,RISK_PASS,49c7807b-d755-4cfc-be04-1f19255979e2,BUY,MARKET,3,638.1519,0,0.0,All risk checks passed
2025-11-03 23:11:00+00:00,RISK_PASS,9f6e6d69-8300-47a6-b25d-def93dbbb595,SELL,MARKET,12.0,638.1519,0,0.0,All risk checks passed
2025-11-03 23:11:00+00:00,FILLED,49c7807b-d755-4cfc-be04-1f19255979e2,BUY,MARKET,3,638.1519,3,638.1519,
2025-11-03 23:11:00+00:00,FILLED,9f6e6d69-8300-47a6-b25d-def93dbbb595,SELL,MARKET,12.0,638.1519,12.0,638.1519,
2025-11-03 23:12:00+00:00,RISK_PASS,64663acb-4e60-49a7-b761-f8b7bc5ac987,BUY,MARKET,12,638.2,0,0.0,All risk checks passed
2025-11-03 23:12:00+00:00,RISK_PASS,eb8a95e9-74ed-4852-b40f-9454974ccd8f,SELL,MARKET,3.0,638.2,0,0.0,All risk checks passed
2025-11-03 23:12:00+00:00,FILLED,64663acb-4e60-49a7-b761-f8b7bc5ac987,BUY,MARKET,12,638.2,12,638.2,
2025-11-03 23:12:00+00:00,FILLED,eb8a95e9-74ed-4852-b40f-9454974ccd8f,SELL,MARKET,3.0,638.2,3.0,638.2,
2025-11-03 23:13:00+00:00,RISK_PASS,7482d97d-fe35-4746-8d6a-164f3035d33b,BUY,MARKET,3,638.2,0,0.0,All risk checks passed
2025-11-03 23:13:00+00:00,RISK_PASS,527d8384-9ff5-44c9-bc9d-b7c2d016c082,SELL,MARKET,12.0,638.2,0,0.0,All risk checks passed
2025-11-03 23:13:00+00:00,FILLED,7482d97d-fe35-4746-8d6a-164f3035d33b,BUY,MARKET,3,638.2,3,638.2,
2025-11-03 23:13:00+00:00,FILLED,527d8384-9ff5-44c9-bc9d-b7c2d016c082,SELL,MARKET,12.0,638.2,12.0,638.2,
2025-11-03 23:14:00+00:00,RISK_PASS,7d957b2b-9903-436c-b739-eefb4ef31360,SELL,MARKET,3.0,638.15,0,0.0,All risk checks passed
2025-11-03 23:14:00+00:00,FILLED,7d957b2b-9903-436c-b739-eefb4ef31360,SELL,MARKET,3.0,638.15,3.0,638.15,
2025-11-03 23:41:00+00:00,RISK_PASS,1d5ec053-38e3-4530-b847-9c332ef946cd,BUY,MARKET,12,638.4999,0,0.0,All risk checks passed
2025-11-03 23:41:00+00:00,FILLED,1d5ec053-38e3-4530-b847-9c332ef946cd,BUY,MARKET,12,638.4999,12,638.4999,
2025-11-04 00:03:00+00:00,RISK_PASS,e34a8c22-493f-41e0-b8cc-6ffe98748127,BUY,MARKET,3,638.2565,0,0.0,All risk checks passed
2025-11-04 00:03:00+00:00,RISK_PASS,14c813cb-a46f-4d83-b616-080cc90f1d96,SELL,MARKET,12.0,638.2565,0,0.0,All risk checks passed
2025-11-04 00:03:00+00:00,FILLED,e34a8c22-493f-41e0-b8cc-6ffe98748127,BUY,MARKET,3,638.2565,3,638.2565,
2025-11-04 00:03:00+00:00,FILLED,14c813cb-a46f-4d83-b616-080cc90f1d96,SELL,MARKET,12.0,638.2565,12.0,638.2565,
2025-11-04 00:04:00+00:00,RISK_PASS,1bea2e50-2621-41c5-80af-9f57e929d6ce,SELL,MARKET,3.0,638.31,0,0.0,All risk checks passed
2025-11-04 00:04:00+00:00,FILLED,1bea2e50-2621-41c5-80af-9f57e929d6ce,SELL,MARKET,3.0,638.31,3.0,638.31,
2025-11-04 00:11:00+00:00,RISK_PASS,f6d7628c-0ef4-4043-b1db-e05c2cfed2c1,BUY,MARKET,15,638.13,0,0.0,All risk checks passed
2025-11-04 00:11:00+00:00,FILLED,f6d7628c-0ef4-4043-b1db-e05c2cfed2c1,BUY,MARKET,15,638.13,15,638.13,
2025-11-04 00:12:00+00:00,RISK_PASS,62960fa0-c98a-4922-bb00-edfe5ea18fc1,SELL,MARKET,15.0,638.0,0,0.0,All risk checks passed
2025-11-04 00:12:00+00:00,FILLED,62960fa0-c98a-4922-bb00-edfe5ea18fc1,SELL,MARKET,15.0,638.0,15.0,638.0,
2025-11-04 00:13:00+00:00,RISK_PASS,7da7d2eb-5492-4c1f-bd65-c9d1cc879bad,BUY,MARKET,15,638.03,0,0.0,All risk checks passed
2025-11-04 00:13:00+00:00,FILLED,7da7d2eb-5492-4c1f-bd65-c9d1cc879bad,BUY,MARKET,15,638.03,15,638.03,
2025-11-04 00:14:00+00:00,RISK_PASS,af6b8e78-09b6-4318-b3a6-cc2a91ddcc92,SELL,MARKET,15.0,638.04,0,0.0,All risk checks passed
2025-11-04 00:14:00+00:00,FILLED,af6b8e78-09b6-4318-b3a6-cc2a91ddcc92,SELL,MARKET,15.0,638.04,15.0,638.04,
2025-11-04 00:15:00+00:00,RISK_PASS,1b9a7c5a-199c-45d8-b40e-0958f2ed9d54,BUY,MARKET,15,638.05,0,0.0,All risk checks passed
2025-11-04 00:15:00+00:00,FILLED,1b9a7c5a-199c-45d8-b40e-0958f2ed9d54,BUY,MARKET,15,638.05,15,638.05,
2025-11-04 00:16:00+00:00,RISK_PASS,3afe4602-6a47-4ed3-989e-d8853572a238,SELL,MARKET,15.0,638.0,0,0.0,All risk checks passed
2025-11-04 00:16:00+00:00,FILLED,3afe4602-6a47-4ed3-989e-d8853572a238,SELL,MARKET,15.0,638.0,15.0,638.0,
2025-11-04 00:18:00+00:00,RISK_PASS,95fac374-a8a0-4749-ba90-20b45d68f52a,BUY,MARKET,15,637.77,0,0.0,All risk checks passed
2025-11-04 00:18:00+00:00,FILLED,95fac374-a8a0-4749-ba90-20b45d68f52a,BUY,MARKET,15,637.77,15,637.77,
2025-11-04 00:19:00+00:00,RISK_PASS,2710393e-e771-4997-bb58-2f9eb7d0ab5c,SELL,MARKET,15.0,637.71,0,0.0,All risk checks passed
2025-11-04 00:19:00+00:00,FILLED,2710393e-e771-4997-bb58-2f9eb7d0ab5c,SELL,MARKET,15.0,637.71,15.0,637.71,
2025-11-04 00:20:00+00:00,RISK_PASS,669845dc-347c-456c-b286-9d69c243bee6,BUY,MARKET,15,637.74,0,0.0,All risk checks passed
2025-11-04 00:20:00+00:00,FILLED,669845dc-347c-456c-b286-9d69c243bee6,BUY,MARKET,15,637.74,15,637.74,
2025-11-04 00:21:00+00:00,RISK_PASS,fd4f611f-47e4-42bf-b2c6-ffcc68ed8b22,SELL,MARKET,15.0,637.7065,0,0.0,All risk checks passed
2025-11-04 00:21:00+00:00,FILLED,fd4f611f-47e4-42bf-b2c6-ffcc68ed8b22,SELL,MARKET,15.0,637.7065,15.0,637.7065,
2025-11-04 00:22:00+00:00,RISK_PASS,e59628c5-f88d-4b0f-8cc4-4f1dd05931b7,BUY,MARKET,15,637.6,0,0.0,All risk checks passed
2025-11-04 00:22:00+00:00,FILLED,e59628c5-f88d-4b0f-8cc4-4f1dd05931b7,BUY,MARKET,15,637.6,15,637.6,
2025-11-04 00:23:00+00:00,RISK_PASS,430f3169-0f2c-4b55-98ac-fefc04e4ce7d,SELL,MARKET,15.0,637.5,0,0.0,All risk checks passed
2025-11-04 00:23:00+00:00,FILLED,430f3169-0f2c-4b55-98ac-fefc04e4ce7d,SELL,MARKET,15.0,637.5,15.0,637.5,
2025-11-04 00:24:00+00:00,RISK_PASS,76fb23c4-9101-4c3e-9e42-adaa03979875,BUY,MARKET,15,637.51,0,0.0,All risk checks passed
2025-11-04 00:24:00+00:00,FILLED,76fb23c4-9101-4c3e-9e42-adaa03979875,BUY,MARKET,15,637.51,12,637.51,
2025-11-04 00:25:00+00:00,RISK_PASS,3b44a419-1eb7-49bf-8bed-c148f81a5bc6,BUY,MARKET,3,637.5101,0,0.0,All risk checks passed
2025-11-04 00:25:00+00:00,RISK_PASS,a2b0402e-74db-4bc9-b1fa-4c7e22cef81f,SELL,MARKET,12.0,637.5101,0,0.0,All risk checks passed
2025-11-04 00:25:00+00:00,FILLED,3b44a419-1eb7-49bf-8bed-c148f81a5bc6,BUY,MARKET,3,637.5101,3,637.5101,
2025-11-04 00:25:00+00:00,FILLED,a2b0402e-74db-4bc9-b1fa-4c7e22cef81f,SELL,MARKET,12.0,637.5101,12.0,637.5101,
2025-11-04 00:26:00+00:00,RISK_PASS,8847b2bd-fecc-4b4c-8595-f306084de689,BUY,MARKET,12,637.5,0,0.0,All risk checks passed
2025-11-04 00:26:00+00:00,RISK_PASS,236ccf47-1135-40f4-99e2-d043322a5f58,SELL,MARKET,3.0,637.5,0,0.0,All risk checks passed
2025-11-04 00:26:00+00:00,FILLED,8847b2bd-fecc-4b4c-8595-f306084de689,BUY,MARKET,12,637.5,12,637.5,
2025-11-04 00:26:00+00:00,FILLED,236ccf47-1135-40f4-99e2-d043322a5f58,SELL,MARKET,3.0,637.5,3.0,637.5,
2025-11-04 00:27:00+00:00,RISK_PASS,50dd2343-5c6a-4daa-9fb3-3e6fc1b5d03b,BUY,MARKET,3,637.5,0,0.0,All risk checks passed
2025-11-04 00:27:00+00:00,RISK_PASS,3aff611f-89d4-4a7b-aac1-1e944038950f,SELL,MARKET,12.0,637.5,0,0.0,All risk checks passed
2025-11-04 00:27:00+00:00,FILLED,50dd2343-5c6a-4daa-9fb3-3e6fc1b5d03b,BUY,MARKET,3,637.5,3,637.5,
2025-11-04 00:27:00+00:00,FILLED,3aff611f-89d4-4a7b-aac1-1e944038950f,SELL,MARKET,12.0,637.5,12.0,637.5,
2025-11-04 00:28:00+00:00,RISK_PASS,ad714fff-77be-4e72-937c-88480694d8de,BUY,MARKET,12,637.1399,0,0.0,All risk checks passed
2025-11-04 00:28:00+00:00,RISK_PASS,a4f21539-bcbb-4082-b670-048ca7320cbc,SELL,MARKET,3.0,637.1399,0,0.0,All risk checks passed
2025-11-04 00:28:00+00:00,FILLED,ad714fff-77be-4e72-937c-88480694d8de,BUY,MARKET,12,637.1399,12,637.1399,
2025-11-04 00:28:00+00:00,FILLED,a4f21539-bcbb-4082-b670-048ca7320cbc,SELL,MARKET,3.0,637.1399,3.0,637.1399,
2025-11-04 00:29:00+00:00,RISK_PASS,c93ec63b-c252-4e1b-a72b-0baddccecc9e,BUY,MARKET,3,637.1,0,0.0,All risk checks passed
2025-11-04 00:29:00+00:00,RISK_PASS,a8b4e85f-18e0-4854-af39-c3f37c305b57,SELL,MARKET,12.0,637.1,0,0.0,All risk checks passed
2025-11-04 00:29:00+00:00,FILLED,c93ec63b-c252-4e1b-a72b-0baddccecc9e,BUY,MARKET,3,637.1,3,637.1,
2025-11-04 00:29:00+00:00,FILLED,a8b4e85f-18e0-4854-af39-c3f37c305b57,SELL,MARKET,12.0,637.1,12.0,637.1,
2025-11-04 00:30:00+00:00,RISK_PASS,f8ba0de9-c7d4-4402-833e-e87885caae87,BUY,MARKET,12,637.0,0,0.0,All risk checks passed
2025-11-04 00:30:00+00:00,RISK_PASS,f79da222-8032-47fb-ae29-0722f20709b3,SELL,MARKET,3.0,637.0,0,0.0,All risk checks passed
2025-11-04 00:30:00+00:00,FILLED,f8ba0de9-c7d4-4402-833e-e87885caae87,BUY,MARKET,12,637.0,12,637.0,
2025-11-04 00:30:00+00:00,FILLED,f79da222-8032-47fb-ae29-0722f20709b3,SELL,MARKET,3.0,637.0,3.0,637.0,
2025-11-04 00:31:00+00:00,RISK_PASS,b134006b-b9a2-46ef-8fe8-67472f65a3f6,BUY,MARKET,3,637.0,0,0.0,All risk checks passed
2025-11-04 00:31:00+00:00,RISK_PASS,b9a18316-c6ac-4a9d-9946-a0735c150155,SELL,MARKET,12.0,637.0,0,0.0,All risk checks passed
2025-11-04 00:31:00+00:00,FILLED,b134006b-b9a2-46ef-8fe8-67472f65a3f6,BUY,MARKET,3,637.0,3,637.0,
2025-11-04 00:31:00+00:00,FILLED,b9a18316-c6ac-4a9d-9946-a0735c150155,SELL,MARKET,12.0,637.0,12.0,637.0,
2025-11-04 00:32:00+00:00,RISK_PASS,205cdca2-71cb-4102-9ea8-220a81d4d529,BUY,MARKET,12,636.8515,0,0.0,All risk checks passed
2025-11-04 00:32:00+00:00,RISK_PASS,289787ea-7d73-424e-af33-3f7c28421e02,SELL,MARKET,3.0,636.8515,0,0.0,All risk checks passed
2025-11-04 00:32:00+00:00,FILLED,205cdca2-71cb-4102-9ea8-220a81d4d529,BUY,MARKET,12,636.8515,12,636.8515,
2025-11-04 00:32:00+00:00,FILLED,289787ea-7d73-424e-af33-3f7c28421e02,SELL,MARKET,3.0,636.8515,3.0,636.8515,
2025-11-04 00:33:00+00:00,RISK_PASS,3e1021c4-5d83-417d-91d0-a1ce3f9b942b,BUY,MARKET,3,636.751,0,0.0,All risk checks passed
2025-11-04 00:33:00+00:00,RISK_PASS,36907d00-fd0c-43d4-9532-7fad6a582ac8,SELL,MARKET,12.0,636.751,0,0.0,All risk checks passed
2025-11-04 00:33:00+00:00,FILLED,3e1021c4-5d83-417d-91d0-a1ce3f9b942b,BUY,MARKET,3,636.751,3,636.751,
2025-11-04 00:33:00+00:00,FILLED,36907d00-fd0c-43d4-9532-7fad6a582ac8,SELL,MARKET,12.0,636.751,12.0,636.751,
2025-11-04 00:34:00+00:00,RISK_PASS,9cba22d1-197f-4a17-9110-a1185a7502a8,BUY,MARKET,12,636.92,0,0.0,All risk checks passed
2025-11-04 00:34:00+00:00,RISK_PASS,f08ee55a-3892-4366-a0f5-a7965b384293,SELL,MARKET,3.0,636.92,0,0.0,All risk checks passed
2025-11-04 00:34:00+00:00,FILLED,9cba22d1-197f-4a17-9110-a1185a7502a8,BUY,MARKET,12,636.92,12,636.92,
2025-11-04 00:34:00+00:00,FILLED,f08ee55a-3892-4366-a0f5-a7965b384293,SELL,MARKET,3.0,636.92,3.0,636.92,
2025-11-04 00:35:00+00:00,RISK_PASS,716dfbde-3911-4157-9bad-caac13f5c814,BUY,MARKET,3,637.1,0,0.0,All risk checks passed
2025-11-04 00:35:00+00:00,RISK_PASS,d877df43-9a91-4f22-a5f0-5e4d31812f13,SELL,MARKET,12.0,637.1,0,0.0,All risk checks passed
2025-11-04 00:35:00+00:00,FILLED,716dfbde-3911-4157-9bad-caac13f5c814,BUY,MARKET,3,637.1,1,637.1,
2025-11-04 00:35:00+00:00,FILLED,d877df43-9a91-4f22-a5f0-5e4d31812f13,SELL,MARKET,12.0,637.1,2,637.1,
2025-11-04 00:36:00+00:00,RISK_PASS,203403d2-732e-4cbf-b224-314a8e167dd7,BUY,MARKET,4,637.1,0,0.0,All risk checks passed
2025-11-04 00:36:00+00:00,RISK_PASS,b9f67429-7b76-489d-8da3-63a3784e1593,SELL,MARKET,11.0,637.1,0,0.0,All risk checks passed
2025-11-04 00:36:00+00:00,FILLED,203403d2-732e-4cbf-b224-314a8e167dd7,BUY,MARKET,4,637.1,4,637.1,
2025-11-04 00:36:00+00:00,FILLED,b9f67429-7b76-489d-8da3-63a3784e1593,SELL,MARKET,11.0,637.1,11.0,637.1,
2025-11-04 00:37:00+00:00,RISK_PASS,9238dfa3-0707-40a7-a683-d10724b5dd37,BUY,MARKET,11,636.91,0,0.0,All risk checks passed
2025-11-04 00:37:00+00:00,RISK_PASS,10cd2df0-257c-49fe-899a-120d06ae68a8,SELL,MARKET,4.0,636.91,0,0.0,All risk checks passed
2025-11-04 00:37:00+00:00,FILLED,9238dfa3-0707-40a7-a683-d10724b5dd37,BUY,MARKET,11,636.91,11,636.91,
2025-11-04 00:37:00+00:00,FILLED,10cd2df0-257c-49fe-899a-120d06ae68a8,SELL,MARKET,4.0,636.91,4.0,636.91,
2025-11-04 00:38:00+00:00,RISK_PASS,daace4f5-867f-4e7b-91e5-0ee38211c108,BUY,MARKET,4,636.95,0,0.0,All risk checks passed
2025-11-04 00:38:00+00:00,RISK_PASS,48b00ba3-8c63-47ab-b054-c552b8aa2258,SELL,MARKET,11.0,636.95,0,0.0,All risk checks passed
2025-11-04 00:38:00+00:00,FILLED,daace4f5-867f-4e7b-91e5-0ee38211c108,BUY,MARKET,4,636.95,4,636.95,
2025-11-04 00:38:00+00:00,FILLED,48b00ba3-8c63-47ab-b054-c552b8aa2258,SELL,MARKET,11.0,636.95,11.0,636.95,
2025-11-04 00:39:00+00:00,RISK_PASS,7ebd8dae-e9f5-48bd-8dd8-706b76cdbe66,SELL,MARKET,4.0,637.0,0,0.0,All risk checks passed
2025-11-04 00:39:00+00:00,FILLED,7ebd8dae-e9f5-48bd-8dd8-706b76cdbe66,SELL,MARKET,4.0,637.0,4.0,637.0,
2025-11-04 00:41:00+00:00,RISK_PASS,d3a95d3e-6d5b-41df-adec-41c36d4b6052,BUY,MARKET,15,636.91,0,0.0,All risk checks passed
2025-11-04 00:41:00+00:00,FILLED,d3a95d3e-6d5b-41df-adec-41c36d4b6052,BUY,MARKET,15,636.91,15,636.91,
2025-11-04 00:42:00+00:00,RISK_PASS,3297b780-3bc9-41ba-b110-fbe7f8dff70a,SELL,MARKET,15.0,636.99,0,0.0,All risk checks passed
2025-11-04 00:42:00+00:00,FILLED,3297b780-3bc9-41ba-b110-fbe7f8dff70a,SELL,MARKET,15.0,636.99,15.0,636.99,
2025-11-04 00:59:00+00:00,RISK_PASS,8e0b2bda-8eca-4731-9e66-ddb84374f816,BUY,MARKET,15,636.8008,0,0.0,All risk checks passed
2025-11-04 00:59:00+00:00,FILLED,8e0b2bda-8eca-4731-9e66-ddb84374f816,BUY,MARKET,15,636.8008,15,636.8008,
2025-11-04 09:00:00+00:00,RISK_PASS,a98aaf5d-44fd-422f-94d7-bec9fe7f2c4b,SELL,MARKET,15.0,631.01,0,0.0,All risk checks passed
2025-11-04 09:00:00+00:00,FILLED,a98aaf5d-44fd-422f-94d7-bec9fe7f2c4b,SELL,MARKET,15.0,631.01,15.0,631.01,
2025-11-04 09:01:00+00:00,RISK_PASS,80f044c3-37a2-4065-a89a-5ce1721057e4,BUY,MARKET,15,631.2,0,0.0,All risk checks passed
2025-11-04 09:01:00+00:00,FILLED,80f044c3-37a2-4065-a89a-5ce1721057e4,BUY,MARKET,15,631.2,15,631.2,
2025-11-04 09:02:00+00:00,RISK_PASS,6a3ce4df-5f1f-4808-b07b-fd2a9ca2bafc,SELL,MARKET,15.0,631.0,0,0.0,All risk checks passed
2025-11-04 09:02:00+00:00,FILLED,6a3ce4df-5f1f-4808-b07b-fd2a9ca2bafc,SELL,MARKET,15.0,631.0,15.0,631.0,
2025-11-04 09:03:00+00:00,RISK_PASS,0fd8b701-676f-4795-8d51-f4c0a7f22f22,BUY,MARKET,15,631.41,0,0.0,All risk checks passed
2025-11-04 09:03:00+00:00,FILLED,0fd8b701-676f-4795-8d51-f4c0a7f22f22,BUY,MARKET,15,631.41,15,631.41,
2025-11-04 09:04:00+00:00,RISK_PASS,158ae258-d725-492e-8fe1-5befa9716b5a,SELL,MARKET,15.0,631.32,0,0.0,All risk checks passed
2025-11-04 09:04:00+00:00,FILLED,158ae258-d725-492e-8fe1-5befa9716b5a,SELL,MARKET,15.0,631.32,15.0,631.32,
2025-11-04 09:05:00+00:00,RISK_PASS,ead5610d-177e-41bb-bf47-cbdc46746a31,BUY,MARKET,15,630.05,0,0.0,All risk checks passed
2025-11-04 09:05:00+00:00,FILLED,ead5610d-177e-41bb-bf47-cbdc46746a31,BUY,MARKET,15,630.05,15,630.05,
2025-11-04 09:06:00+00:00,RISK_PASS,85ab79ac-9dde-4e6c-b5f1-44e8114f2014,SELL,MARKET,15.0,629.32,0,0.0,All risk checks passed
2025-11-04 09:06:00+00:00,FILLED,85ab79ac-9dde-4e6c-b5f1-44e8114f2014,SELL,MARKET,15.0,629.32,15.0,629.32,
2025-11-04 09:07:00+00:00,RISK_PASS,554fa659-f544-4f06-b3fc-b29718176581,BUY,MARKET,15,628.69,0,0.0,All risk checks passed
2025-11-04 09:07:00+00:00,FILLED,554fa659-f544-4f06-b3fc-b29718176581,BUY,MARKET,15,628.69,15,628.69,
2025-11-04 09:08:00+00:00,RISK_PASS,6b581623-8de6-4559-a11c-b8b2a563abc2,SELL,MARKET,15.0,628.6,0,0.0,All risk checks passed
2025-11-04 09:08:00+00:00,FILLED,6b581623-8de6-4559-a11c-b8b2a563abc2,SELL,MARKET,15.0,628.6,15.0,628.6,
2025-11-04 09:09:00+00:00,RISK_PASS,3bf9da67-6184-4d90-a914-e825b01daf13,BUY,MARKET,15,628.61,0,0.0,All risk checks passed
2025-11-04 09:09:00+00:00,FILLED,3bf9da67-6184-4d90-a914-e825b01daf13,BUY,MARKET,15,628.61,15,628.61,
2025-11-04 09:10:00+00:00,RISK_PASS,cbf03f28-4f3b-47b1-9592-104131ff8cbf,SELL,MARKET,15.0,629.75,0,0.0,All risk checks passed
2025-11-04 09:10:00+00:00,REJECTED,cbf03f28-4f3b-47b1-9592-104131ff8cbf,SELL,MARKET,15.0,629.75,0,0.0,Random engine rejection
2025-11-04 09:11:00+00:00,RISK_PASS,9994577e-0232-49c7-a983-e01b6f1beef2,SELL,MARKET,15.0,630.43,0,0.0,All risk checks passed
2025-11-04 09:11:00+00:00,FILLED,9994577e-0232-49c7-a983-e01b6f1beef2,SELL,MARKET,15.0,630.43,15.0,630.43,
2025-11-04 09:12:00+00:00,RISK_PASS,05f477d1-c9ee-48c4-a05c-08d86fe4e7f8,BUY,MARKET,15,630.84,0,0.0,All risk checks passed
2025-11-04 09:12:00+00:00,FILLED,05f477d1-c9ee-48c4-a05c-08d86fe4e7f8,BUY,MARKET,15,630.84,2,630.84,
2025-11-04 09:13:00+00:00,RISK_PASS,d8e784bb-d707-4a6c-8a63-10c1d8458073,BUY,MARKET,13,630.5,0,0.0,All risk checks passed
2025-11-04 09:13:00+00:00,RISK_PASS,0c40242d-4f76-452a-8ddb-b09c647540e0,SELL,MARKET,2.0,630.5,0,0.0,All risk checks passed
2025-11-04 09:13:00+00:00,FILLED,d8e784bb-d707-4a6c-8a63-10c1d8458073,BUY,MARKET,13,630.5,13,630.5,
2025-11-04 09:13:00+00:00,FILLED,0c40242d-4f76-452a-8ddb-b09c647540e0,SELL,MARKET,2.0,630.5,2.0,630.5,
2025-11-04 09:14:00+00:00,RISK_PASS,ea9f5f5d-f84f-498a-9c70-6504bdb834df,SELL,MARKET,13.0,629.97,0,0.0,All risk checks passed
2025-11-04 09:14:00+00:00,FILLED,ea9f5f5d-f84f-498a-9c70-6504bdb834df,SELL,MARKET,13.0,629.97,13.0,629.97,
2025-11-04 09:26:00+00:00,RISK_PASS,fabe7306-cee9-4309-977f-27741f6532d9,BUY,MARKET,15,628.65,0,0.0,All risk checks passed
2025-11-04 09:26:00+00:00,FILLED,fabe7306-cee9-4309-977f-27741f6532d9,BUY,MARKET,15,628.65,15,628.65,
2025-11-04 09:27:00+00:00,RISK_PASS,48a42500-cbdd-4291-9dcb-13d498bf0ba5,SELL,MARKET,15.0,629.11,0,0.0,All risk checks passed
2025-11-04 09:27:00+00:00,FILLED,48a42500-cbdd-4291-9dcb-13d498bf0ba5,SELL,MARKET,15.0,629.11,15.0,629.11,
2025-11-04 09:34:00+00:00,RISK_PASS,e6f56482-e248-45ff-9962-a22995b21728,BUY,MARKET,15,628.64,0,0.0,All risk checks passed
2025-11-04 09:34:00+00:00,FILLED,e6f56482-e248-45ff-9962-a22995b21728,BUY,MARKET,15,628.64,15,628.64,
2025-11-04 09:35:00+00:00,RISK_PASS,a011ba0d-36b9-4cd8-ae3e-6e390d2e186b,SELL,MARKET,15.0,628.58,0,0.0,All risk checks passed
2025-11-04 09:35:00+00:00,FILLED,a011ba0d-36b9-4cd8-ae3e-6e390d2e186b,SELL,MARKET,15.0,628.58,15.0,628.58,
2025-11-04 09:36:00+00:00,RISK_PASS,06ca38b3-ff6d-43de-be4f-1f1a24561310,BUY,MARKET,15,627.99,0,0.0,All risk checks passed
2025-11-04 09:36:00+00:00,FILLED,06ca38b3-ff6d-43de-be4f-1f1a24561310,BUY,MARKET,15,627.99,13,627.99,
2025-11-04 09:37:00+00:00,RISK_PASS,c921bcdd-2ab2-4964-97ae-688fc1c261e9,SELL,MARKET,13.0,627.82,0,0.0,All risk checks passed
2025-11-04 09:37:00+00:00,REJECTED,c921bcdd-2ab2-4964-97ae-688fc1c261e9,SELL,MARKET,13.0,627.82,0,0.0,Random engine rejection
2025-11-04 09:38:00+00:00,RISK_PASS,2f1407f0-5c84-4f5a-ae1b-41d3a6090703,SELL,MARKET,13.0,628.5,0,0.0,All risk checks passed
2025-11-04 09:38:00+00:00,FILLED,2f1407f0-5c84-4f5a-ae1b-41d3a6090703,SELL,MARKET,13.0,628.5,3,628.5,
2025-11-04 09:39:00+00:00,RISK_PASS,0f1f9fb8-b1ba-4fd0-a0d7-8ae59424ecd2,SELL,MARKET,10.0,628.5,0,0.0,All risk checks passed
2025-11-04 09:39:00+00:00,FILLED,0f1f9fb8-b1ba-4fd0-a0d7-8ae59424ecd2,SELL,MARKET,10.0,628.5,10.0,628.5,
2025-11-04 09:54:00+00:00,RISK_PASS,f9f2fa29-d8fe-4be9-b675-63003799c832,BUY,MARKET,15,626.84,0,0.0,All risk checks passed
2025-11-04 09:54:00+00:00,FILLED,f9f2fa29-d8fe-4be9-b675-63003799c832,BUY,MARKET,15,626.84,15,626.84,
2025-11-04 09:55:00+00:00,RISK_PASS,e3c4cac5-cf27-4a6b-8798-384e895092ca,SELL,MARKET,15.0,626.69,0,0.0,All risk checks passed
2025-11-04 09:55:00+00:00,FILLED,e3c4cac5-cf27-4a6b-8798-384e895092ca,SELL,MARKET,15.0,626.69,15.0,626.69,
2025-11-04 09:56:00+00:00,RISK_PASS,aa5c5a86-6687-496b-a057-fc6a51a1e842,BUY,MARKET,15,626.6,0,0.0,All risk checks passed
2025-11-04 09:56:00+00:00,FILLED,aa5c5a86-6687-496b-a057-fc6a51a1e842,BUY,MARKET,15,626.6,15,626.6,
2025-11-04 09:57:00+00:00,RISK_PASS,1c64e122-8f5b-435e-afeb-3c43b19ab998,SELL,MARKET,15.0,626.84,0,0.0,All risk checks passed
2025-11-04 09:57:00+00:00,FILLED,1c64e122-8f5b-435e-afeb-3c43b19ab998,SELL,MARKET,15.0,626.84,15.0,626.84,
2025-11-04 10:01:00+00:00,RISK_PASS,c4419665-af11-40cd-a2ec-e5b526f5de9f,BUY,MARKET,15,625.55,0,0.0,All risk checks passed
2025-11-04 10:01:00+00:00,FILLED,c4419665-af11-40cd-a2ec-e5b526f5de9f,BUY,MARKET,15,625.55,15,625.55,
2025-11-04 10:02:00+00:00,RISK_PASS,85bd56e1-caa9-430a-89f7-7f2ff8acee08,SELL,MARKET,15.0,626.3,0,0.0,All risk checks passed
2025-11-04 10:02:00+00:00,FILLED,85bd56e1-caa9-430a-89f7-7f2ff8acee08,SELL,MARKET,15.0,626.3,15.0,626.3,
2025-11-04 10:04:00+00:00,RISK_PASS,24cf9837-a960-48d0-a90e-cc05af3b9985,BUY,MARKET,15,625.99,0,0.0,All risk checks passed
2025-11-04 10:04:00+00:00,FILLED,24cf9837-a960-48d0-a90e-cc05af3b9985,BUY,MARKET,15,625.99,15,625.99,
2025-11-04 10:05:00+00:00,RISK_PASS,f572a39f-145e-475c-88ec-21cdae63a848,SELL,MARKET,15.0,626.5,0,0.0,All risk checks passed
2025-11-04 10:05:00+00:00,FILLED,f572a39f-145e-475c-88ec-21cdae63a848,SELL,MARKET,15.0,626.5,15.0,626.5,
2025-11-04 10:22:00+00:00,RISK_PASS,8d972aec-b201-4b35-9a60-73c422a1a34b,BUY,MARKET,12,628.25,0,0.0,All risk checks passed
2025-11-04 10:22:00+00:00,FILLED,8d972aec-b201-4b35-9a60-73c422a1a34b,BUY,MARKET,12,628.25,12,628.25,
2025-11-04 10:28:00+00:00,RISK_PASS,448ed824-79ac-4f5a-8249-6039bda068a7,SELL,MARKET,12.0,628.52,0,0.0,All risk checks passed
2025-11-04 10:28:00+00:00,FILLED,448ed824-79ac-4f5a-8249-6039bda068a7,SELL,MARKET,12.0,628.52,12.0,628.52,
2025-11-04 10:29:00+00:00,RISK_PASS,fc57e9c8-4aad-45c9-a916-c12954e8fc59,BUY,MARKET,12,628.42,0,0.0,All risk checks passed
2025-11-04 10:29:00+00:00,FILLED,fc57e9c8-4aad-45c9-a916-c12954e8fc59,BUY,MARKET,12,628.42,5,628.42,
2025-11-04 10:30:00+00:00,RISK_PASS,e2dbc68a-05c3-4494-a471-963f40c2904e,BUY,MARKET,7,628.5,0,0.0,All risk checks passed
2025-11-04 10:30:00+00:00,RISK_PASS,bf2ccdd3-a28a-4ca9-8061-9ff8374b4bd1,SELL,MARKET,5.0,628.5,0,0.0,All risk checks passed
2025-11-04 10:30:00+00:00,FILLED,e2dbc68a-05c3-4494-a471-963f40c2904e,BUY,MARKET,7,628.5,7,628.5,
2025-11-04 10:30:00+00:00,FILLED,bf2ccdd3-a28a-4ca9-8061-9ff8374b4bd1,SELL,MARKET,5.0,628.5,5.0,628.5,
2025-11-04 10:31:00+00:00,RISK_PASS,89c102fc-c48c-4ed9-b59f-2846862bcf9a,BUY,MARKET,5,628.73,0,0.0,All risk checks passed
2025-11-04 10:31:00+00:00,RISK_PASS,85089e91-4c1a-48c5-9b68-96eb5ca9ef4e,SELL,MARKET,7.0,628.73,0,0.0,All risk checks passed
2025-11-04 10:31:00+00:00,FILLED,89c102fc-c48c-4ed9-b59f-2846862bcf9a,BUY,MARKET,5,628.73,5,628.73,
2025-11-04 10:31:00+00:00,FILLED,85089e91-4c1a-48c5-9b68-96eb5ca9ef4e,SELL,MARKET,7.0,628.73,7.0,628.73,
2025-11-04 10:32:00+00:00,RISK_PASS,e683c4bf-f80d-45cc-a1b5-ad1a786e3f6b,BUY,MARKET,7,629.0,0,0.0,All risk checks passed
2025-11-04 10:32:00+00:00,FILLED,e683c4bf-f80d-45cc-a1b5-ad1a786e3f6b,BUY,MARKET,7,629.0,7,629.0,
2025-11-04 10:35:00+00:00,RISK_PASS,e866684e-4c25-4cdc-a513-015e36ee5cd4,SELL,MARKET,12.0,629.48,0,0.0,All risk checks passed
2025-11-04 10:35:00+00:00,FILLED,e866684e-4c25-4cdc-a513-015e36ee5cd4,SELL,MARKET,12.0,629.48,12.0,629.48,
2025-11-04 10:36:00+00:00,RISK_PASS,036bed92-ef98-4cee-a3e2-1a628cdc7f36,BUY,MARKET,12,628.9,0,0.0,All risk checks passed
2025-11-04 10:36:00+00:00,FILLED,036bed92-ef98-4cee-a3e2-1a628cdc7f36,BUY,MARKET,12,628.9,12,628.9,
2025-11-04 10:40:00+00:00,RISK_PASS,bc59dbb5-1916-4b0d-82a0-a443b6462d6d,SELL,MARKET,12.0,629.98,0,0.0,All risk checks passed
2025-11-04 10:40:00+00:00,FILLED,bc59dbb5-1916-4b0d-82a0-a443b6462d6d,SELL,MARKET,12.0,629.98,12.0,629.98,
2025-11-04 10:41:00+00:00,RISK_PASS,712944ff-7c70-4bc4-bf31-2f917ca84d28,BUY,MARKET,12,630.0,0,0.0,All risk checks passed
2025-11-04 10:41:00+00:00,REJECTED,712944ff-7c70-4bc4-bf31-2f917ca84d28,BUY,MARKET,12,630.0,0,0.0,Random engine rejection
2025-11-04 10:42:00+00:00,RISK_PASS,3f3c4fe8-0ea8-4d65-8a84-59f5fe0c75b6,BUY,MARKET,12,629.94,0,0.0,All risk checks passed
2025-11-04 10:42:00+00:00,FILLED,3f3c4fe8-0ea8-4d65-8a84-59f5fe0c75b6,BUY,MARKET,12,629.94,12,629.94,
2025-11-04 10:43:00+00:00,RISK_PASS,c2799170-7ee0-492c-8ae0-3a5860041715,SELL,MARKET,12.0,630.01,0,0.0,All risk checks passed
2025-11-04 10:43:00+00:00,FILLED,c2799170-7ee0-492c-8ae0-3a5860041715,SELL,MARKET,12.0,630.01,12.0,630.01,
2025-11-04 10:44:00+00:00,RISK_PASS,571665f7-fee1-401c-ab8d-9dbd8e3eb165,BUY,MARKET,12,630.26,0,0.0,All risk checks passed
2025-11-04 10:44:00+00:00,FILLED,571665f7-fee1-401c-ab8d-9dbd8e3eb165,BUY,MARKET,12,630.26,12,630.26,
2025-11-04 10:45:00+00:00,RISK_PASS,0523f1fd-2585-49b6-a145-5e17bf2b2fc9,SELL,MARKET,12.0,630.75,0,0.0,All risk checks passed
2025-11-04 10:45:00+00:00,FILLED,0523f1fd-2585-49b6-a145-5e17bf2b2fc9,SELL,MARKET,12.0,630.75,12.0,630.75,
2025-11-04 10:46:00+00:00,RISK_PASS,d67835ec-150d-461a-b97e-6d345cc99d33,BUY,MARKET,12,630.26,0,0.0,All risk checks passed
2025-11-04 10:46:00+00:00,FILLED,d67835ec-150d-461a-b97e-6d345cc99d33,BUY,MARKET,12,630.26,12,630.26,
2025-11-04 10:50:00+00:00,RISK_PASS,294a859b-0b1d-480a-9d12-1637add70b58,SELL,MARKET,12.0,630.5,0,0.0,All risk checks passed
2025-11-04 10:50:00+00:00,FILLED,294a859b-0b1d-480a-9d12-1637add70b58,SELL,MARKET,12.0,630.5,12.0,630.5,
2025-11-04 10:51:00+00:00,RISK_PASS,764bd6a8-c9d9-43d3-aadb-a5cf8b6098ce,BUY,MARKET,12,629.91,0,0.0,All risk checks passed
2025-11-04 10:51:00+00:00,FILLED,764bd6a8-c9d9-43d3-aadb-a5cf8b6098ce,BUY,MARKET,12,629.91,12,629.91,
2025-11-04 11:18:00+00:00,RISK_PASS,66e7ba14-c90c-474c-a555-2a2bcff6d7f4,SELL,MARKET,12.0,631.19,0,0.0,All risk checks passed
2025-11-04 11:18:00+00:00,FILLED,66e7ba14-c90c-474c-a555-2a2bcff6d7f4,SELL,MARKET,12.0,631.19,12.0,631.19,
2025-11-04 11:19:00+00:00,RISK_PASS,1e95eb73-eb61-4b48-96b8-a9e30ddea715,BUY,MARKET,12,630.75,0,0.0,All risk checks passed
2025-11-04 11:19:00+00:00,FILLED,1e95eb73-eb61-4b48-96b8-a9e30ddea715,BUY,MARKET,12,630.75,12,630.75,
2025-11-04 11:40:00+00:00,RISK_PASS,e59b6cc9-3a41-451e-96dc-64fead553b67,SELL,MARKET,12.0,632.0,0,0.0,All risk checks passed
2025-11-04 11:40:00+00:00,FILLED,e59b6cc9-3a41-451e-96dc-64fead553b67,SELL,MARKET,12.0,632.0,12.0,632.0,
2025-11-04 11:41:00+00:00,RISK_PASS,e916c12b-faf3-4e0f-8abd-5b8a15d5cc49,BUY,MARKET,12,631.87,0,0.0,All risk checks passed
2025-11-04 11:41:00+00:00,FILLED,e916c12b-faf3-4e0f-8abd-5b8a15d5cc49,BUY,MARKET,12,631.87,12,631.87,
2025-11-04 12:03:00+00:00,RISK_PASS,3ad4797e-f040-48ce-b77f-f9a8bc37b20b,SELL,MARKET,12.0,630.8,0,0.0,All risk checks passed
2025-11-04 12:03:00+00:00,FILLED,3ad4797e-f040-48ce-b77f-f9a8bc37b20b,SELL,MARKET,12.0,630.8,12.0,630.8,
2025-11-04 12:18:00+00:00,RISK_PASS,f24d85ce-5b1d-47fe-8389-1a12bef0d7bb,BUY,MARKET,12,632.4,0,0.0,All risk checks passed
2025-11-04 12:18:00+00:00,FILLED,f24d85ce-5b1d-47fe-8389-1a12bef0d7bb,BUY,MARKET,12,632.4,12,632.4,
2025-11-04 12:19:00+00:00,RISK_PASS,dca87ae0-0a7e-4e05-98d5-49cade6f170e,SELL,MARKET,12.0,632.76,0,0.0,All risk checks passed
2025-11-04 12:19:00+00:00,FILLED,dca87ae0-0a7e-4e05-98d5-49cade6f170e,SELL,MARKET,12.0,632.76,6,632.76,
2025-11-04 12:20:00+00:00,RISK_PASS,cb437433-adbe-4e3d-ba51-d42d38582a87,BUY,MARKET,6,632.57,0,0.0,All risk checks passed
2025-11-04 12:20:00+00:00,FILLED,cb437433-adbe-4e3d-ba51-d42d38582a87,BUY,MARKET,6,632.57,6,632.57,
2025-11-04 12:41:00+00:00,RISK_PASS,be511a0e-d248-458e-9c10-2055dce1906d,BUY,MARKET,7,630.99,0,0.0,All risk checks passed
2025-11-04 12:41:00+00:00,FILLED,be511a0e-d248-458e-9c10-2055dce1906d,BUY,MARKET,7,630.99,7,630.99,
2025-11-04 12:45:00+00:00,RISK_PASS,8ad59343-ff62-4a14-9fe6-8227a256d88e,SELL,MARKET,19.0,631.27,0,0.0,All risk checks passed
2025-11-04 12:45:00+00:00,FILLED,8ad59343-ff62-4a14-9fe6-8227a256d88e,SELL,MARKET,19.0,631.27,19.0,631.27,
2025-11-04 12:53:00+00:00,RISK_PASS,c5749a9c-91d2-4b03-a79c-74a223be56cb,BUY,MARKET,12,631.9,0,0.0,All risk checks passed
2025-11-04 12:53:00+00:00,FILLED,c5749a9c-91d2-4b03-a79c-74a223be56cb,BUY,MARKET,12,631.9,12,631.9,
2025-11-04 13:01:00+00:00,RISK_PASS,d8559a2e-2ed0-4de7-9596-ec0515dc95ec,BUY,MARKET,3,628.89,0,0.0,All risk checks passed
2025-11-04 13:01:00+00:00,RISK_PASS,7b16bca6-8295-4a21-b202-6f40f535a1e0,SELL,MARKET,12.0,628.89,0,0.0,All risk checks passed
2025-11-04 13:01:00+00:00,FILLED,d8559a2e-2ed0-4de7-9596-ec0515dc95ec,BUY,MARKET,3,628.89,3,628.89,
2025-11-04 13:01:00+00:00,FILLED,7b16bca6-8295-4a21-b202-6f40f535a1e0,SELL,MARKET,12.0,628.89,12.0,628.89,
2025-11-04 13:02:00+00:00,RISK_PASS,cff13d75-33a2-4855-ac61-acaf3a447697,BUY,MARKET,12,628.54,0,0.0,All risk checks passed
2025-11-04 13:02:00+00:00,RISK_PASS,e7c272a3-1a71-46fc-80fa-1ae9a8a9c08c,SELL,MARKET,3.0,628.54,0,0.0,All risk checks passed
2025-11-04 13:02:00+00:00,FILLED,cff13d75-33a2-4855-ac61-acaf3a447697,BUY,MARKET,12,628.54,2,628.54,
2025-11-04 13:02:00+00:00,FILLED,e7c272a3-1a71-46fc-80fa-1ae9a8a9c08c,SELL,MARKET,3.0,628.54,3.0,628.54,
2025-11-04 13:03:00+00:00,RISK_PASS,fe3d3a44-2da9-482c-9627-4c94f81781e1,SELL,MARKET,2.0,632.23,0,0.0,All risk checks passed
2025-11-04 13:03:00+00:00,FILLED,fe3d3a44-2da9-482c-9627-4c94f81781e1,SELL,MARKET,2.0,632.23,2.0,632.23,
2025-11-04 13:12:00+00:00,RISK_PASS,b5722c6a-16f5-478c-9e28-2dfba23f2223,BUY,MARKET,12,631.74,0,0.0,All risk checks passed
2025-11-04 13:12:00+00:00,FILLED,b5722c6a-16f5-478c-9e28-2dfba23f2223,BUY,MARKET,12,631.74,12,631.74,
2025-11-04 13:17:00+00:00,RISK_PASS,fefad5f9-a82c-4a6f-b1dd-5b1bcca13cf3,SELL,MARKET,12.0,630.95,0,0.0,All risk checks passed
2025-11-04 13:17:00+00:00,FILLED,fefad5f9-a82c-4a6f-b1dd-5b1bcca13cf3,SELL,MARKET,12.0,630.95,12.0,630.95,
2025-11-04 13:25:00+00:00,RISK_PASS,88a77f7c-0cc4-45b8-a604-ac371fb5f875,BUY,MARKET,15,630.3028,0,0.0,All risk checks passed
2025-11-04 13:25:00+00:00,FILLED,88a77f7c-0cc4-45b8-a604-ac371fb5f875,BUY,MARKET,15,630.3028,15,630.3028,
2025-11-04 13:26:00+00:00,RISK_PASS,f04a3169-091e-41fa-827b-0e5bbc167bed,SELL,MARKET,15.0,630.79,0,0.0,All risk checks passed
2025-11-04 13:26:00+00:00,FILLED,f04a3169-091e-41fa-827b-0e5bbc167bed,SELL,MARKET,15.0,630.79,15.0,630.79,
2025-11-04 13:35:00+00:00,RISK_PASS,2554cdf6-d0a9-4654-abac-e3fa380f003f,BUY,MARKET,15,630.22,0,0.0,All risk checks passed
2025-11-04 13:35:00+00:00,FILLED,2554cdf6-d0a9-4654-abac-e3fa380f003f,BUY,MARKET,15,630.22,15,630.22,
2025-11-04 13:36:00+00:00,RISK_PASS,a57e8ed8-9e4d-42e1-ab22-1380d521faa7,SELL,MARKET,15.0,630.25,0,0.0,All risk checks passed
2025-11-04 13:36:00+00:00,FILLED,a57e8ed8-9e4d-42e1-ab22-1380d521faa7,SELL,MARKET,15.0,630.25,15.0,630.25,
2025-11-04 13:37:00+00:00,RISK_PASS,a1460944-78c0-4133-bd24-7b8643349b00,BUY,MARKET,15,630.0022,0,0.0,All risk checks passed
2025-11-04 13:37:00+00:00,FILLED,a1460944-78c0-4133-bd24-7b8643349b00,BUY,MARKET,15,630.0022,4,630.0022,
2025-11-04 13:38:00+00:00,RISK_PASS,bc2ee83f-3cc6-42e1-94d1-3a7f6aadb2be,SELL,MARKET,4.0,629.7,0,0.0,All risk checks passed
2025-11-04 13:38:00+00:00,FILLED,bc2ee83f-3cc6-42e1-94d1-3a7f6aadb2be,SELL,MARKET,4.0,629.7,4.0,629.7,
2025-11-04 13:59:00+00:00,RISK_PASS,64c8c9f6-906f-405c-837b-b4c9b3d8069a,BUY,MARKET,12,630.5,0,0.0,All risk checks passed
2025-11-04 13:59:00+00:00,FILLED,64c8c9f6-906f-405c-837b-b4c9b3d8069a,BUY,MARKET,12,630.5,9,630.5,
2025-11-04 14:00:00+00:00,RISK_PASS,140bf78a-95fd-4f26-85e3-cc490bf241af,BUY,MARKET,3,630.5005,0,0.0,All risk checks passed
2025-11-04 14:00:00+00:00,FILLED,140bf78a-95fd-4f26-85e3-cc490bf241af,BUY,MARKET,3,630.5005,3,630.5005,
2025-11-04 14:05:00+00:00,RISK_PASS,b72cb717-1614-491c-9161-5c17459ab283,SELL,MARKET,12.0,629.85,0,0.0,All risk checks passed
2025-11-04 14:05:00+00:00,FILLED,b72cb717-1614-491c-9161-5c17459ab283,SELL,MARKET,12.0,629.85,12.0,629.85,
2025-11-04 14:08:00+00:00,RISK_PASS,9edecef4-7a4f-4336-9ad0-1d0d1341dc28,BUY,MARKET,15,629.8688,0,0.0,All risk checks passed
2025-11-04 14:08:00+00:00,FILLED,9edecef4-7a4f-4336-9ad0-1d0d1341dc28,BUY,MARKET,15,629.8688,15,629.8688,
2025-11-04 14:09:00+00:00,RISK_PASS,f62441c3-4615-4211-b11b-57fca6a542aa,SELL,MARKET,15.0,629.76,0,0.0,All risk checks passed
2025-11-04 14:09:00+00:00,FILLED,f62441c3-4615-4211-b11b-57fca6a542aa,SELL,MARKET,15.0,629.76,15.0,629.76,
2025-11-04 14:10:00+00:00,RISK_PASS,6c19a46d-c973-4310-ad6c-43e780dcdb64,BUY,MARKET,15,629.6,0,0.0,All risk checks passed
2025-11-04 14:10:00+00:00,FILLED,6c19a46d-c973-4310-ad6c-43e780dcdb64,BUY,MARKET,15,629.6,15,629.6,
2025-11-04 14:11:00+00:00,RISK_PASS,39bc62e5-12c4-4dc5-9fee-51839daa8447,SELL,MARKET,15.0,630.39,0,0.0,All risk checks passed
2025-11-04 14:11:00+00:00,FILLED,39bc62e5-12c4-4dc5-9fee-51839daa8447,SELL,MARKET,15.0,630.39,15.0,630.39,
2025-11-04 14:29:00+00:00,RISK_PASS,44ccc5f8-22d6-46eb-8349-aa948100cb68,BUY,MARKET,15,628.06,0,0.0,All risk checks passed
2025-11-04 14:29:00+00:00,FILLED,44ccc5f8-22d6-46eb-8349-aa948100cb68,BUY,MARKET,15,628.06,15,628.06,
2025-11-04 14:30:00+00:00,RISK_PASS,a4f1a116-5382-4ec9-8362-ecd881c1aba4,SELL,MARKET,15.0,629.5,0,0.0,All risk checks passed
2025-11-04 14:30:00+00:00,FILLED,a4f1a116-5382-4ec9-8362-ecd881c1aba4,SELL,MARKET,15.0,629.5,15.0,629.5,
2025-11-04 14:33:00+00:00,RISK_PASS,8022579b-1f9e-477e-8faf-92ad2ce1a862,BUY,MARKET,12,635.5853,0,0.0,All risk checks passed
2025-11-04 14:33:00+00:00,FILLED,8022579b-1f9e-477e-8faf-92ad2ce1a862,BUY,MARKET,12,635.5853,12,635.5853,
2025-11-04 14:34:00+00:00,RISK_PASS,527264d9-c5e3-4201-8084-b250ef22e945,SELL,MARKET,12.0,635.4722,0,0.0,All risk checks passed
2025-11-04 14:34:00+00:00,FILLED,527264d9-c5e3-4201-8084-b250ef22e945,SELL,MARKET,12.0,635.4722,12.0,635.4722,
2025-11-04 14:35:00+00:00,RISK_PASS,17f4e7ae-4b97-4a64-96cc-2ae9b9ca83b8,BUY,MARKET,12,633.68,0,0.0,All risk checks passed
2025-11-04 14:35:00+00:00,FILLED,17f4e7ae-4b97-4a64-96cc-2ae9b9ca83b8,BUY,MARKET,12,633.68,12,633.68,
2025-11-04 14:52:00+00:00,RISK_PASS,16553920-bcaf-40ad-9465-5aeb995bb125,BUY,MARKET,6,637.13,0,0.0,All risk checks passed
2025-11-04 14:52:00+00:00,FILLED,16553920-bcaf-40ad-9465-5aeb995bb125,BUY,MARKET,6,637.13,5,637.13,
2025-11-04 14:53:00+00:00,RISK_PASS,29be0461-ead2-4dd9-a6c1-75a19bd2e331,BUY,MARKET,1,638.6,0,0.0,All risk checks passed
2025-11-04 14:53:00+00:00,RISK_PASS,d25096bf-0771-4e75-9f1f-cc81b40f984c,SELL,MARKET,17.0,638.6,0,0.0,All risk checks passed
2025-11-04 14:53:00+00:00,FILLED,29be0461-ead2-4dd9-a6c1-75a19bd2e331,BUY,MARKET,1,638.6,1,638.6,
2025-11-04 14:53:00+00:00,FILLED,d25096bf-0771-4e75-9f1f-cc81b40f984c,SELL,MARKET,17.0,638.6,17.0,638.6,
2025-11-04 14:54:00+00:00,RISK_PASS,926f380b-2418-47d8-935a-805f9e7f6e25,BUY,MARKET,17,638.05,0,0.0,All risk checks passed
2025-11-04 14:54:00+00:00,RISK_PASS,de6cefae-efdf-46b7-9da5-30560d8b9081,SELL,MARKET,1.0,638.05,0,0.0,All risk checks passed
2025-11-04 14:54:00+00:00,FILLED,926f380b-2418-47d8-935a-805f9e7f6e25,BUY,MARKET,17,638.05,17,638.05,
2025-11-04 14:54:00+00:00,FILLED,de6cefae-efdf-46b7-9da5-30560d8b9081,SELL,MARKET,1.0,638.05,1.0,638.05,
2025-11-04 14:55:00+00:00,RISK_PASS,9edeb093-9d5a-483c-894c-dfe3542d5272,BUY,MARKET,1,639.3929,0,0.0,All risk checks passed
2025-11-04 14:55:00+00:00,RISK_PASS,448a0028-1156-47d3-894d-855a35026e77,SELL,MARKET,17.0,639.3929,0,0.0,All risk checks passed
2025-11-04 14:55:00+00:00,FILLED,9edeb093-9d5a-483c-894c-dfe3542d5272,BUY,MARKET,1,639.3929,1,639.3929,
2025-11-04 14:55:00+00:00,FILLED,448a0028-1156-47d3-894d-855a35026e77,SELL,MARKET,17.0,639.3929,17.0,639.3929,
2025-11-04 14:56:00+00:00,RISK_PASS,4604a0f6-3e0f-4976-898a-aa0c3a4dc59b,BUY,MARKET,17,640.865,0,0.0,All risk checks passed
2025-11-04 14:56:00+00:00,RISK_PASS,118ceedc-36a1-4772-be59-767833123f51,SELL,MARKET,1.0,640.865,0,0.0,All risk checks passed
2025-11-04 14:56:00+00:00,FILLED,4604a0f6-3e0f-4976-898a-aa0c3a4dc59b,BUY,MARKET,17,640.865,17,640.865,
2025-11-04 14:56:00+00:00,REJECTED,118ceedc-36a1-4772-be59-767833123f51,SELL,MARKET,1.0,640.865,0,0.0,Random engine rejection
2025-11-04 14:57:00+00:00,RISK_PASS,63e12720-2c13-41e3-9e30-ec240425af22,SELL,MARKET,18.0,640.77,0,0.0,All risk checks passed
2025-11-04 14:57:00+00:00,FILLED,63e12720-2c13-41e3-9e30-ec240425af22,SELL,MARKET,18.0,640.77,18.0,640.77,
2025-11-04 14:58:00+00:00,RISK_PASS,0d7134de-393c-4dc2-bf1d-84a9b876e77e,BUY,MARKET,18,639.925,0,0.0,All risk checks passed
2025-11-04 14:58:00+00:00,FILLED,0d7134de-393c-4dc2-bf1d-84a9b876e77e,BUY,MARKET,18,639.925,18,639.925,
2025-11-04 14:59:00+00:00,RISK_PASS,5193f337-07a1-4336-8ea7-1d7aef373d3d,SELL,MARKET,18.0,638.6945,0,0.0,All risk checks passed
2025-11-04 14:59:00+00:00,FILLED,5193f337-07a1-4336-8ea7-1d7aef373d3d,SELL,MARKET,18.0,638.6945,18.0,638.6945,
2025-11-04 15:00:00+00:00,RISK_PASS,7d919dc9-13c6-44d0-9c70-cfa92a0a62a4,BUY,MARKET,18,637.628,0,0.0,All risk checks passed
2025-11-04 15:00:00+00:00,REJECTED,7d919dc9-13c6-44d0-9c70-cfa92a0a62a4,BUY,MARKET,18,637.628,0,0.0,Random engine rejection
2025-11-04 15:01:00+00:00,RISK_PASS,2297cf2f-6fb0-48d9-ab94-75238df3202a,BUY,MARKET,18,637.495,0,0.0,All risk checks passed
2025-11-04 15:01:00+00:00,FILLED,2297cf2f-6fb0-48d9-ab94-75238df3202a,BUY,MARKET,18,637.495,18,637.495,
2025-11-04 15:02:00+00:00,RISK_PASS,ef33f7d2-5ac0-412a-82ac-8b2df081ff63,SELL,MARKET,18.0,639.27,0,0.0,All risk checks passed
2025-11-04 15:02:00+00:00,FILLED,ef33f7d2-5ac0-412a-82ac-8b2df081ff63,SELL,MARKET,18.0,639.27,18.0,639.27,
2025-11-04 15:03:00+00:00,RISK_PASS,00d2c526-ff73-451a-bd8a-008dc8e2d80f,BUY,MARKET,18,640.815,0,0.0,All risk checks passed
2025-11-04 15:03:00+00:00,FILLED,00d2c526-ff73-451a-bd8a-008dc8e2d80f,BUY,MARKET,18,640.815,18,640.815,
2025-11-04 15:04:00+00:00,RISK_PASS,0941a70b-9618-46ef-a5ba-447df0f75794,SELL,MARKET,18.0,640.745,0,0.0,All risk checks passed
2025-11-04 15:04:00+00:00,FILLED,0941a70b-9618-46ef-a5ba-447df0f75794,SELL,MARKET,18.0,640.745,18.0,640.745,
2025-11-04 15:05:00+00:00,RISK_PASS,0ce3dd22-6c14-4a4b-a25e-31981b2b5a4e,BUY,MARKET,18,640.0525,0,0.0,All risk checks passed
2025-11-04 15:05:00+00:00,FILLED,0ce3dd22-6c14-4a4b-a25e-31981b2b5a4e,BUY,MARKET,18,640.0525,14,640.0525,
2025-11-04 15:06:00+00:00,RISK_PASS,64bd2f7b-32bc-41be-86bd-baa3379c250d,BUY,MARKET,4,639.46,0,0.0,All risk checks passed
2025-11-04 15:06:00+00:00,FILLED,64bd2f7b-32bc-41be-86bd-baa3379c250d,BUY,MARKET,4,639.46,2,639.46,
2025-11-04 15:07:00+00:00,RISK_PASS,44d67243-83b5-46f9-a010-30b3d91b872d,BUY,MARKET,2,639.45,0,0.0,All risk checks passed
2025-11-04 15:07:00+00:00,FILLED,44d67243-83b5-46f9-a010-30b3d91b872d,BUY,MARKET,2,639.45,2,639.45,
2025-11-04 15:20:00+00:00,RISK_PASS,1c1a708a-1d0b-4ecc-8965-6326f7f4c8cd,BUY,MARKET,7,636.2,0,0.0,All risk checks passed
2025-11-04 15:20:00+00:00,FILLED,1c1a708a-1d0b-4ecc-8965-6326f7f4c8cd,BUY,MARKET,7,636.2,7,636.2,
2025-11-04 15:23:00+00:00,RISK_PASS,c189b363-897a-4748-959d-de5c68453145,SELL,MARKET,25.0,635.355,0,0.0,All risk checks passed
2025-11-04 15:23:00+00:00,FILLED,c189b363-897a-4748-959d-de5c68453145,SELL,MARKET,25.0,635.355,25.0,635.355,
2025-11-04 15:24:00+00:00,RISK_PASS,54e9444b-0ad7-4a97-a2d1-dea53a25083a,BUY,MARKET,15,635.5,0,0.0,All risk checks passed
2025-11-04 15:24:00+00:00,FILLED,54e9444b-0ad7-4a97-a2d1-dea53a25083a,BUY,MARKET,15,635.5,15,635.5,
2025-11-04 15:25:00+00:00,RISK_PASS,370c96de-4447-4a84-8990-7cd339de4068,BUY,MARKET,6,636.6,0,0.0,All risk checks passed
2025-11-04 15:25:00+00:00,RISK_PASS,8b388527-02e6-4189-826b-d0572d4b6833,SELL,MARKET,15.0,636.6,0,0.0,All risk checks passed
2025-11-04 15:25:00+00:00,FILLED,370c96de-4447-4a84-8990-7cd339de4068,BUY,MARKET,6,636.6,6,636.6,
2025-11-04 15:25:00+00:00,FILLED,8b388527-02e6-4189-826b-d0572d4b6833,SELL,MARKET,15.0,636.6,15.0,636.6,
2025-11-04 15:26:00+00:00,RISK_PASS,aa5bea47-a011-442e-becc-789b31dca7fc,BUY,MARKET,9,636.69,0,0.0,All risk checks passed
2025-11-04 15:26:00+00:00,RISK_PASS,939c8fa0-7188-4844-ab9e-9aa93d19af04,SELL,MARKET,6.0,636.69,0,0.0,All risk checks passed
2025-11-04 15:26:00+00:00,FILLED,aa5bea47-a011-442e-becc-789b31dca7fc,BUY,MARKET,9,636.69,9,636.69,
2025-11-04 15:26:00+00:00,FILLED,939c8fa0-7188-4844-ab9e-9aa93d19af04,SELL,MARKET,6.0,636.69,6.0,636.69,
2025-11-04 15:27:00+00:00,RISK_PASS,651cbf3e-4a73-4364-bead-5c25bf7d61d2,BUY,MARKET,6,636.12,0,0.0,All risk checks passed
2025-11-04 15:27:00+00:00,RISK_PASS,9fbcb322-198c-4d54-a749-e02754c4e830,SELL,MARKET,9.0,636.12,0,0.0,All risk checks passed
2025-11-04 15:27:00+00:00,FILLED,651cbf3e-4a73-4364-bead-5c25bf7d61d2,BUY,MARKET,6,636.12,6,636.12,
2025-11-04 15:27:00+00:00,FILLED,9fbcb322-198c-4d54-a749-e02754c4e830,SELL,MARKET,9.0,636.12,9.0,636.12,
2025-11-04 15:28:00+00:00,RISK_PASS,82e0e4d4-64d6-4adc-a1a1-95f73f875385,BUY,MARKET,16,635.74,0,0.0,All risk checks passed
2025-11-04 15:28:00+00:00,RISK_PASS,9a3c9be0-6556-420d-94e7-752cb8b10a9a,SELL,MARKET,6.0,635.74,0,0.0,All risk checks passed
2025-11-04 15:28:00+00:00,FILLED,82e0e4d4-64d6-4adc-a1a1-95f73f875385,BUY,MARKET,16,635.74,9,635.74,
2025-11-04 15:28:00+00:00,FILLED,9a3c9be0-6556-420d-94e7-752cb8b10a9a,SELL,MARKET,6.0,635.74,6.0,635.74,
2025-11-04 15:29:00+00:00,RISK_PASS,a7573534-e9e8-4f33-9d7f-19c58f7f9934,BUY,MARKET,13,635.3558,0,0.0,All risk checks passed
2025-11-04 15:29:00+00:00,RISK_PASS,789047d0-513e-47e1-8055-427c7c2e0c67,SELL,MARKET,9.0,635.3558,0,0.0,All risk checks passed
2025-11-04 15:29:00+00:00,FILLED,a7573534-e9e8-4f33-9d7f-19c58f7f9934,BUY,MARKET,13,635.3558,13,635.3558,
2025-11-04 15:29:00+00:00,FILLED,789047d0-513e-47e1-8055-427c7c2e0c67,SELL,MARKET,9.0,635.3558,9.0,635.3558,
2025-11-04 15:30:00+00:00,RISK_PASS,350b3006-9f9d-477c-9c28-74353073524b,SELL,MARKET,13.0,635.5823,0,0.0,All risk checks passed
2025-11-04 15:30:00+00:00,FILLED,350b3006-9f9d-477c-9c28-74353073524b,SELL,MARKET,13.0,635.5823,13.0,635.5823,
2025-11-04 15:45:00+00:00,RISK_PASS,3d59bcf7-8a74-45d4-8f5b-e2ccbed74e8c,BUY,MARKET,12,638.0676,0,0.0,All risk checks passed
2025-11-04 15:45:00+00:00,FILLED,3d59bcf7-8a74-45d4-8f5b-e2ccbed74e8c,BUY,MARKET,12,638.0676,12,638.0676,
2025-11-04 15:53:00+00:00,RISK_PASS,a351c5dc-85a7-4a6e-a7a9-d33d96b06dbd,SELL,MARKET,12.0,636.464,0,0.0,All risk checks passed
2025-11-04 15:53:00+00:00,FILLED,a351c5dc-85a7-4a6e-a7a9-d33d96b06dbd,SELL,MARKET,12.0,636.464,12.0,636.464,
2025-11-04 15:57:00+00:00,RISK_PASS,709876f4-10ed-47e1-b610-6f59edcc6b83,BUY,MARKET,15,634.7809,0,0.0,All risk checks passed
2025-11-04 15:57:00+00:00,FILLED,709876f4-10ed-47e1-b610-6f59edcc6b83,BUY,MARKET,15,634.7809,15,634.7809,
2025-11-04 15:58:00+00:00,RISK_PASS,3a78e80c-89c5-4fd1-af6a-18118d875752,SELL,MARKET,15.0,634.42,0,0.0,All risk checks passed
2025-11-04 15:58:00+00:00,FILLED,3a78e80c-89c5-4fd1-af6a-18118d875752,SELL,MARKET,15.0,634.42,15.0,634.42,
2025-11-04 15:59:00+00:00,RISK_PASS,38d0e9d5-a835-48d4-a342-4325b2d2a144,BUY,MARKET,15,634.245,0,0.0,All risk checks passed
2025-11-04 15:59:00+00:00,FILLED,38d0e9d5-a835-48d4-a342-4325b2d2a144,BUY,MARKET,15,634.245,15,634.245,
2025-11-04 16:00:00+00:00,RISK_PASS,37d9ec85-f0d1-47f0-ac83-be4b5e0bfd7f,SELL,MARKET,15.0,634.815,0,0.0,All risk checks passed
2025-11-04 16:00:00+00:00,FILLED,37d9ec85-f0d1-47f0-ac83-be4b5e0bfd7f,SELL,MARKET,15.0,634.815,15.0,634.815,
2025-11-04 16:01:00+00:00,RISK_PASS,3ae7446b-0a78-4079-8213-dc5ab9cbd2c5,BUY,MARKET,15,633.89,0,0.0,All risk checks passed
2025-11-04 16:01:00+00:00,FILLED,3ae7446b-0a78-4079-8213-dc5ab9cbd2c5,BUY,MARKET,15,633.89,15,633.89,
2025-11-04 16:02:00+00:00,RISK_PASS,90813910-c6b2-4857-ae25-d102109a4603,SELL,MARKET,15.0,633.5817,0,0.0,All risk checks passed
2025-11-04 16:02:00+00:00,FILLED,90813910-c6b2-4857-ae25-d102109a4603,SELL,MARKET,15.0,633.5817,5,633.5817,
2025-11-04 16:03:00+00:00,RISK_PASS,cd1910d3-ba40-4681-8322-744d5838031f,BUY,MARKET,5,632.9,0,0.0,All risk checks passed
2025-11-04 16:03:00+00:00,RISK_PASS,1a2e0379-c0e6-44fb-9c22-418edaf83f99,SELL,MARKET,10.0,632.9,0,0.0,All risk checks passed
2025-11-04 16:03:00+00:00,FILLED,cd1910d3-ba40-4681-8322-744d5838031f,BUY,MARKET,5,632.9,5,632.9,
2025-11-04 16:03:00+00:00,FILLED,1a2e0379-c0e6-44fb-9c22-418edaf83f99,SELL,MARKET,10.0,632.9,10.0,632.9,
2025-11-04 16:04:00+00:00,RISK_PASS,fa1fb471-aace-4629-9f8a-1fa52e4f63d1,BUY,MARKET,10,632.7,0,0.0,All risk checks passed
2025-11-04 16:04:00+00:00,RISK_PASS,6693b65e-5eaf-4f3a-8170-e1f43545fd64,SELL,MARKET,5.0,632.7,0,0.0,All risk checks passed
2025-11-04 16:04:00+00:00,FILLED,fa1fb471-aace-4629-9f8a-1fa52e4f63d1,BUY,MARKET,10,632.7,10,632.7,
2025-11-04 16:04:00+00:00,FILLED,6693b65e-5eaf-4f3a-8170-e1f43545fd64,SELL,MARKET,5.0,632.7,5.0,632.7,
2025-11-04 16:05:00+00:00,RISK_PASS,01d72aec-0014-43ce-bac8-86c3cc79c584,BUY,MARKET,5,632.56,0,0.0,All risk checks passed
2025-11-04 16:05:00+00:00,RISK_PASS,6f550052-54a9-4367-a658-27af590ae7d6,SELL,MARKET,10.0,632.56,0,0.0,All risk checks passed
2025-11-04 16:05:00+00:00,FILLED,01d72aec-0014-43ce-bac8-86c3cc79c584,BUY,MARKET,5,632.56,5,632.56,
2025-11-04 16:05:00+00:00,FILLED,6f550052-54a9-4367-a658-27af590ae7d6,SELL,MARKET,10.0,632.56,10.0,632.56,
2025-11-04 16:06:00+00:00,RISK_PASS,9d68234a-2f3e-4345-ad30-445797fd0e3a,BUY,MARKET,10,633.3087,0,0.0,All risk checks passed
2025-11-04 16:06:00+00:00,RISK_PASS,1dd3b2dd-6f2a-4c33-a06a-b2eceb15129e,SELL,MARKET,5.0,633.3087,0,0.0,All risk checks passed
2025-11-04 16:06:00+00:00,FILLED,9d68234a-2f3e-4345-ad30-445797fd0e3a,BUY,MARKET,10,633.3087,10,633.3087,
2025-11-04 16:06:00+00:00,FILLED,1dd3b2dd-6f2a-4c33-a06a-b2eceb15129e,SELL,MARKET,5.0,633.3087,3,633.3087,
2025-11-04 16:07:00+00:00,RISK_PASS,f18979c3-0967-44c9-a0ec-d7ab916de34d,SELL,MARKET,12.0,633.7851,0,0.0,All risk checks passed
2025-11-04 16:07:00+00:00,FILLED,f18979c3-0967-44c9-a0ec-d7ab916de34d,SELL,MARKET,12.0,633.7851,12.0,633.7851,
2025-11-04 16:08:00+00:00,RISK_PASS,9561265e-da44-4d5e-a4f5-0ae65d2c5139,BUY,MARKET,15,633.47,0,0.0,All risk checks passed
2025-11-04 16:08:00+00:00,FILLED,9561265e-da44-4d5e-a4f5-0ae65d2c5139,BUY,MARKET,15,633.47,15,633.47,
2025-11-04 16:09:00+00:00,RISK_PASS,25a909f0-239d-4eaf-9f5e-5d240ea29fa1,SELL,MARKET,15.0,632.28,0,0.0,All risk checks passed
2025-11-04 16:09:00+00:00,FILLED,25a909f0-239d-4eaf-9f5e-5d240ea29fa1,SELL,MARKET,15.0,632.28,15.0,632.28,
2025-11-04 16:10:00+00:00,RISK_PASS,0a076307-32fe-404e-9bc0-4481689bd36f,BUY,MARKET,15,632.27,0,0.0,All risk checks passed
2025-11-04 16:10:00+00:00,FILLED,0a076307-32fe-404e-9bc0-4481689bd36f,BUY,MARKET,15,632.27,15,632.27,
2025-11-04 16:11:00+00:00,RISK_PASS,d8c4d322-d07f-4c48-89fa-c8d1200d1767,SELL,MARKET,15.0,632.18,0,0.0,All risk checks passed
2025-11-04 16:11:00+00:00,FILLED,d8c4d322-d07f-4c48-89fa-c8d1200d1767,SELL,MARKET,15.0,632.18,15.0,632.18,
2025-11-04 16:14:00+00:00,RISK_PASS,e70a115a-edc0-484d-b818-8e3165f5dc17,BUY,MARKET,15,631.78,0,0.0,All risk checks passed
2025-11-04 16:14:00+00:00,FILLED,e70a115a-edc0-484d-b818-8e3165f5dc17,BUY,MARKET,15,631.78,15,631.78,
2025-11-04 16:15:00+00:00,RISK_PASS,070c1a19-989c-4036-932f-9b9be344b25b,SELL,MARKET,15.0,631.7999,0,0.0,All risk checks passed
2025-11-04 16:15:00+00:00,FILLED,070c1a19-989c-4036-932f-9b9be344b25b,SELL,MARKET,15.0,631.7999,15.0,631.7999,
2025-11-04 16:16:00+00:00,RISK_PASS,9f6ad538-9883-4e52-aa9b-56cfe286ef5a,BUY,MARKET,15,631.74,0,0.0,All risk checks passed
2025-11-04 16:16:00+00:00,FILLED,9f6ad538-9883-4e52-aa9b-56cfe286ef5a,BUY,MARKET,15,631.74,15,631.74,
2025-11-04 16:17:00+00:00,RISK_PASS,ca6acf29-9155-484b-bd82-d12f7c9ed13d,SELL,MARKET,15.0,631.845,0,0.0,All risk checks passed
2025-11-04 16:17:00+00:00,FILLED,ca6acf29-9155-484b-bd82-d12f7c9ed13d,SELL,MARKET,15.0,631.845,15.0,631.845,
2025-11-04 16:19:00+00:00,RISK_PASS,28377be1-a925-4b52-8830-fc936834080e,BUY,MARKET,15,630.4,0,0.0,All risk checks passed
2025-11-04 16:19:00+00:00,FILLED,28377be1-a925-4b52-8830-fc936834080e,BUY,MARKET,15,630.4,15,630.4,
2025-11-04 16:20:00+00:00,RISK_PASS,dacbb714-d57d-4956-8c3d-4ed63642dd23,SELL,MARKET,15.0,629.468,0,0.0,All risk checks passed
2025-11-04 16:20:00+00:00,FILLED,dacbb714-d57d-4956-8c3d-4ed63642dd23,SELL,MARKET,15.0,629.468,15.0,629.468,
2025-11-04 16:21:00+00:00,RISK_PASS,82fedc3e-d3fd-47cb-909e-b193d1b2c2d4,BUY,MARKET,15,629.0735,0,0.0,All risk checks passed
2025-11-04 16:21:00+00:00,FILLED,82fedc3e-d3fd-47cb-909e-b193d1b2c2d4,BUY,MARKET,15,629.0735,15,629.0735,
2025-11-04 16:22:00+00:00,RISK_PASS,8f042f24-38e3-4ce4-ba4e-830a84bfb008,SELL,MARKET,15.0,628.62,0,0.0,All risk checks passed
2025-11-04 16:22:00+00:00,FILLED,8f042f24-38e3-4ce4-ba4e-830a84bfb008,SELL,MARKET,15.0,628.62,15.0,628.62,
2025-11-04 16:42:00+00:00,RISK_PASS,7fac0e2d-07df-4b1a-9b22-15b3059018de,BUY,MARKET,12,632.6955,0,0.0,All risk checks passed
2025-11-04 16:42:00+00:00,REJECTED,7fac0e2d-07df-4b1a-9b22-15b3059018de,BUY,MARKET,12,632.6955,0,0.0,Random engine rejection
2025-11-04 16:43:00+00:00,RISK_PASS,2657b676-f426-4bb5-9bf3-7a216181ce7b,BUY,MARKET,12,632.8001,0,0.0,All risk checks passed
2025-11-04 16:43:00+00:00,FILLED,2657b676-f426-4bb5-9bf3-7a216181ce7b,BUY,MARKET,12,632.8001,12,632.8001,
2025-11-04 16:50:00+00:00,RISK_PASS,010e54c2-f5cb-4982-966c-76ea6b8e5743,SELL,MARKET,12.0,631.24,0,0.0,All risk checks passed
2025-11-04 16:50:00+00:00,FILLED,010e54c2-f5cb-4982-966c-76ea6b8e5743,SELL,MARKET,12.0,631.24,12.0,631.24,
2025-11-04 16:51:00+00:00,RISK_PASS,e72a18a9-e12e-483c-97a8-38974b5db61f,BUY,MARKET,12,630.9486,0,0.0,All risk checks passed
2025-11-04 16:51:00+00:00,FILLED,e72a18a9-e12e-483c-97a8-38974b5db61f,BUY,MARKET,12,630.9486,12,630.9486,
2025-11-04 16:53:00+00:00,RISK_PASS,2c583de1-122b-4ef9-b0ef-caefaa28e8fc,SELL,MARKET,12.0,631.325,0,0.0,All risk checks passed
2025-11-04 16:53:00+00:00,FILLED,2c583de1-122b-4ef9-b0ef-caefaa28e8fc,SELL,MARKET,12.0,631.325,12.0,631.325,
2025-11-04 17:20:00+00:00,RISK_PASS,d313f9bf-b6cc-410f-a679-cf9401cdb3c5,BUY,MARKET,12,631.52,0,0.0,All risk checks passed
2025-11-04 17:20:00+00:00,FILLED,d313f9bf-b6cc-410f-a679-cf9401cdb3c5,BUY,MARKET,12,631.52,12,631.52,
2025-11-04 17:34:00+00:00,RISK_PASS,32f1a289-4d45-42b3-b8fe-1b4a8eb79bec,SELL,MARKET,12.0,630.0163,0,0.0,All risk checks passed
2025-11-04 17:34:00+00:00,FILLED,32f1a289-4d45-42b3-b8fe-1b4a8eb79bec,SELL,MARKET,12.0,630.0163,12.0,630.0163,
2025-11-04 17:35:00+00:00,RISK_PASS,75f2e85d-fac5-4e12-ae36-e4cdc52bfd13,BUY,MARKET,15,629.845,0,0.0,All risk checks passed
2025-11-04 17:35:00+00:00,FILLED,75f2e85d-fac5-4e12-ae36-e4cdc52bfd13,BUY,MARKET,15,629.845,15,629.845,
2025-11-04 17:36:00+00:00,RISK_PASS,b664d161-5566-434f-baf9-4e2a8b7f5bfa,SELL,MARKET,15.0,629.6,0,0.0,All risk checks passed
2025-11-04 17:36:00+00:00,FILLED,b664d161-5566-434f-baf9-4e2a8b7f5bfa,SELL,MARKET,15.0,629.6,15.0,629.6,
2025-11-04 17:37:00+00:00,RISK_PASS,6e187ba8-d2f8-42d9-a89f-6575230aef07,BUY,MARKET,15,629.725,0,0.0,All risk checks passed
2025-11-04 17:37:00+00:00,FILLED,6e187ba8-d2f8-42d9-a89f-6575230aef07,BUY,MARKET,15,629.725,10,629.725,
2025-11-04 17:38:00+00:00,RISK_PASS,6ac54b08-2fbc-484e-af1d-23e2a45347f1,BUY,MARKET,5,629.3201,0,0.0,All risk checks passed
2025-11-04 17:38:00+00:00,RISK_PASS,0b5262f5-e44a-4d69-a29c-f70b4d1df2eb,SELL,MARKET,10.0,629.3201,0,0.0,All risk checks passed
2025-11-04 17:38:00+00:00,FILLED,6ac54b08-2fbc-484e-af1d-23e2a45347f1,BUY,MARKET,5,629.3201,5,629.3201,
2025-11-04 17:38:00+00:00,FILLED,0b5262f5-e44a-4d69-a29c-f70b4d1df2eb,SELL,MARKET,10.0,629.3201,10.0,629.3201,
2025-11-04 17:39:00+00:00,RISK_PASS,9e5fd674-18f6-4e8a-804b-2f221b32e317,BUY,MARKET,10,629.38,0,0.0,All risk checks passed
2025-11-04 17:39:00+00:00,RISK_PASS,e2cc68f2-4ba5-4f23-9545-c1aa7f16d70c,SELL,MARKET,5.0,629.38,0,0.0,All risk checks passed
2025-11-04 17:39:00+00:00,FILLED,9e5fd674-18f6-4e8a-804b-2f221b32e317,BUY,MARKET,10,629.38,10,629.38,
2025-11-04 17:39:00+00:00,FILLED,e2cc68f2-4ba5-4f23-9545-c1aa7f16d70c,SELL,MARKET,5.0,629.38,5.0,629.38,
2025-11-04 17:40:00+00:00,RISK_PASS,c2a7f097-8389-44f7-a28a-9128457531a8,BUY,MARKET,5,629.28,0,0.0,All risk checks passed
2025-11-04 17:40:00+00:00,RISK_PASS,85113b8e-8f49-476b-8924-7468aaaa6099,SELL,MARKET,10.0,629.28,0,0.0,All risk checks passed
2025-11-04 17:40:00+00:00,FILLED,c2a7f097-8389-44f7-a28a-9128457531a8,BUY,MARKET,5,629.28,5,629.28,
2025-11-04 17:40:00+00:00,FILLED,85113b8e-8f49-476b-8924-7468aaaa6099,SELL,MARKET,10.0,629.28,10.0,629.28,
2025-11-04 17:41:00+00:00,RISK_PASS,3852d193-6f4d-4d5a-87c7-5592e56688aa,BUY,MARKET,10,629.0553,0,0.0,All risk checks passed
2025-11-04 17:41:00+00:00,RISK_PASS,62ea5647-4d65-4ec4-84a2-94937e364d60,SELL,MARKET,5.0,629.0553,0,0.0,All risk checks passed
2025-11-04 17:41:00+00:00,FILLED,3852d193-6f4d-4d5a-87c7-5592e56688aa,BUY,MARKET,10,629.0553,10,629.0553,
2025-11-04 17:41:00+00:00,FILLED,62ea5647-4d65-4ec4-84a2-94937e364d60,SELL,MARKET,5.0,629.0553,5.0,629.0553,
2025-11-04 17:42:00+00:00,RISK_PASS,256b3966-492f-4776-8628-2ad8d2d35b1c,SELL,MARKET,10.0,629.61,0,0.0,All risk checks passed
2025-11-04 17:42:00+00:00,FILLED,256b3966-492f-4776-8628-2ad8d2d35b1c,SELL,MARKET,10.0,629.61,10.0,629.61,
2025-11-04 18:13:00+00:00,RISK_PASS,b6e89c57-5d9d-4dc9-94c7-93fe75bab565,BUY,MARKET,15,628.17,0,0.0,All risk checks passed
2025-11-04 18:13:00+00:00,FILLED,b6e89c57-5d9d-4dc9-94c7-93fe75bab565,BUY,MARKET,15,628.17,15,628.17,
2025-11-04 18:14:00+00:00,RISK_PASS,ceed85df-1abd-427c-a419-5770ed970dd9,SELL,MARKET,15.0,628.69,0,0.0,All risk checks passed
2025-11-04 18:14:00+00:00,FILLED,ceed85df-1abd-427c-a419-5770ed970dd9,SELL,MARKET,15.0,628.69,15.0,628.69,
2025-11-04 18:31:00+00:00,RISK_PASS,9a5de76f-1598-4535-a107-ac351194d973,BUY,MARKET,12,629.93,0,0.0,All risk checks passed
2025-11-04 18:31:00+00:00,FILLED,9a5de76f-1598-4535-a107-ac351194d973,BUY,MARKET,12,629.93,12,629.93,
2025-11-04 18:34:00+00:00,RISK_PASS,9e6193cf-f1bd-4393-9425-8da1d57a1f6b,SELL,MARKET,12.0,629.845,0,0.0,All risk checks passed
2025-11-04 18:34:00+00:00,FILLED,9e6193cf-f1bd-4393-9425-8da1d57a1f6b,SELL,MARKET,12.0,629.845,6,629.845,
2025-11-04 18:35:00+00:00,RISK_PASS,1abae823-6c50-4feb-b64f-e106f59e1843,BUY,MARKET,6,629.525,0,0.0,All risk checks passed
2025-11-04 18:35:00+00:00,FILLED,1abae823-6c50-4feb-b64f-e106f59e1843,BUY,MARKET,6,629.525,6,629.525,
2025-11-04 18:47:00+00:00,RISK_PASS,e80854e9-8125-4e73-82d6-692564521dfb,SELL,MARKET,12.0,631.68,0,0.0,All risk checks passed
2025-11-04 18:47:00+00:00,FILLED,e80854e9-8125-4e73-82d6-692564521dfb,SELL,MARKET,12.0,631.68,12.0,631.68,
2025-11-04 18:48:00+00:00,RISK_PASS,1c6b0951-77f7-4acc-ba94-78b1281d9b67,BUY,MARKET,12,631.2501,0,0.0,All risk checks passed
2025-11-04 18:48:00+00:00,FILLED,1c6b0951-77f7-4acc-ba94-78b1281d9b67,BUY,MARKET,12,631.2501,12,631.2501,
2025-11-04 18:49:00+00:00,RISK_PASS,bf7162df-0266-4235-b8d9-bd5fbf207588,SELL,MARKET,12.0,631.6912,0,0.0,All risk checks passed
2025-11-04 18:49:00+00:00,FILLED,bf7162df-0266-4235-b8d9-bd5fbf207588,SELL,MARKET,12.0,631.6912,12.0,631.6912,
2025-11-04 18:50:00+00:00,RISK_PASS,4c07515d-a9aa-433d-8339-eed97d74bb68,BUY,MARKET,12,632.39,0,0.0,All risk checks passed
2025-11-04 18:50:00+00:00,FILLED,4c07515d-a9aa-433d-8339-eed97d74bb68,BUY,MARKET,12,632.39,5,632.39,
2025-11-04 18:51:00+00:00,RISK_PASS,6fd567cc-3550-47be-ad9d-651a0b0c616c,BUY,MARKET,7,632.1192,0,0.0,All risk checks passed
2025-11-04 18:51:00+00:00,RISK_PASS,d79a4bc1-cf10-4c8f-b45f-6cfdae8398c9,SELL,MARKET,5.0,632.1192,0,0.0,All risk checks passed
2025-11-04 18:51:00+00:00,FILLED,6fd567cc-3550-47be-ad9d-651a0b0c616c,BUY,MARKET,7,632.1192,7,632.1192,
2025-11-04 18:51:00+00:00,FILLED,d79a4bc1-cf10-4c8f-b45f-6cfdae8398c9,SELL,MARKET,5.0,632.1192,5.0,632.1192,
2025-11-04 18:52:00+00:00,RISK_PASS,56fae429-0c65-4c25-ac07-62a95a26a707,BUY,MARKET,5,632.49,0,0.0,All risk checks passed
2025-11-04 18:52:00+00:00,RISK_PASS,ad83cd86-ade5-417f-a45b-6acd5faf407d,SELL,MARKET,7.0,632.49,0,0.0,All risk checks passed
2025-11-04 18:52:00+00:00,FILLED,56fae429-0c65-4c25-ac07-62a95a26a707,BUY,MARKET,5,632.49,5,632.49,
2025-11-04 18:52:00+00:00,FILLED,ad83cd86-ade5-417f-a45b-6acd5faf407d,SELL,MARKET,7.0,632.49,7.0,632.49,
2025-11-04 18:53:00+00:00,RISK_PASS,47eb0d38-7e92-4293-af74-5557d6be8722,BUY,MARKET,7,632.24,0,0.0,All risk checks passed
2025-11-04 18:53:00+00:00,RISK_PASS,c8051c44-fa86-4a5c-b830-ed2a3013fd51,SELL,MARKET,5.0,632.24,0,0.0,All risk checks passed
2025-11-04 18:53:00+00:00,FILLED,47eb0d38-7e92-4293-af74-5557d6be8722,BUY,MARKET,7,632.24,7,632.24,
2025-11-04 18:53:00+00:00,FILLED,c8051c44-fa86-4a5c-b830-ed2a3013fd51,SELL,MARKET,5.0,632.24,4,632.24,
2025-11-04 18:54:00+00:00,RISK_PASS,77541a1a-6dad-47be-a306-0b5c6fda80d3,BUY,MARKET,4,632.75,0,0.0,All risk checks passed
2025-11-04 18:54:00+00:00,RISK_PASS,11730af7-6081-4cc7-b9ab-8e7f6a7ff5e3,SELL,MARKET,8.0,632.75,0,0.0,All risk checks passed
2025-11-04 18:54:00+00:00,REJECTED,77541a1a-6dad-47be-a306-0b5c6fda80d3,BUY,MARKET,4,632.75,0,0.0,Random engine rejection
2025-11-04 18:54:00+00:00,FILLED,11730af7-6081-4cc7-b9ab-8e7f6a7ff5e3,SELL,MARKET,8.0,632.75,8.0,632.75,
2025-11-04 18:55:00+00:00,RISK_PASS,54cf4a75-85e1-467c-8159-3264f1e935a2,BUY,MARKET,12,632.27,0,0.0,All risk checks passed
2025-11-04 18:55:00+00:00,FILLED,54cf4a75-85e1-467c-8159-3264f1e935a2,BUY,MARKET,12,632.27,12,632.27,
2025-11-04 19:06:00+00:00,RISK_PASS,e1b1148e-6cd1-4468-b644-2e8e8ed1c39d,BUY,MARKET,7,631.08,0,0.0,All risk checks passed
2025-11-04 19:06:00+00:00,FILLED,e1b1148e-6cd1-4468-b644-2e8e8ed1c39d,BUY,MARKET,7,631.08,7,631.08,
2025-11-04 19:22:00+00:00,RISK_PASS,0c3f78d1-5580-44ba-bb24-48e8bcaaa1a9,SELL,MARKET,19.0,630.18,0,0.0,All risk checks passed
2025-11-04 19:22:00+00:00,FILLED,0c3f78d1-5580-44ba-bb24-48e8bcaaa1a9,SELL,MARKET,19.0,630.18,19.0,630.18,
2025-11-04 19:37:00+00:00,RISK_PASS,bcfc3049-7fdc-4c64-a386-841e53bb88c5,BUY,MARKET,15,628.845,0,0.0,All risk checks passed
2025-11-04 19:37:00+00:00,FILLED,bcfc3049-7fdc-4c64-a386-841e53bb88c5,BUY,MARKET,15,628.845,7,628.845,
2025-11-04 19:38:00+00:00,RISK_PASS,6c90a23f-d043-4a1c-beca-f4ab5b1eeb88,BUY,MARKET,8,629.3461,0,0.0,All risk checks passed
2025-11-04 19:38:00+00:00,RISK_PASS,36766e87-ef6a-4870-8a96-55c731bf10f9,SELL,MARKET,7.0,629.3461,0,0.0,All risk checks passed
2025-11-04 19:38:00+00:00,FILLED,6c90a23f-d043-4a1c-beca-f4ab5b1eeb88,BUY,MARKET,8,629.3461,8,629.3461,
2025-11-04 19:38:00+00:00,FILLED,36766e87-ef6a-4870-8a96-55c731bf10f9,SELL,MARKET,7.0,629.3461,7.0,629.3461,
2025-11-04 19:39:00+00:00,RISK_PASS,4dcf41b7-02b8-4ef6-bd28-e095f65d8f0c,BUY,MARKET,7,629.42,0,0.0,All risk checks passed
2025-11-04 19:39:00+00:00,RISK_PASS,f26663c9-3e0f-48b3-b001-5bc5888598ee,SELL,MARKET,8.0,629.42,0,0.0,All risk checks passed
2025-11-04 19:39:00+00:00,FILLED,4dcf41b7-02b8-4ef6-bd28-e095f65d8f0c,BUY,MARKET,7,629.42,7,629.42,
2025-11-04 19:39:00+00:00,FILLED,f26663c9-3e0f-48b3-b001-5bc5888598ee,SELL,MARKET,8.0,629.42,8.0,629.42,
2025-11-04 19:40:00+00:00,RISK_PASS,6d20d316-1797-4aef-866e-2a46744b60a5,BUY,MARKET,8,629.665,0,0.0,All risk checks passed
2025-11-04 19:40:00+00:00,RISK_PASS,ecf31e44-2cb3-4c5e-b512-b98822f9d4ca,SELL,MARKET,7.0,629.665,0,0.0,All risk checks passed
2025-11-04 19:40:00+00:00,FILLED,6d20d316-1797-4aef-866e-2a46744b60a5,BUY,MARKET,8,629.665,8,629.665,
2025-11-04 19:40:00+00:00,FILLED,ecf31e44-2cb3-4c5e-b512-b98822f9d4ca,SELL,MARKET,7.0,629.665,7.0,629.665,
2025-11-04 19:41:00+00:00,RISK_PASS,7e291eea-22ed-49f1-aba2-a577b45b4db3,BUY,MARKET,7,629.0499,0,0.0,All risk checks passed
2025-11-04 19:41:00+00:00,RISK_PASS,803ba0a7-ee4a-472d-8a80-4e9110e7c4b7,SELL,MARKET,8.0,629.0499,0,0.0,All risk checks passed
2025-11-04 19:41:00+00:00,FILLED,7e291eea-22ed-49f1-aba2-a577b45b4db3,BUY,MARKET,7,629.0499,7,629.0499,
2025-11-04 19:41:00+00:00,FILLED,803ba0a7-ee4a-472d-8a80-4e9110e7c4b7,SELL,MARKET,8.0,629.0499,8.0,629.0499,
2025-11-04 19:42:00+00:00,RISK_PASS,13b622dd-b8dc-429d-9b05-f7b9cbaebe8e,BUY,MARKET,8,628.87,0,0.0,All risk checks passed
2025-11-04 19:42:00+00:00,RISK_PASS,2123fff2-b408-44c8-b186-f5962cb77951,SELL,MARKET,7.0,628.87,0,0.0,All risk checks passed
2025-11-04 19:42:00+00:00,FILLED,13b622dd-b8dc-429d-9b05-f7b9cbaebe8e,BUY,MARKET,8,628.87,8,628.87,
2025-11-04 19:42:00+00:00,FILLED,2123fff2-b408-44c8-b186-f5962cb77951,SELL,MARKET,7.0,628.87,7.0,628.87,
2025-11-04 19:43:00+00:00,RISK_PASS,6c0aeb95-47d6-462e-b8a1-b7359010d714,BUY,MARKET,7,628.425,0,0.0,All risk checks passed
2025-11-04 19:43:00+00:00,RISK_PASS,d92e6e89-7432-4d76-9879-4294f5d27f4f,SELL,MARKET,8.0,628.425,0,0.0,All risk checks passed
2025-11-04 19:43:00+00:00,FILLED,6c0aeb95-47d6-462e-b8a1-b7359010d714,BUY,MARKET,7,628.425,7,628.425,
2025-11-04 19:43:00+00:00,FILLED,d92e6e89-7432-4d76-9879-4294f5d27f4f,SELL,MARKET,8.0,628.425,8.0,628.425,
2025-11-04 19:44:00+00:00,RISK_PASS,d1cd9c50-65d0-4aab-9721-64152393a694,BUY,MARKET,8,628.16,0,0.0,All risk checks passed
2025-11-04 19:44:00+00:00,RISK_PASS,8164b856-45a4-4840-ad55-9429c05947be,SELL,MARKET,7.0,628.16,0,0.0,All risk checks passed
2025-11-04 19:44:00+00:00,FILLED,d1cd9c50-65d0-4aab-9721-64152393a694,BUY,MARKET,8,628.16,8,628.16,
2025-11-04 19:44:00+00:00,FILLED,8164b856-45a4-4840-ad55-9429c05947be,SELL,MARKET,7.0,628.16,7.0,628.16,
2025-11-04 19:45:00+00:00,RISK_PASS,3a1eec78-e3ff-420b-99fb-b829f95b9796,SELL,MARKET,8.0,628.8,0,0.0,All risk checks passed
2025-11-04 19:45:00+00:00,FILLED,3a1eec78-e3ff-420b-99fb-b829f95b9796,SELL,MARKET,8.0,628.8,8.0,628.8,
2025-11-04 20:15:00+00:00,RISK_PASS,ff3f51dc-abb5-4e89-b2b8-0ef6ccfb9273,BUY,MARKET,12,630.35,0,0.0,All risk checks passed
2025-11-04 20:15:00+00:00,FILLED,ff3f51dc-abb5-4e89-b2b8-0ef6ccfb9273,BUY,MARKET,12,630.35,12,630.35,
2025-11-04 20:16:00+00:00,RISK_PASS,5412f183-828d-4c3a-972e-69a28d0010c0,SELL,MARKET,12.0,630.31,0,0.0,All risk checks passed
2025-11-04 20:16:00+00:00,FILLED,5412f183-828d-4c3a-972e-69a28d0010c0,SELL,MARKET,12.0,630.31,12.0,630.31,
2025-11-04 20:17:00+00:00,RISK_PASS,5d67fc5f-8a0f-4e4a-a8bb-eb4e6198869a,BUY,MARKET,12,630.28,0,0.0,All risk checks passed
2025-11-04 20:17:00+00:00,REJECTED,5d67fc5f-8a0f-4e4a-a8bb-eb4e6198869a,BUY,MARKET,12,630.28,0,0.0,Random engine rejection
2025-11-04 20:18:00+00:00,RISK_PASS,6486209c-98ad-41ab-bf00-3f58349b90cf,BUY,MARKET,12,629.58,0,0.0,All risk checks passed
2025-11-04 20:18:00+00:00,FILLED,6486209c-98ad-41ab-bf00-3f58349b90cf,BUY,MARKET,12,629.58,12,629.58,
2025-11-04 20:19:00+00:00,RISK_PASS,dacb7ce5-3c35-4949-a7a8-9ca49f9bfa77,SELL,MARKET,12.0,629.68,0,0.0,All risk checks passed
2025-11-04 20:19:00+00:00,FILLED,dacb7ce5-3c35-4949-a7a8-9ca49f9bfa77,SELL,MARKET,12.0,629.68,12.0,629.68,
2025-11-04 20:20:00+00:00,RISK_PASS,49b0190c-8a0f-446b-bfcf-199c4ecdc559,BUY,MARKET,12,629.205,0,0.0,All risk checks passed
2025-11-04 20:20:00+00:00,FILLED,49b0190c-8a0f-446b-bfcf-199c4ecdc559,BUY,MARKET,12,629.205,12,629.205,
2025-11-04 20:50:00+00:00,RISK_PASS,9f3cd66b-c639-46d2-b4fb-8c339d33edab,BUY,MARKET,7,627.7105,0,0.0,All risk checks passed
2025-11-04 20:50:00+00:00,FILLED,9f3cd66b-c639-46d2-b4fb-8c339d33edab,BUY,MARKET,7,627.7105,7,627.7105,
2025-11-04 20:52:00+00:00,RISK_PASS,16437131-70fc-4447-a092-d5fca3b8c115,SELL,MARKET,19.0,627.74,0,0.0,All risk checks passed
2025-11-04 20:52:00+00:00,FILLED,16437131-70fc-4447-a092-d5fca3b8c115,SELL,MARKET,19.0,627.74,15,627.74,
2025-11-04 20:53:00+00:00,RISK_PASS,c7902ba0-fb6b-40c0-8eba-7ff4fef41ca5,BUY,MARKET,11,627.54,0,0.0,All risk checks passed
2025-11-04 20:53:00+00:00,RISK_PASS,20546751-2c7d-4e69-aae6-40b63afccbb7,SELL,MARKET,4.0,627.54,0,0.0,All risk checks passed
2025-11-04 20:53:00+00:00,FILLED,c7902ba0-fb6b-40c0-8eba-7ff4fef41ca5,BUY,MARKET,11,627.54,11,627.54,
2025-11-04 20:53:00+00:00,FILLED,20546751-2c7d-4e69-aae6-40b63afccbb7,SELL,MARKET,4.0,627.54,4.0,627.54,
2025-11-04 20:54:00+00:00,RISK_PASS,6538d06d-2859-4f0d-a30c-f32300abc604,BUY,MARKET,4,626.94,0,0.0,All risk checks passed
2025-11-04 20:54:00+00:00,RISK_PASS,11c79584-6c1e-49f4-9486-195d75b6a4df,SELL,MARKET,11.0,626.94,0,0.0,All risk checks passed
2025-11-04 20:54:00+00:00,FILLED,6538d06d-2859-4f0d-a30c-f32300abc604,BUY,MARKET,4,626.94,4,626.94,
2025-11-04 20:54:00+00:00,FILLED,11c79584-6c1e-49f4-9486-195d75b6a4df,SELL,MARKET,11.0,626.94,11.0,626.94,
2025-11-04 20:55:00+00:00,RISK_PASS,ed08954a-d326-4d64-bb41-65046e8aea09,BUY,MARKET,11,626.75,0,0.0,All risk checks passed
2025-11-04 20:55:00+00:00,RISK_PASS,15911c87-bdc4-4bff-9ee7-87194cba71fa,SELL,MARKET,4.0,626.75,0,0.0,All risk checks passed
2025-11-04 20:55:00+00:00,FILLED,ed08954a-d326-4d64-bb41-65046e8aea09,BUY,MARKET,11,626.75,11,626.75,
2025-11-04 20:55:00+00:00,FILLED,15911c87-bdc4-4bff-9ee7-87194cba71fa,SELL,MARKET,4.0,626.75,4.0,626.75,
2025-11-04 20:56:00+00:00,RISK_PASS,cb1a072c-e9c3-4aeb-b9c0-8e8cefe66029,BUY,MARKET,4,626.57,0,0.0,All risk checks passed
2025-11-04 20:56:00+00:00,RISK_PASS,abe4939b-b535-4543-87c9-b28fbac0abac,SELL,MARKET,11.0,626.57,0,0.0,All risk checks passed
2025-11-04 20:56:00+00:00,FILLED,cb1a072c-e9c3-4aeb-b9c0-8e8cefe66029,BUY,MARKET,4,626.57,4,626.57,
2025-11-04 20:56:00+00:00,FILLED,abe4939b-b535-4543-87c9-b28fbac0abac,SELL,MARKET,11.0,626.57,11.0,626.57,
2025-11-04 20:57:00+00:00,RISK_PASS,496275d8-3a63-4998-8957-e9d3d29f249c,BUY,MARKET,11,627.15,0,0.0,All risk checks passed
2025-11-04 20:57:00+00:00,RISK_PASS,f61ea021-0fee-45ed-8929-74e413c5c854,SELL,MARKET,4.0,627.15,0,0.0,All risk checks passed
2025-11-04 20:57:00+00:00,FILLED,496275d8-3a63-4998-8957-e9d3d29f249c,BUY,MARKET,11,627.15,11,627.15,
2025-11-04 20:57:00+00:00,FILLED,f61ea021-0fee-45ed-8929-74e413c5c854,SELL,MARKET,4.0,627.15,4.0,627.15,
2025-11-04 20:58:00+00:00,RISK_PASS,577361f4-2d11-4fa8-80fa-9fd14723742a,BUY,MARKET,4,627.4,0,0.0,All risk checks passed
2025-11-04 20:58:00+00:00,RISK_PASS,5401e6d5-54c2-46b2-a14a-550e1c448b6c,SELL,MARKET,11.0,627.4,0,0.0,All risk checks passed
2025-11-04 20:58:00+00:00,FILLED,577361f4-2d11-4fa8-80fa-9fd14723742a,BUY,MARKET,4,627.4,4,627.4,
2025-11-04 20:58:00+00:00,FILLED,5401e6d5-54c2-46b2-a14a-550e1c448b6c,SELL,MARKET,11.0,627.4,11.0,627.4,
2025-11-04 20:59:00+00:00,RISK_PASS,a440099e-d769-4a05-bcee-5aa1a1b5b403,BUY,MARKET,11,627.42,0,0.0,All risk checks passed
2025-11-04 20:59:00+00:00,RISK_PASS,77a1e7d5-9dc9-47cc-93dd-59588f992cf3,SELL,MARKET,4.0,627.42,0,0.0,All risk checks passed
2025-11-04 20:59:00+00:00,REJECTED,a440099e-d769-4a05-bcee-5aa1a1b5b403,BUY,MARKET,11,627.42,0,0.0,Random engine rejection
2025-11-04 20:59:00+00:00,FILLED,77a1e7d5-9dc9-47cc-93dd-59588f992cf3,SELL,MARKET,4.0,627.42,4.0,627.42,
2025-11-04 21:00:00+00:00,RISK_PASS,35778d2e-146e-4628-9cfe-eb9fe3522c7d,BUY,MARKET,15,627.6,0,0.0,All risk checks passed
2025-11-04 21:00:00+00:00,FILLED,35778d2e-146e-4628-9cfe-eb9fe3522c7d,BUY,MARKET,15,627.6,15,627.6,
2025-11-04 21:01:00+00:00,RISK_PASS,abd7479b-e1d5-4550-ac2e-d1a7e97e7663,SELL,MARKET,15.0,627.46,0,0.0,All risk checks passed
2025-11-04 21:01:00+00:00,FILLED,abd7479b-e1d5-4550-ac2e-d1a7e97e7663,SELL,MARKET,15.0,627.46,15.0,627.46,
2025-11-04 21:19:00+00:00,RISK_PASS,2befa503-0c8e-4a40-aa32-6d3793846aa2,BUY,MARKET,15,626.4,0,0.0,All risk checks passed
2025-11-04 21:19:00+00:00,FILLED,2befa503-0c8e-4a40-aa32-6d3793846aa2,BUY,MARKET,15,626.4,15,626.4,
2025-11-04 21:20:00+00:00,RISK_PASS,d3c7f395-947f-44c6-80ee-2b9617855c6a,SELL,MARKET,15.0,626.29,0,0.0,All risk checks passed
2025-11-04 21:20:00+00:00,FILLED,d3c7f395-947f-44c6-80ee-2b9617855c6a,SELL,MARKET,15.0,626.29,15.0,626.29,
2025-11-04 21:25:00+00:00,RISK_PASS,a27435ef-1c43-4127-aaff-e668f25d4df1,BUY,MARKET,15,625.6122,0,0.0,All risk checks passed
2025-11-04 21:25:00+00:00,FILLED,a27435ef-1c43-4127-aaff-e668f25d4df1,BUY,MARKET,15,625.6122,15,625.6122,
2025-11-04 21:26:00+00:00,RISK_PASS,1d1802e7-99f1-452c-a121-55a8e238382b,SELL,MARKET,15.0,625.5,0,0.0,All risk checks passed
2025-11-04 21:26:00+00:00,FILLED,1d1802e7-99f1-452c-a121-55a8e238382b,SELL,MARKET,15.0,625.5,2,625.5,
2025-11-04 21:27:00+00:00,RISK_PASS,af67bc0f-0333-4b00-be67-b660fab505ab,SELL,MARKET,13.0,625.8991,0,0.0,All risk checks passed
2025-11-04 21:27:00+00:00,FILLED,af67bc0f-0333-4b00-be67-b660fab505ab,SELL,MARKET,13.0,625.8991,13.0,625.8991,
2025-11-04 21:28:00+00:00,RISK_PASS,435a5b1a-725e-4e23-a911-caf81ecd378b,BUY,MARKET,15,625.91,0,0.0,All risk checks passed
2025-11-04 21:28:00+00:00,FILLED,435a5b1a-725e-4e23-a911-caf81ecd378b,BUY,MARKET,15,625.91,15,625.91,
2025-11-04 21:29:00+00:00,RISK_PASS,a39affcb-bdb9-41bf-a6ac-b48aed25d741,SELL,MARKET,15.0,625.5,0,0.0,All risk checks passed
2025-11-04 21:29:00+00:00,FILLED,a39affcb-bdb9-41bf-a6ac-b48aed25d741,SELL,MARKET,15.0,625.5,15.0,625.5,
2025-11-04 21:30:00+00:00,RISK_PASS,b876de73-110e-473b-9282-0e42bc27e759,BUY,MARKET,15,625.4515,0,0.0,All risk checks passed
2025-11-04 21:30:00+00:00,FILLED,b876de73-110e-473b-9282-0e42bc27e759,BUY,MARKET,15,625.4515,15,625.4515,
2025-11-04 21:31:00+00:00,RISK_PASS,eadb2743-a1d3-4c79-8bf7-16c2719ca3e3,SELL,MARKET,15.0,626.5431,0,0.0,All risk checks passed
2025-11-04 21:31:00+00:00,FILLED,eadb2743-a1d3-4c79-8bf7-16c2719ca3e3,SELL,MARKET,15.0,626.5431,15.0,626.5431,
2025-11-04 21:54:00+00:00,RISK_PASS,a27c172d-81da-42a9-a3c3-bdd801bffd9b,BUY,MARKET,12,626.5,0,0.0,All risk checks passed
2025-11-04 21:54:00+00:00,REJECTED,a27c172d-81da-42a9-a3c3-bdd801bffd9b,BUY,MARKET,12,626.5,0,0.0,Random engine rejection
2025-11-04 21:55:00+00:00,RISK_PASS,fb9dbb55-953a-4924-a1e4-b0a54d5d9d7b,BUY,MARKET,12,626.45,0,0.0,All risk checks passed
2025-11-04 21:55:00+00:00,FILLED,fb9dbb55-953a-4924-a1e4-b0a54d5d9d7b,BUY,MARKET,12,626.45,12,626.45,
2025-11-04 22:02:00+00:00,RISK_PASS,1e5ac846-1778-495f-ad0a-952b70fba973,SELL,MARKET,12.0,626.25,0,0.0,All risk checks passed
2025-11-04 22:02:00+00:00,FILLED,1e5ac846-1778-495f-ad0a-952b70fba973,SELL,MARKET,12.0,626.25,12.0,626.25,
2025-11-04 22:04:00+00:00,RISK_PASS,4c307fe7-7f30-450d-ab7f-a79cc34735fb,BUY,MARKET,15,626.18,0,0.0,All risk checks passed
2025-11-04 22:04:00+00:00,FILLED,4c307fe7-7f30-450d-ab7f-a79cc34735fb,BUY,MARKET,15,626.18,15,626.18,
2025-11-04 22:05:00+00:00,RISK_PASS,7bade744-32b1-454e-8286-da30c97cde84,SELL,MARKET,15.0,626.19,0,0.0,All risk checks passed
2025-11-04 22:05:00+00:00,FILLED,7bade744-32b1-454e-8286-da30c97cde84,SELL,MARKET,15.0,626.19,15.0,626.19,
2025-11-04 22:08:00+00:00,RISK_PASS,f8f7d334-dbe9-40ba-87dc-993646815864,BUY,MARKET,12,626.56,0,0.0,All risk checks passed
2025-11-04 22:08:00+00:00,FILLED,f8f7d334-dbe9-40ba-87dc-993646815864,BUY,MARKET,12,626.56,12,626.56,
2025-11-04 22:11:00+00:00,RISK_PASS,38642293-2af0-46c6-8077-6d77bb4a1cb2,SELL,MARKET,12.0,626.96,0,0.0,All risk checks passed
2025-11-04 22:11:00+00:00,FILLED,38642293-2af0-46c6-8077-6d77bb4a1cb2,SELL,MARKET,12.0,626.96,12.0,626.96,
2025-11-04 22:12:00+00:00,RISK_PASS,f53c1ec3-cf07-49b1-baa1-bb1bd1ebfd4b,BUY,MARKET,12,626.94,0,0.0,All risk checks passed
2025-11-04 22:12:00+00:00,FILLED,f53c1ec3-cf07-49b1-baa1-bb1bd1ebfd4b,BUY,MARKET,12,626.94,12,626.94,
2025-11-04 22:13:00+00:00,RISK_PASS,1608a2fe-c2db-4c82-9cc0-416243b749da,SELL,MARKET,12.0,626.98,0,0.0,All risk checks passed
2025-11-04 22:13:00+00:00,FILLED,1608a2fe-c2db-4c82-9cc0-416243b749da,SELL,MARKET,12.0,626.98,12.0,626.98,
2025-11-04 22:14:00+00:00,RISK_PASS,cb853817-1e4b-4d35-82fc-cff4b2880f98,BUY,MARKET,12,626.8004,0,0.0,All risk checks passed
2025-11-04 22:14:00+00:00,FILLED,cb853817-1e4b-4d35-82fc-cff4b2880f98,BUY,MARKET,12,626.8004,12,626.8004,
2025-11-04 22:21:00+00:00,RISK_PASS,e25dedc2-7017-4576-a4f1-772a1771ebac,SELL,MARKET,12.0,625.999,0,0.0,All risk checks passed
2025-11-04 22:21:00+00:00,FILLED,e25dedc2-7017-4576-a4f1-772a1771ebac,SELL,MARKET,12.0,625.999,12.0,625.999,
2025-11-04 22:23:00+00:00,RISK_PASS,d85f332d-38ca-49f5-8aa0-b448729252c8,BUY,MARKET,15,625.98,0,0.0,All risk checks passed
2025-11-04 22:23:00+00:00,FILLED,d85f332d-38ca-49f5-8aa0-b448729252c8,BUY,MARKET,15,625.98,3,625.98,
2025-11-04 22:24:00+00:00,RISK_PASS,169b8b89-7bfb-442b-bc7f-337dff55100d,BUY,MARKET,12,625.93,0,0.0,All risk checks passed
2025-11-04 22:24:00+00:00,RISK_PASS,074418d3-510b-44a8-9cb1-b80633eabc68,SELL,MARKET,3.0,625.93,0,0.0,All risk checks passed
2025-11-04 22:24:00+00:00,FILLED,169b8b89-7bfb-442b-bc7f-337dff55100d,BUY,MARKET,12,625.93,12,625.93,
2025-11-04 22:24:00+00:00,FILLED,074418d3-510b-44a8-9cb1-b80633eabc68,SELL,MARKET,3.0,625.93,3.0,625.93,
2025-11-04 22:25:00+00:00,RISK_PASS,c24b7f63-4faa-4f09-a0dd-b99fe4f213ac,BUY,MARKET,3,625.9001,0,0.0,All risk checks passed
2025-11-04 22:25:00+00:00,RISK_PASS,9c83f182-3141-432f-9722-36829a1d8242,SELL,MARKET,12.0,625.9001,0,0.0,All risk checks passed
2025-11-04 22:25:00+00:00,FILLED,c24b7f63-4faa-4f09-a0dd-b99fe4f213ac,BUY,MARKET,3,625.9001,3,625.9001,
2025-11-04 22:25:00+00:00,FILLED,9c83f182-3141-432f-9722-36829a1d8242,SELL,MARKET,12.0,625.9001,12.0,625.9001,
2025-11-04 22:26:00+00:00,RISK_PASS,9a52177f-b6c2-4010-ac62-025ba69420fd,BUY,MARKET,12,626.25,0,0.0,All risk checks passed
2025-11-04 22:26:00+00:00,RISK_PASS,caeb675e-78c0-421f-bee4-2c32c9b7ae61,SELL,MARKET,3.0,626.25,0,0.0,All risk checks passed
2025-11-04 22:26:00+00:00,FILLED,9a52177f-b6c2-4010-ac62-025ba69420fd,BUY,MARKET,12,626.25,12,626.25,
2025-11-04 22:26:00+00:00,FILLED,caeb675e-78c0-421f-bee4-2c32c9b7ae61,SELL,MARKET,3.0,626.25,3.0,626.25,
2025-11-04 22:27:00+00:00,RISK_PASS,b4478cb9-c573-4582-be0e-0dd50b4436fc,SELL,MARKET,12.0,626.33,0,0.0,All risk checks passed
2025-11-04 22:27:00+00:00,FILLED,b4478cb9-c573-4582-be0e-0dd50b4436fc,SELL,MARKET,12.0,626.33,12.0,626.33,
2025-11-04 22:33:00+00:00,RISK_PASS,cd8bb9d8-6aaa-4e87-9bac-f74daa4423ce,BUY,MARKET,12,626.6216,0,0.0,All risk checks passed
2025-11-04 22:33:00+00:00,FILLED,cd8bb9d8-6aaa-4e87-9bac-f74daa4423ce,BUY,MARKET,12,626.6216,12,626.6216,
2025-11-04 22:34:00+00:00,RISK_PASS,9ed39e18-18cd-41d2-b200-46e8fe95aa6a,SELL,MARKET,12.0,626.6,0,0.0,All risk checks passed
2025-11-04 22:34:00+00:00,FILLED,9ed39e18-18cd-41d2-b200-46e8fe95aa6a,SELL,MARKET,12.0,626.6,12.0,626.6,
2025-11-04 22:35:00+00:00,RISK_PASS,2b08d9d4-0fb8-485f-87e3-bb204a798cc3,BUY,MARKET,12,626.3756,0,0.0,All risk checks passed
2025-11-04 22:35:00+00:00,FILLED,2b08d9d4-0fb8-485f-87e3-bb204a798cc3,BUY,MARKET,12,626.3756,2,626.3756,
2025-11-04 22:36:00+00:00,RISK_PASS,8c345834-76fc-4965-9402-8507c17716f5,BUY,MARKET,10,626.48,0,0.0,All risk checks passed
2025-11-04 22:36:00+00:00,FILLED,8c345834-76fc-4965-9402-8507c17716f5,BUY,MARKET,10,626.48,10,626.48,
2025-11-04 22:39:00+00:00,RISK_PASS,b5eeb1f7-8b46-4ed7-a791-5c365bdcabd5,SELL,MARKET,12.0,626.5,0,0.0,All risk checks passed
2025-11-04 22:39:00+00:00,FILLED,b5eeb1f7-8b46-4ed7-a791-5c365bdcabd5,SELL,MARKET,12.0,626.5,12.0,626.5,
2025-11-04 22:40:00+00:00,RISK_PASS,8e891d45-05a3-4695-a0cc-4bd2a39c2a6c,BUY,MARKET,12,626.38,0,0.0,All risk checks passed
2025-11-04 22:40:00+00:00,FILLED,8e891d45-05a3-4695-a0cc-4bd2a39c2a6c,BUY,MARKET,12,626.38,12,626.38,
2025-11-04 22:43:00+00:00,RISK_PASS,79418924-603c-433f-8231-22a251db4bee,BUY,MARKET,7,626.0877,0,0.0,All risk checks passed
2025-11-04 22:43:00+00:00,FILLED,79418924-603c-433f-8231-22a251db4bee,BUY,MARKET,7,626.0877,6,626.0877,
2025-11-04 22:44:00+00:00,RISK_PASS,9835f982-fcdf-4488-ae80-c93a3bb651f3,SELL,MARKET,18.0,626.0893,0,0.0,All risk checks passed
2025-11-04 22:44:00+00:00,FILLED,9835f982-fcdf-4488-ae80-c93a3bb651f3,SELL,MARKET,18.0,626.0893,18.0,626.0893,
2025-11-04 22:45:00+00:00,RISK_PASS,40c84a93-f179-41a7-a533-9a11bf1924f9,BUY,MARKET,15,626.06,0,0.0,All risk checks passed
2025-11-04 22:45:00+00:00,FILLED,40c84a93-f179-41a7-a533-9a11bf1924f9,BUY,MARKET,15,626.06,15,626.06,
2025-11-04 22:46:00+00:00,RISK_PASS,b495d684-9e79-4ad9-b9d5-e92b79adec33,SELL,MARKET,15.0,626.0001,0,0.0,All risk checks passed
2025-11-04 22:46:00+00:00,FILLED,b495d684-9e79-4ad9-b9d5-e92b79adec33,SELL,MARKET,15.0,626.0001,15.0,626.0001,
2025-11-04 22:47:00+00:00,RISK_PASS,be97ee4b-eb43-4b52-85f5-9c6b9650f164,BUY,MARKET,15,626.01,0,0.0,All risk checks passed
2025-11-04 22:47:00+00:00,FILLED,be97ee4b-eb43-4b52-85f5-9c6b9650f164,BUY,MARKET,15,626.01,15,626.01,
2025-11-04 22:48:00+00:00,RISK_PASS,bd906cd5-fb00-46c0-a129-e4bfa8a9b7dc,SELL,MARKET,15.0,626.01,0,0.0,All risk checks passed
2025-11-04 22:48:00+00:00,FILLED,bd906cd5-fb00-46c0-a129-e4bfa8a9b7dc,SELL,MARKET,15.0,626.01,15.0,626.01,
2025-11-04 22:49:00+00:00,RISK_PASS,8f864959-3cc6-4ae7-9a83-58671a15e2f3,BUY,MARKET,15,626.0012,0,0.0,All risk checks passed
2025-11-04 22:49:00+00:00,FILLED,8f864959-3cc6-4ae7-9a83-58671a15e2f3,BUY,MARKET,15,626.0012,15,626.0012,
2025-11-04 22:50:00+00:00,RISK_PASS,2ef42806-0103-45c7-a2b7-3366dc380aff,SELL,MARKET,15.0,626.05,0,0.0,All risk checks passed
2025-11-04 22:50:00+00:00,FILLED,2ef42806-0103-45c7-a2b7-3366dc380aff,SELL,MARKET,15.0,626.05,15.0,626.05,
2025-11-04 22:51:00+00:00,RISK_PASS,03436479-ca3c-4ec1-8677-b957499179a7,BUY,MARKET,15,626.02,0,0.0,All risk checks passed
2025-11-04 22:51:00+00:00,FILLED,03436479-ca3c-4ec1-8677-b957499179a7,BUY,MARKET,15,626.02,15,626.02,
2025-11-04 22:52:00+00:00,RISK_PASS,a45b4dd6-477a-460a-8082-72c614003fae,SELL,MARKET,15.0,625.95,0,0.0,All risk checks passed
2025-11-04 22:52:00+00:00,FILLED,a45b4dd6-477a-460a-8082-72c614003fae,SELL,MARKET,15.0,625.95,15.0,625.95,
2025-11-04 22:53:00+00:00,RISK_PASS,b0943619-2712-43bf-a9f9-b59158d84391,BUY,MARKET,15,625.9,0,0.0,All risk checks passed
2025-11-04 22:53:00+00:00,FILLED,b0943619-2712-43bf-a9f9-b59158d84391,BUY,MARKET,15,625.9,15,625.9,
2025-11-04 22:54:00+00:00,RISK_PASS,f0a06c92-b4e1-42d5-ba85-f660724283c5,SELL,MARKET,15.0,626.0,0,0.0,All risk checks passed
2025-11-04 22:54:00+00:00,FILLED,f0a06c92-b4e1-42d5-ba85-f660724283c5,SELL,MARKET,15.0,626.0,15.0,626.0,
2025-11-04 22:55:00+00:00,RISK_PASS,010f314e-dc50-49e2-be41-98fda52b7d2a,BUY,MARKET,15,626.05,0,0.0,All risk checks passed
2025-11-04 22:55:00+00:00,FILLED,010f314e-dc50-49e2-be41-98fda52b7d2a,BUY,MARKET,15,626.05,15,626.05,
2025-11-04 22:56:00+00:00,RISK_PASS,e2d1b0b3-f991-4c52-b709-56380185981d,SELL,MARKET,15.0,626.0001,0,0.0,All risk checks passed
2025-11-04 22:56:00+00:00,FILLED,e2d1b0b3-f991-4c52-b709-56380185981d,SELL,MARKET,15.0,626.0001,15.0,626.0001,
2025-11-04 22:57:00+00:00,RISK_PASS,13134bc1-6496-4e3c-ac65-b2b293a87359,BUY,MARKET,15,625.6,0,0.0,All risk checks passed
2025-11-04 22:57:00+00:00,FILLED,13134bc1-6496-4e3c-ac65-b2b293a87359,BUY,MARKET,15,625.6,15,625.6,
2025-11-04 22:58:00+00:00,RISK_PASS,891432dd-2326-4627-b9e1-bad9420309b2,SELL,MARKET,15.0,625.45,0,0.0,All risk checks passed
2025-11-04 22:58:00+00:00,FILLED,891432dd-2326-4627-b9e1-bad9420309b2,SELL,MARKET,15.0,625.45,15.0,625.45,
2025-11-04 22:59:00+00:00,RISK_PASS,2a8fc2be-df34-4a07-82b9-4b4f30cac058,BUY,MARKET,15,625.42,0,0.0,All risk checks passed
2025-11-04 22:59:00+00:00,FILLED,2a8fc2be-df34-4a07-82b9-4b4f30cac058,BUY,MARKET,15,625.42,15,625.42,
2025-11-04 23:00:00+00:00,RISK_PASS,7de575d1-8713-410d-abd7-c0ef91f1c549,SELL,MARKET,15.0,626.45,0,0.0,All risk checks passed
2025-11-04 23:00:00+00:00,FILLED,7de575d1-8713-410d-abd7-c0ef91f1c549,SELL,MARKET,15.0,626.45,15.0,626.45,
2025-11-04 23:15:00+00:00,RISK_PASS,e65edcb1-1f37-4dfa-91b7-50ac06e66217,BUY,MARKET,15,625.5,0,0.0,All risk checks passed
2025-11-04 23:15:00+00:00,FILLED,e65edcb1-1f37-4dfa-91b7-50ac06e66217,BUY,MARKET,15,625.5,15,625.5,
2025-11-04 23:16:00+00:00,RISK_PASS,59028257-fd04-4f85-aa56-0146ffb979fb,SELL,MARKET,15.0,625.52,0,0.0,All risk checks passed
2025-11-04 23:16:00+00:00,FILLED,59028257-fd04-4f85-aa56-0146ffb979fb,SELL,MARKET,15.0,625.52,15.0,625.52,
2025-11-04 23:55:00+00:00,RISK_PASS,7dc44b13-50c0-4d05-8750-4ef152f239c7,BUY,MARKET,15,625.2001,0,0.0,All risk checks passed
2025-11-04 23:55:00+00:00,FILLED,7dc44b13-50c0-4d05-8750-4ef152f239c7,BUY,MARKET,15,625.2001,15,625.2001,
2025-11-04 23:56:00+00:00,RISK_PASS,c429f5f0-66ea-4d4a-bb6c-b1855a84824e,SELL,MARKET,15.0,625.2468,0,0.0,All risk checks passed
2025-11-04 23:56:00+00:00,FILLED,c429f5f0-66ea-4d4a-bb6c-b1855a84824e,SELL,MARKET,15.0,625.2468,15.0,625.2468,
2025-11-05 00:01:00+00:00,RISK_PASS,4b81aa64-ed92-44a8-bbf3-269b9c1c7fb4,BUY,MARKET,15,625.09,0,0.0,All risk checks passed
2025-11-05 00:01:00+00:00,FILLED,4b81aa64-ed92-44a8-bbf3-269b9c1c7fb4,BUY,MARKET,15,625.09,15,625.09,
2025-11-05 00:02:00+00:00,RISK_PASS,1d0a7378-2d3e-4d78-989a-d29a1db03e5a,SELL,MARKET,15.0,625.07,0,0.0,All risk checks passed
2025-11-05 00:02:00+00:00,FILLED,1d0a7378-2d3e-4d78-989a-d29a1db03e5a,SELL,MARKET,15.0,625.07,15.0,625.07,
2025-11-05 00:03:00+00:00,RISK_PASS,50581df4-42d4-4316-89c4-7ffe10b82ce0,BUY,MARKET,15,625.02,0,0.0,All risk checks passed
2025-11-05 00:03:00+00:00,FILLED,50581df4-42d4-4316-89c4-7ffe10b82ce0,BUY,MARKET,15,625.02,15,625.02,
2025-11-05 00:04:00+00:00,RISK_PASS,e031027f-b5cc-441e-bd9b-4d7bf00473bc,SELL,MARKET,15.0,625.0,0,0.0,All risk checks passed
2025-11-05 00:04:00+00:00,FILLED,e031027f-b5cc-441e-bd9b-4d7bf00473bc,SELL,MARKET,15.0,625.0,15.0,625.0,
2025-11-05 00:05:00+00:00,RISK_PASS,33ab99ed-bd95-4b44-b575-35555975f7eb,BUY,MARKET,15,625.02,0,0.0,All risk checks passed
2025-11-05 00:05:00+00:00,FILLED,33ab99ed-bd95-4b44-b575-35555975f7eb,BUY,MARKET,15,625.02,15,625.02,
2025-11-05 00:06:00+00:00,RISK_PASS,369a4962-2f55-48ba-be13-96a2936b70b3,SELL,MARKET,15.0,625.0,0,0.0,All risk checks passed
2025-11-05 00:06:00+00:00,REJECTED,369a4962-2f55-48ba-be13-96a2936b70b3,SELL,MARKET,15.0,625.0,0,0.0,Random engine rejection
2025-11-05 00:07:00+00:00,RISK_PASS,ebd72264-29ad-4de7-8c78-972557386bd3,SELL,MARKET,15.0,625.02,0,0.0,All risk checks passed
2025-11-05 00:07:00+00:00,FILLED,ebd72264-29ad-4de7-8c78-972557386bd3,SELL,MARKET,15.0,625.02,15.0,625.02,
2025-11-05 00:08:00+00:00,RISK_PASS,88275156-5065-420c-9b54-76bdf2dcde59,BUY,MARKET,15,625.02,0,0.0,All risk checks passed
2025-11-05 00:08:00+00:00,FILLED,88275156-5065-420c-9b54-76bdf2dcde59,BUY,MARKET,15,625.02,15,625.02,
2025-11-05 00:09:00+00:00,RISK_PASS,20b3aa19-fc70-4140-b372-9f4f71c6260b,SELL,MARKET,15.0,625.1,0,0.0,All risk checks passed
2025-11-05 00:09:00+00:00,FILLED,20b3aa19-fc70-4140-b372-9f4f71c6260b,SELL,MARKET,15.0,625.1,15.0,625.1,
2025-11-05 00:44:00+00:00,RISK_PASS,15c1c50c-7d41-431e-af07-0c03290b1685,BUY,MARKET,16,624.2016,0,0.0,All risk checks passed
2025-11-05 00:44:00+00:00,FILLED,15c1c50c-7d41-431e-af07-0c03290b1685,BUY,MARKET,16,624.2016,16,624.2016,
2025-11-05 00:45:00+00:00,RISK_PASS,3e8fd4fe-3556-4fec-9b39-95d2f3546286,SELL,MARKET,16.0,624.11,0,0.0,All risk checks passed
2025-11-05 00:45:00+00:00,FILLED,3e8fd4fe-3556-4fec-9b39-95d2f3546286,SELL,MARKET,16.0,624.11,16.0,624.11,
2025-11-05 00:46:00+00:00,RISK_PASS,7f05ba83-8b4f-4ba6-9ef2-38ee6e495ee8,BUY,MARKET,16,623.6,0,0.0,All risk checks passed
2025-11-05 00:46:00+00:00,FILLED,7f05ba83-8b4f-4ba6-9ef2-38ee6e495ee8,BUY,MARKET,16,623.6,16,623.6,
2025-11-05 00:47:00+00:00,RISK_PASS,00fccec2-d51b-4b17-a66e-acbd056604c4,SELL,MARKET,16.0,623.45,0,0.0,All risk checks passed
2025-11-05 00:47:00+00:00,REJECTED,00fccec2-d51b-4b17-a66e-acbd056604c4,SELL,MARKET,16.0,623.45,0,0.0,Random engine rejection
2025-11-05 00:48:00+00:00,RISK_PASS,39b1dbc5-54ba-4d72-8d34-493922702cf4,SELL,MARKET,16.0,623.17,0,0.0,All risk checks passed
2025-11-05 00:48:00+00:00,FILLED,39b1dbc5-54ba-4d72-8d34-493922702cf4,SELL,MARKET,16.0,623.17,11,623.17,
2025-11-05 00:49:00+00:00,RISK_PASS,b6b00b77-8485-400f-96d4-41f107f8097a,BUY,MARKET,11,623.2,0,0.0,All risk checks passed
2025-11-05 00:49:00+00:00,RISK_PASS,a3ba8b2f-22bb-4c3b-a284-0da0c7db2f4a,SELL,MARKET,5.0,623.2,0,0.0,All risk checks passed
2025-11-05 00:49:00+00:00,FILLED,b6b00b77-8485-400f-96d4-41f107f8097a,BUY,MARKET,11,623.2,11,623.2,
2025-11-05 00:49:00+00:00,FILLED,a3ba8b2f-22bb-4c3b-a284-0da0c7db2f4a,SELL,MARKET,5.0,623.2,5.0,623.2,
2025-11-05 00:50:00+00:00,RISK_PASS,959178ea-beca-48e4-a73f-9c03277e73d0,BUY,MARKET,5,622.95,0,0.0,All risk checks passed
2025-11-05 00:50:00+00:00,RISK_PASS,d6133fb9-1968-4c0e-8119-a62fb114f661,SELL,MARKET,11.0,622.95,0,0.0,All risk checks passed
2025-11-05 00:50:00+00:00,FILLED,959178ea-beca-48e4-a73f-9c03277e73d0,BUY,MARKET,5,622.95,5,622.95,
2025-11-05 00:50:00+00:00,FILLED,d6133fb9-1968-4c0e-8119-a62fb114f661,SELL,MARKET,11.0,622.95,11.0,622.95,
2025-11-05 00:51:00+00:00,RISK_PASS,5da0938f-b978-496e-88b7-b71139deacd4,BUY,MARKET,11,623.1,0,0.0,All risk checks passed
2025-11-05 00:51:00+00:00,RISK_PASS,83dce321-82f5-481f-9aa1-355f60cf1b76,SELL,MARKET,5.0,623.1,0,0.0,All risk checks passed
2025-11-05 00:51:00+00:00,FILLED,5da0938f-b978-496e-88b7-b71139deacd4,BUY,MARKET,11,623.1,11,623.1,
2025-11-05 00:51:00+00:00,FILLED,83dce321-82f5-481f-9aa1-355f60cf1b76,SELL,MARKET,5.0,623.1,5.0,623.1,
2025-11-05 00:52:00+00:00,RISK_PASS,79ae0d49-8a8c-448c-9ebe-3ea73d58a3b9,BUY,MARKET,5,622.8,0,0.0,All risk checks passed
2025-11-05 00:52:00+00:00,RISK_PASS,5ae0720b-8609-4a59-a2a5-e751eef14091,SELL,MARKET,11.0,622.8,0,0.0,All risk checks passed
2025-11-05 00:52:00+00:00,FILLED,79ae0d49-8a8c-448c-9ebe-3ea73d58a3b9,BUY,MARKET,5,622.8,5,622.8,
2025-11-05 00:52:00+00:00,REJECTED,5ae0720b-8609-4a59-a2a5-e751eef14091,SELL,MARKET,11.0,622.8,0,0.0,Random engine rejection
2025-11-05 00:53:00+00:00,RISK_PASS,3ccc11d5-a846-483b-8e6b-d2d1cc5a5dc0,SELL,MARKET,16.0,622.51,0,0.0,All risk checks passed
2025-11-05 00:53:00+00:00,FILLED,3ccc11d5-a846-483b-8e6b-d2d1cc5a5dc0,SELL,MARKET,16.0,622.51,16.0,622.51,
2025-11-05 00:54:00+00:00,RISK_PASS,2b2e9dfa-6c86-40e6-b0a9-e747442c7e8a,BUY,MARKET,16,623.05,0,0.0,All risk checks passed
2025-11-05 00:54:00+00:00,FILLED,2b2e9dfa-6c86-40e6-b0a9-e747442c7e8a,BUY,MARKET,16,623.05,16,623.05,
2025-11-05 00:55:00+00:00,RISK_PASS,9ceee09e-144b-43f8-be58-3042cd5ca9cb,SELL,MARKET,16.0,623.23,0,0.0,All risk checks passed
2025-11-05 00:55:00+00:00,FILLED,9ceee09e-144b-43f8-be58-3042cd5ca9cb,SELL,MARKET,16.0,623.23,16.0,623.23,
2025-11-05 00:56:00+00:00,RISK_PASS,967f7182-a67a-4f08-8482-d9c55968803b,BUY,MARKET,16,623.02,0,0.0,All risk checks passed
2025-11-05 00:56:00+00:00,FILLED,967f7182-a67a-4f08-8482-d9c55968803b,BUY,MARKET,16,623.02,16,623.02,
2025-11-05 00:57:00+00:00,RISK_PASS,8dedfcb8-8ae2-43eb-9fec-90409cf3ba0c,SELL,MARKET,16.0,622.83,0,0.0,All risk checks passed
2025-11-05 00:57:00+00:00,FILLED,8dedfcb8-8ae2-43eb-9fec-90409cf3ba0c,SELL,MARKET,16.0,622.83,16.0,622.83,
2025-11-05 09:04:00+00:00,RISK_PASS,4da16f69-c4bc-4fb0-82a4-69fd0aca9afe,BUY,MARKET,12,628.82,0,0.0,All risk checks passed
2025-11-05 09:04:00+00:00,FILLED,4da16f69-c4bc-4fb0-82a4-69fd0aca9afe,BUY,MARKET,12,628.82,12,628.82,
2025-11-05 09:05:00+00:00,RISK_PASS,6945ee86-0522-47c4-b0cf-90d17a0338b1,SELL,MARKET,12.0,628.9,0,0.0,All risk checks passed
2025-11-05 09:05:00+00:00,FILLED,6945ee86-0522-47c4-b0cf-90d17a0338b1,SELL,MARKET,12.0,628.9,12.0,628.9,
2025-11-05 09:06:00+00:00,RISK_PASS,1cdbdedb-b95e-472e-805b-2cdff22f096f,BUY,MARKET,12,629.21,0,0.0,All risk checks passed
2025-11-05 09:06:00+00:00,FILLED,1cdbdedb-b95e-472e-805b-2cdff22f096f,BUY,MARKET,12,629.21,4,629.21,
2025-11-05 09:07:00+00:00,RISK_PASS,76c79708-214a-439f-b8a0-697b1190488f,BUY,MARKET,8,629.66,0,0.0,All risk checks passed
2025-11-05 09:07:00+00:00,RISK_PASS,80a3c2d3-80e8-476c-bfe6-8853c674c9d0,SELL,MARKET,4.0,629.66,0,0.0,All risk checks passed
2025-11-05 09:07:00+00:00,FILLED,76c79708-214a-439f-b8a0-697b1190488f,BUY,MARKET,8,629.66,8,629.66,
2025-11-05 09:07:00+00:00,FILLED,80a3c2d3-80e8-476c-bfe6-8853c674c9d0,SELL,MARKET,4.0,629.66,4.0,629.66,
2025-11-05 09:08:00+00:00,RISK_PASS,ead15a98-cc47-4970-912e-636ac15312e2,BUY,MARKET,4,629.28,0,0.0,All risk checks passed
2025-11-05 09:08:00+00:00,RISK_PASS,1c067af7-bdee-458f-8e8f-7e51d3bf89b3,SELL,MARKET,8.0,629.28,0,0.0,All risk checks passed
2025-11-05 09:08:00+00:00,FILLED,ead15a98-cc47-4970-912e-636ac15312e2,BUY,MARKET,4,629.28,4,629.28,
2025-11-05 09:08:00+00:00,FILLED,1c067af7-bdee-458f-8e8f-7e51d3bf89b3,SELL,MARKET,8.0,629.28,8.0,629.28,
2025-11-05 09:09:00+00:00,RISK_PASS,7933eaa7-eaca-4ec6-98ea-1a7974d8d6ed,BUY,MARKET,8,628.4,0,0.0,All risk checks passed
2025-11-05 09:09:00+00:00,RISK_PASS,3f2498d5-265e-4398-947c-a1dcd6bf1073,SELL,MARKET,4.0,628.4,0,0.0,All risk checks passed
2025-11-05 09:09:00+00:00,FILLED,7933eaa7-eaca-4ec6-98ea-1a7974d8d6ed,BUY,MARKET,8,628.4,8,628.4,
2025-11-05 09:09:00+00:00,FILLED,3f2498d5-265e-4398-947c-a1dcd6bf1073,SELL,MARKET,4.0,628.4,4.0,628.4,
2025-11-05 09:10:00+00:00,RISK_PASS,01b4b24e-f9ee-4427-95e2-48299162734e,BUY,MARKET,4,628.0,0,0.0,All risk checks passed
2025-11-05 09:10:00+00:00,RISK_PASS,42df00b4-8f83-48d8-9c74-dbde50c02983,SELL,MARKET,8.0,628.0,0,0.0,All risk checks passed
2025-11-05 09:10:00+00:00,FILLED,01b4b24e-f9ee-4427-95e2-48299162734e,BUY,MARKET,4,628.0,4,628.0,
2025-11-05 09:10:00+00:00,FILLED,42df00b4-8f83-48d8-9c74-dbde50c02983,SELL,MARKET,8.0,628.0,8.0,628.0,
2025-11-05 09:11:00+00:00,RISK_PASS,3f3057c5-82df-4756-b10b-91af7553d7c2,BUY,MARKET,8,628.46,0,0.0,All risk checks passed
2025-11-05 09:11:00+00:00,RISK_PASS,1e5cf6e0-2e65-4a27-9f56-de67c05e8833,SELL,MARKET,4.0,628.46,0,0.0,All risk checks passed
2025-11-05 09:11:00+00:00,FILLED,3f3057c5-82df-4756-b10b-91af7553d7c2,BUY,MARKET,8,628.46,8,628.46,
2025-11-05 09:11:00+00:00,FILLED,1e5cf6e0-2e65-4a27-9f56-de67c05e8833,SELL,MARKET,4.0,628.46,4.0,628.46,
2025-11-05 09:12:00+00:00,RISK_PASS,91f4e2c5-a258-4c5e-b640-52c150f26d38,BUY,MARKET,4,628.85,0,0.0,All risk checks passed
2025-11-05 09:12:00+00:00,RISK_PASS,8f156767-8463-4d9e-8e88-ea8ebb593112,SELL,MARKET,8.0,628.85,0,0.0,All risk checks passed
2025-11-05 09:12:00+00:00,FILLED,91f4e2c5-a258-4c5e-b640-52c150f26d38,BUY,MARKET,4,628.85,4,628.85,
2025-11-05 09:12:00+00:00,FILLED,8f156767-8463-4d9e-8e88-ea8ebb593112,SELL,MARKET,8.0,628.85,8.0,628.85,
2025-11-05 09:13:00+00:00,RISK_PASS,61d32d8c-e51f-405a-9ca6-724a02287214,BUY,MARKET,8,628.18,0,0.0,All risk checks passed
2025-11-05 09:13:00+00:00,RISK_PASS,53482667-781f-4a24-a4c8-696cc5f51fae,SELL,MARKET,4.0,628.18,0,0.0,All risk checks passed
2025-11-05 09:13:00+00:00,FILLED,61d32d8c-e51f-405a-9ca6-724a02287214,BUY,MARKET,8,628.18,8,628.18,
2025-11-05 09:13:00+00:00,FILLED,53482667-781f-4a24-a4c8-696cc5f51fae,SELL,MARKET,4.0,628.18,4.0,628.18,
2025-11-05 09:14:00+00:00,RISK_PASS,28116e5d-158a-45e1-805d-86b5891982fc,BUY,MARKET,4,628.67,0,0.0,All risk checks passed
2025-11-05 09:14:00+00:00,RISK_PASS,72e05b84-414a-4553-b0d0-b229df6d2a75,SELL,MARKET,8.0,628.67,0,0.0,All risk checks passed
2025-11-05 09:14:00+00:00,FILLED,28116e5d-158a-45e1-805d-86b5891982fc,BUY,MARKET,4,628.67,4,628.67,
2025-11-05 09:14:00+00:00,FILLED,72e05b84-414a-4553-b0d0-b229df6d2a75,SELL,MARKET,8.0,628.67,8.0,628.67,
2025-11-05 09:16:00+00:00,RISK_PASS,06fdc0e6-5db2-47c5-af59-eec7a0a92152,BUY,MARKET,8,628.34,0,0.0,All risk checks passed
2025-11-05 09:16:00+00:00,FILLED,06fdc0e6-5db2-47c5-af59-eec7a0a92152,BUY,MARKET,8,628.34,8,628.34,
2025-11-05 09:33:00+00:00,RISK_PASS,af664b9d-936b-49df-a97c-365e0fb5c701,BUY,MARKET,7,627.04,0,0.0,All risk checks passed
2025-11-05 09:33:00+00:00,FILLED,af664b9d-936b-49df-a97c-365e0fb5c701,BUY,MARKET,7,627.04,7,627.04,
2025-11-05 10:45:00+00:00,RISK_PASS,5e645bba-4a77-488c-85bb-7891c0d36ba4,SELL,MARKET,19.0,628.2,0,0.0,All risk checks passed
2025-11-05 10:45:00+00:00,FILLED,5e645bba-4a77-488c-85bb-7891c0d36ba4,SELL,MARKET,19.0,628.2,19.0,628.2,
2025-11-05 10:47:00+00:00,RISK_PASS,be3f8032-4b34-4be5-9d5b-11137d4f734f,BUY,MARKET,15,627.82,0,0.0,All risk checks passed
2025-11-05 10:47:00+00:00,REJECTED,be3f8032-4b34-4be5-9d5b-11137d4f734f,BUY,MARKET,15,627.82,0,0.0,Random engine rejection
2025-11-05 11:36:00+00:00,RISK_PASS,871603ef-de4a-452e-aed5-bb5cca6a7329,BUY,MARKET,12,628.0,0,0.0,All risk checks passed
2025-11-05 11:36:00+00:00,FILLED,871603ef-de4a-452e-aed5-bb5cca6a7329,BUY,MARKET,12,628.0,4,628.0,
2025-11-05 11:38:00+00:00,RISK_PASS,8ad1a4e2-014c-4f7b-b0cf-8883cde8af11,SELL,MARKET,4.0,627.7,0,0.0,All risk checks passed
2025-11-05 11:38:00+00:00,FILLED,8ad1a4e2-014c-4f7b-b0cf-8883cde8af11,SELL,MARKET,4.0,627.7,4.0,627.7,
2025-11-05 11:43:00+00:00,RISK_PASS,de306130-9f85-4567-8716-8d7ad86011ef,BUY,MARKET,12,629.0,0,0.0,All risk checks passed
2025-11-05 11:43:00+00:00,FILLED,de306130-9f85-4567-8716-8d7ad86011ef,BUY,MARKET,12,629.0,12,629.0,
2025-11-05 11:58:00+00:00,RISK_PASS,b8d02c5a-e487-4b87-a2f9-bd984e705d91,SELL,MARKET,12.0,629.0,0,0.0,All risk checks passed
2025-11-05 11:58:00+00:00,FILLED,b8d02c5a-e487-4b87-a2f9-bd984e705d91,SELL,MARKET,12.0,629.0,12.0,629.0,
2025-11-05 12:00:00+00:00,RISK_PASS,e305aed8-d523-49e2-b62c-ed1b7095b170,BUY,MARKET,12,628.46,0,0.0,All risk checks passed
2025-11-05 12:00:00+00:00,FILLED,e305aed8-d523-49e2-b62c-ed1b7095b170,BUY,MARKET,12,628.46,12,628.46,
2025-11-05 12:12:00+00:00,RISK_PASS,0d6de258-c4bd-4b1f-a3e5-777691566dae,BUY,MARKET,7,627.76,0,0.0,All risk checks passed
2025-11-05 12:12:00+00:00,FILLED,0d6de258-c4bd-4b1f-a3e5-777691566dae,BUY,MARKET,7,627.76,7,627.76,
2025-11-05 12:14:00+00:00,RISK_PASS,eee24a2a-11ff-4319-a335-6a6936b304a4,SELL,MARKET,19.0,628.3,0,0.0,All risk checks passed
2025-11-05 12:14:00+00:00,FILLED,eee24a2a-11ff-4319-a335-6a6936b304a4,SELL,MARKET,19.0,628.3,3,628.3,
2025-11-05 12:20:00+00:00,RISK_PASS,7af92d4f-0d26-42ae-9eaa-d9b30fcb3469,SELL,MARKET,16.0,629.11,0,0.0,All risk checks passed
2025-11-05 12:20:00+00:00,FILLED,7af92d4f-0d26-42ae-9eaa-d9b30fcb3469,SELL,MARKET,16.0,629.11,16.0,629.11,
2025-11-05 12:21:00+00:00,RISK_PASS,b8ad0819-8de3-4434-b7f0-f0d4d155dcc3,BUY,MARKET,12,629.21,0,0.0,All risk checks passed
2025-11-05 12:21:00+00:00,FILLED,b8ad0819-8de3-4434-b7f0-f0d4d155dcc3,BUY,MARKET,12,629.21,12,629.21,
2025-11-05 12:25:00+00:00,RISK_PASS,f355797a-a9fa-415b-bd86-c5c4135fe8c7,SELL,MARKET,12.0,629.04,0,0.0,All risk checks passed
2025-11-05 12:25:00+00:00,FILLED,f355797a-a9fa-415b-bd86-c5c4135fe8c7,SELL,MARKET,12.0,629.04,12.0,629.04,
2025-11-05 12:26:00+00:00,RISK_PASS,5f8d2c44-2e4e-414e-8bd2-57a8e4e97faf,BUY,MARKET,12,629.3,0,0.0,All risk checks passed
2025-11-05 12:26:00+00:00,FILLED,5f8d2c44-2e4e-414e-8bd2-57a8e4e97faf,BUY,MARKET,12,629.3,12,629.3,
2025-11-05 12:27:00+00:00,RISK_PASS,096724d0-6f6e-42e9-b724-09bb2e6da1f7,SELL,MARKET,12.0,629.09,0,0.0,All risk checks passed
2025-11-05 12:27:00+00:00,FILLED,096724d0-6f6e-42e9-b724-09bb2e6da1f7,SELL,MARKET,12.0,629.09,12.0,629.09,
2025-11-05 12:28:00+00:00,RISK_PASS,4c4ff178-9c3d-42f3-bf5e-ab96f028468b,BUY,MARKET,12,629.21,0,0.0,All risk checks passed
2025-11-05 12:28:00+00:00,FILLED,4c4ff178-9c3d-42f3-bf5e-ab96f028468b,BUY,MARKET,12,629.21,12,629.21,
2025-11-05 12:31:00+00:00,RISK_PASS,a307e55c-f97f-4294-94a7-25be20513c9c,SELL,MARKET,12.0,629.6,0,0.0,All risk checks passed
2025-11-05 12:31:00+00:00,FILLED,a307e55c-f97f-4294-94a7-25be20513c9c,SELL,MARKET,12.0,629.6,12.0,629.6,
2025-11-05 12:32:00+00:00,RISK_PASS,5253d707-8562-4bf6-a725-0d61701991f9,BUY,MARKET,12,629.6,0,0.0,All risk checks passed
2025-11-05 12:32:00+00:00,REJECTED,5253d707-8562-4bf6-a725-0d61701991f9,BUY,MARKET,12,629.6,0,0.0,Random engine rejection
2025-11-05 12:33:00+00:00,RISK_PASS,85b8517a-d555-4b8d-b883-39f866e5d455,BUY,MARKET,12,629.7,0,0.0,All risk checks passed
2025-11-05 12:33:00+00:00,FILLED,85b8517a-d555-4b8d-b883-39f866e5d455,BUY,MARKET,12,629.7,12,629.7,
2025-11-05 12:56:00+00:00,RISK_PASS,ba8bf1a8-d703-4b06-81f0-1cc079a1bce5,SELL,MARKET,12.0,630.0,0,0.0,All risk checks passed
2025-11-05 12:56:00+00:00,FILLED,ba8bf1a8-d703-4b06-81f0-1cc079a1bce5,SELL,MARKET,12.0,630.0,12.0,630.0,
2025-11-05 12:57:00+00:00,RISK_PASS,57f61dee-7bd3-4cb3-8737-88c9bf22ebd0,BUY,MARKET,12,630.08,0,0.0,All risk checks passed
2025-11-05 12:57:00+00:00,FILLED,57f61dee-7bd3-4cb3-8737-88c9bf22ebd0,BUY,MARKET,12,630.08,12,630.08,
2025-11-05 12:59:00+00:00,RISK_PASS,d2ca3832-ebee-4183-9337-e201a8069a99,SELL,MARKET,12.0,630.4,0,0.0,All risk checks passed
2025-11-05 12:59:00+00:00,FILLED,d2ca3832-ebee-4183-9337-e201a8069a99,SELL,MARKET,12.0,630.4,12.0,630.4,
2025-11-05 13:00:00+00:00,RISK_PASS,9cfc4c18-165f-402d-83ed-592fa035469c,BUY,MARKET,12,629.9,0,0.0,All risk checks passed
2025-11-05 13:00:00+00:00,FILLED,9cfc4c18-165f-402d-83ed-592fa035469c,BUY,MARKET,12,629.9,12,629.9,
2025-11-05 13:03:00+00:00,RISK_PASS,e7e3d8da-bb34-4936-986b-e2b122365b5d,BUY,MARKET,7,627.43,0,0.0,All risk checks passed
2025-11-05 13:03:00+00:00,FILLED,e7e3d8da-bb34-4936-986b-e2b122365b5d,BUY,MARKET,7,627.43,7,627.43,
2025-11-05 13:07:00+00:00,RISK_PASS,988e7694-7d2b-407c-8d19-60e0c2092750,SELL,MARKET,19.0,628.56,0,0.0,All risk checks passed
2025-11-05 13:07:00+00:00,FILLED,988e7694-7d2b-407c-8d19-60e0c2092750,SELL,MARKET,19.0,628.56,19.0,628.56,
2025-11-05 13:19:00+00:00,RISK_PASS,5a58f00e-7e23-425b-8f41-d68d04a16643,BUY,MARKET,12,630.0,0,0.0,All risk checks passed
2025-11-05 13:19:00+00:00,FILLED,5a58f00e-7e23-425b-8f41-d68d04a16643,BUY,MARKET,12,630.0,12,630.0,
2025-11-05 13:21:00+00:00,RISK_PASS,6434a81f-188d-439b-b419-e574a363138f,SELL,MARKET,12.0,630.0,0,0.0,All risk checks passed
2025-11-05 13:21:00+00:00,FILLED,6434a81f-188d-439b-b419-e574a363138f,SELL,MARKET,12.0,630.0,12.0,630.0,
2025-11-05 13:22:00+00:00,RISK_PASS,e7030fd6-9439-40f1-9834-6040f3e74796,BUY,MARKET,12,629.95,0,0.0,All risk checks passed
2025-11-05 13:22:00+00:00,FILLED,e7030fd6-9439-40f1-9834-6040f3e74796,BUY,MARKET,12,629.95,12,629.95,
2025-11-05 13:23:00+00:00,RISK_PASS,faa71483-4b58-4c21-a94c-48389f96491d,SELL,MARKET,12.0,630.5,0,0.0,All risk checks passed
2025-11-05 13:23:00+00:00,FILLED,faa71483-4b58-4c21-a94c-48389f96491d,SELL,MARKET,12.0,630.5,12.0,630.5,
2025-11-05 13:24:00+00:00,RISK_PASS,3cc4947d-c467-4847-957c-058a79e1c7e9,BUY,MARKET,12,630.75,0,0.0,All risk checks passed
2025-11-05 13:24:00+00:00,FILLED,3cc4947d-c467-4847-957c-058a79e1c7e9,BUY,MARKET,12,630.75,12,630.75,
2025-11-05 13:25:00+00:00,RISK_PASS,2f1e4c18-d37e-4350-a7dc-6f0b30b94d2f,SELL,MARKET,12.0,631.0,0,0.0,All risk checks passed
2025-11-05 13:25:00+00:00,FILLED,2f1e4c18-d37e-4350-a7dc-6f0b30b94d2f,SELL,MARKET,12.0,631.0,12.0,631.0,
2025-11-05 13:26:00+00:00,RISK_PASS,19e1c0eb-0228-4931-b181-767e1d4bf1bf,BUY,MARKET,12,631.0,0,0.0,All risk checks passed
2025-11-05 13:26:00+00:00,FILLED,19e1c0eb-0228-4931-b181-767e1d4bf1bf,BUY,MARKET,12,631.0,12,631.0,
2025-11-05 13:27:00+00:00,RISK_PASS,918fe324-9ec1-4197-a3fb-06861eecf27b,SELL,MARKET,12.0,631.5,0,0.0,All risk checks passed
2025-11-05 13:27:00+00:00,FILLED,918fe324-9ec1-4197-a3fb-06861eecf27b,SELL,MARKET,12.0,631.5,12.0,631.5,
2025-11-05 13:28:00+00:00,RISK_PASS,9294bafb-dd3c-4b34-9bf5-23f5e9d5dea1,BUY,MARKET,12,631.51,0,0.0,All risk checks passed
2025-11-05 13:28:00+00:00,FILLED,9294bafb-dd3c-4b34-9bf5-23f5e9d5dea1,BUY,MARKET,12,631.51,12,631.51,
2025-11-05 13:29:00+00:00,RISK_PASS,686e7087-61f2-4b23-a37c-47f56b107254,SELL,MARKET,12.0,632.6,0,0.0,All risk checks passed
2025-11-05 13:29:00+00:00,FILLED,686e7087-61f2-4b23-a37c-47f56b107254,SELL,MARKET,12.0,632.6,2,632.6,
2025-11-05 13:30:00+00:00,RISK_PASS,a3ef17e4-d200-4033-9e5c-6b969b1c6ddb,BUY,MARKET,2,632.5,0,0.0,All risk checks passed
2025-11-05 13:30:00+00:00,RISK_PASS,9931a6bb-0de6-4854-8061-9fed2aab073a,SELL,MARKET,10.0,632.5,0,0.0,All risk checks passed
2025-11-05 13:30:00+00:00,FILLED,a3ef17e4-d200-4033-9e5c-6b969b1c6ddb,BUY,MARKET,2,632.5,2,632.5,
2025-11-05 13:30:00+00:00,FILLED,9931a6bb-0de6-4854-8061-9fed2aab073a,SELL,MARKET,10.0,632.5,10.0,632.5,
2025-11-05 13:31:00+00:00,RISK_PASS,51b82807-1c5e-42d6-b4ab-13fabd1ee30e,BUY,MARKET,10,632.9,0,0.0,All risk checks passed
2025-11-05 13:31:00+00:00,RISK_PASS,45134665-eba1-41a7-8ba6-ef2e7d19e2f2,SELL,MARKET,2.0,632.9,0,0.0,All risk checks passed
2025-11-05 13:31:00+00:00,FILLED,51b82807-1c5e-42d6-b4ab-13fabd1ee30e,BUY,MARKET,10,632.9,10,632.9,
2025-11-05 13:31:00+00:00,FILLED,45134665-eba1-41a7-8ba6-ef2e7d19e2f2,SELL,MARKET,2.0,632.9,2.0,632.9,
2025-11-05 13:32:00+00:00,RISK_PASS,caf7da0b-2e9c-4e93-9c99-8f6c69db1e2a,BUY,MARKET,2,633.15,0,0.0,All risk checks passed
2025-11-05 13:32:00+00:00,RISK_PASS,4cf4f284-f97b-47bb-ba60-1dd179ca5512,SELL,MARKET,10.0,633.15,0,0.0,All risk checks passed
2025-11-05 13:32:00+00:00,REJECTED,caf7da0b-2e9c-4e93-9c99-8f6c69db1e2a,BUY,MARKET,2,633.15,0,0.0,Random engine rejection
2025-11-05 13:32:00+00:00,FILLED,4cf4f284-f97b-47bb-ba60-1dd179ca5512,SELL,MARKET,10.0,633.15,10.0,633.15,
2025-11-05 13:33:00+00:00,RISK_PASS,8ef82187-32d2-4f2f-b051-198721d565a1,BUY,MARKET,12,632.9,0,0.0,All risk checks passed
2025-11-05 13:33:00+00:00,FILLED,8ef82187-32d2-4f2f-b051-198721d565a1,BUY,MARKET,12,632.9,12,632.9,
2025-11-05 13:34:00+00:00,RISK_PASS,8dd89788-398e-41e7-8af8-787e4c442c3b,SELL,MARKET,12.0,632.5,0,0.0,All risk checks passed
2025-11-05 13:34:00+00:00,FILLED,8dd89788-398e-41e7-8af8-787e4c442c3b,SELL,MARKET,12.0,632.5,12.0,632.5,
2025-11-05 13:35:00+00:00,RISK_PASS,8f9a7f39-7468-4c6c-ba0a-b138246feb85,BUY,MARKET,12,632.13,0,0.0,All risk checks passed
2025-11-05 13:35:00+00:00,FILLED,8f9a7f39-7468-4c6c-ba0a-b138246feb85,BUY,MARKET,12,632.13,12,632.13,
2025-11-05 13:36:00+00:00,RISK_PASS,61f5cdf3-1390-4ef1-b6f4-7f5fdac9bee6,SELL,MARKET,12.0,633.07,0,0.0,All risk checks passed
2025-11-05 13:36:00+00:00,FILLED,61f5cdf3-1390-4ef1-b6f4-7f5fdac9bee6,SELL,MARKET,12.0,633.07,12.0,633.07,
2025-11-05 13:37:00+00:00,RISK_PASS,869e18db-4946-4cc0-8563-63d3800298df,BUY,MARKET,12,634.0,0,0.0,All risk checks passed
2025-11-05 13:37:00+00:00,FILLED,869e18db-4946-4cc0-8563-63d3800298df,BUY,MARKET,12,634.0,9,634.0,
2025-11-05 13:38:00+00:00,RISK_PASS,611d0014-d3e6-4748-9a67-f84b55102110,BUY,MARKET,3,634.19,0,0.0,All risk checks passed
2025-11-05 13:38:00+00:00,RISK_PASS,0fb9be45-f1bb-4c61-8e80-44c214b985b1,SELL,MARKET,9.0,634.19,0,0.0,All risk checks passed
2025-11-05 13:38:00+00:00,FILLED,611d0014-d3e6-4748-9a67-f84b55102110,BUY,MARKET,3,634.19,3,634.19,
2025-11-05 13:38:00+00:00,FILLED,0fb9be45-f1bb-4c61-8e80-44c214b985b1,SELL,MARKET,9.0,634.19,3,634.19,
2025-11-05 13:39:00+00:00,RISK_PASS,b433ca9d-1038-42f6-bca7-51b29f2d7812,BUY,MARKET,3,634.24,0,0.0,All risk checks passed
2025-11-05 13:39:00+00:00,RISK_PASS,4f9cfda2-7ba5-4727-9e35-c1084300f5b1,SELL,MARKET,9.0,634.24,0,0.0,All risk checks passed
2025-11-05 13:39:00+00:00,FILLED,b433ca9d-1038-42f6-bca7-51b29f2d7812,BUY,MARKET,3,634.24,3,634.24,
2025-11-05 13:39:00+00:00,FILLED,4f9cfda2-7ba5-4727-9e35-c1084300f5b1,SELL,MARKET,9.0,634.24,5,634.24,
2025-11-05 13:40:00+00:00,RISK_PASS,1580f539-209b-433f-9232-806514098106,BUY,MARKET,5,634.045,0,0.0,All risk checks passed
2025-11-05 13:40:00+00:00,RISK_PASS,aaa66432-3f9d-45d4-960b-f050098e39fb,SELL,MARKET,7.0,634.045,0,0.0,All risk checks passed
2025-11-05 13:40:00+00:00,FILLED,1580f539-209b-433f-9232-806514098106,BUY,MARKET,5,634.045,5,634.045,
2025-11-05 13:40:00+00:00,FILLED,aaa66432-3f9d-45d4-960b-f050098e39fb,SELL,MARKET,7.0,634.045,7.0,634.045,
2025-11-05 13:41:00+00:00,RISK_PASS,0aec898d-1e7e-40b1-b8d2-81410a43a70a,BUY,MARKET,7,634.15,0,0.0,All risk checks passed
2025-11-05 13:41:00+00:00,RISK_PASS,e2cc302a-22ba-4360-b17c-ebdedf80adbe,SELL,MARKET,5.0,634.15,0,0.0,All risk checks passed
2025-11-05 13:41:00+00:00,FILLED,0aec898d-1e7e-40b1-b8d2-81410a43a70a,BUY,MARKET,7,634.15,7,634.15,
2025-11-05 13:41:00+00:00,FILLED,e2cc302a-22ba-4360-b17c-ebdedf80adbe,SELL,MARKET,5.0,634.15,5.0,634.15,
2025-11-05 13:42:00+00:00,RISK_PASS,06cb9b50-eff1-4cd1-b368-19157c443167,BUY,MARKET,5,634.17,0,0.0,All risk checks passed
2025-11-05 13:42:00+00:00,RISK_PASS,4c6abd1d-2818-4c4b-ba90-c114bf0462d2,SELL,MARKET,7.0,634.17,0,0.0,All risk checks passed
2025-11-05 13:42:00+00:00,FILLED,06cb9b50-eff1-4cd1-b368-19157c443167,BUY,MARKET,5,634.17,5,634.17,
2025-11-05 13:42:00+00:00,FILLED,4c6abd1d-2818-4c4b-ba90-c114bf0462d2,SELL,MARKET,7.0,634.17,7.0,634.17,
2025-11-05 13:43:00+00:00,RISK_PASS,14265ee3-f62f-463b-807c-c7520d0f1958,BUY,MARKET,7,633.99,0,0.0,All risk checks passed
2025-11-05 13:43:00+00:00,FILLED,14265ee3-f62f-463b-807c-c7520d0f1958,BUY,MARKET,7,633.99,7,633.99,
2025-11-05 13:53:00+00:00,RISK_PASS,a29e66ea-c647-4f7a-baad-f97b949f59ba,BUY,MARKET,6,632.46,0,0.0,All risk checks passed
2025-11-05 13:53:00+00:00,FILLED,a29e66ea-c647-4f7a-baad-f97b949f59ba,BUY,MARKET,6,632.46,6,632.46,
2025-11-05 14:10:00+00:00,RISK_PASS,2ca50411-db6d-43cd-a4f0-ed3e01c4952f,SELL,MARKET,18.0,632.41,0,0.0,All risk checks passed
2025-11-05 14:10:00+00:00,FILLED,2ca50411-db6d-43cd-a4f0-ed3e01c4952f,SELL,MARKET,18.0,632.41,18.0,632.41,
2025-11-05 14:27:00+00:00,RISK_PASS,35d9a05f-0fba-4a10-9dc9-0caaa83aa5bb,BUY,MARKET,12,634.83,0,0.0,All risk checks passed
2025-11-05 14:27:00+00:00,FILLED,35d9a05f-0fba-4a10-9dc9-0caaa83aa5bb,BUY,MARKET,12,634.83,12,634.83,
2025-11-05 14:30:00+00:00,RISK_PASS,efd48899-baa2-40eb-a485-97cf4ed323b0,SELL,MARKET,12.0,628.5,0,0.0,All risk checks passed
2025-11-05 14:30:00+00:00,FILLED,efd48899-baa2-40eb-a485-97cf4ed323b0,SELL,MARKET,12.0,628.5,12.0,628.5,
2025-11-05 14:41:00+00:00,RISK_PASS,bc6c25be-3e2a-41b0-9d26-710057dd5b58,BUY,MARKET,15,627.19,0,0.0,All risk checks passed
2025-11-05 14:41:00+00:00,FILLED,bc6c25be-3e2a-41b0-9d26-710057dd5b58,BUY,MARKET,15,627.19,15,627.19,
2025-11-05 14:42:00+00:00,RISK_PASS,4a672fbd-8d12-4054-a31b-4aa89cd61d17,SELL,MARKET,15.0,627.3,0,0.0,All risk checks passed
2025-11-05 14:42:00+00:00,FILLED,4a672fbd-8d12-4054-a31b-4aa89cd61d17,SELL,MARKET,15.0,627.3,15.0,627.3,
2025-11-05 15:01:00+00:00,RISK_PASS,f3c92abe-512e-4236-a81c-843b7b8ea8c8,BUY,MARKET,12,634.91,0,0.0,All risk checks passed
2025-11-05 15:01:00+00:00,FILLED,f3c92abe-512e-4236-a81c-843b7b8ea8c8,BUY,MARKET,12,634.91,12,634.91,
2025-11-05 15:02:00+00:00,RISK_PASS,57d77c5d-0833-4126-8ba4-be782c7261f3,SELL,MARKET,12.0,633.825,0,0.0,All risk checks passed
2025-11-05 15:02:00+00:00,FILLED,57d77c5d-0833-4126-8ba4-be782c7261f3,SELL,MARKET,12.0,633.825,12.0,633.825,
2025-11-05 15:03:00+00:00,RISK_PASS,de01b9ab-8e6c-48aa-9ce2-d5cbcb79ddfd,BUY,MARKET,12,634.3881,0,0.0,All risk checks passed
2025-11-05 15:03:00+00:00,FILLED,de01b9ab-8e6c-48aa-9ce2-d5cbcb79ddfd,BUY,MARKET,12,634.3881,12,634.3881,
2025-11-05 15:24:00+00:00,RISK_PASS,a5e87322-4029-48a1-9a09-941185064986,SELL,MARKET,12.0,635.895,0,0.0,All risk checks passed
2025-11-05 15:24:00+00:00,FILLED,a5e87322-4029-48a1-9a09-941185064986,SELL,MARKET,12.0,635.895,12.0,635.895,
2025-11-05 15:25:00+00:00,RISK_PASS,b62bb2ad-5715-4a13-a7d8-710cef1f7099,BUY,MARKET,12,636.17,0,0.0,All risk checks passed
2025-11-05 15:25:00+00:00,FILLED,b62bb2ad-5715-4a13-a7d8-710cef1f7099,BUY,MARKET,12,636.17,12,636.17,
2025-11-05 15:26:00+00:00,RISK_PASS,1f76486b-76be-47b7-910a-f5fbab20d696,SELL,MARKET,12.0,636.943,0,0.0,All risk checks passed
2025-11-05 15:26:00+00:00,FILLED,1f76486b-76be-47b7-910a-f5fbab20d696,SELL,MARKET,12.0,636.943,12.0,636.943,
2025-11-05 15:27:00+00:00,RISK_PASS,2c26a16a-fe33-421c-95c8-b2f638003d08,BUY,MARKET,12,637.41,0,0.0,All risk checks passed
2025-11-05 15:27:00+00:00,FILLED,2c26a16a-fe33-421c-95c8-b2f638003d08,BUY,MARKET,12,637.41,12,637.41,
2025-11-05 15:28:00+00:00,RISK_PASS,320ad2cf-6d69-4c07-b7b8-b27a77978011,SELL,MARKET,12.0,637.83,0,0.0,All risk checks passed
2025-11-05 15:28:00+00:00,FILLED,320ad2cf-6d69-4c07-b7b8-b27a77978011,SELL,MARKET,12.0,637.83,12.0,637.83,
2025-11-05 15:29:00+00:00,RISK_PASS,4cbbe2a0-bc8a-47d0-a70f-d1bd934a7c35,BUY,MARKET,12,637.405,0,0.0,All risk checks passed
2025-11-05 15:29:00+00:00,FILLED,4cbbe2a0-bc8a-47d0-a70f-d1bd934a7c35,BUY,MARKET,12,637.405,12,637.405,
2025-11-05 15:30:00+00:00,RISK_PASS,24d4088a-7bcc-4fee-ba9e-afe084e71e63,BUY,MARKET,6,637.714,0,0.0,All risk checks passed
2025-11-05 15:30:00+00:00,RISK_PASS,9b6a17d7-eb74-4695-93c3-07ed2ff36098,SELL,MARKET,12.0,637.714,0,0.0,All risk checks passed
2025-11-05 15:30:00+00:00,FILLED,24d4088a-7bcc-4fee-ba9e-afe084e71e63,BUY,MARKET,6,637.714,6,637.714,
2025-11-05 15:30:00+00:00,FILLED,9b6a17d7-eb74-4695-93c3-07ed2ff36098,SELL,MARKET,12.0,637.714,12.0,637.714,
2025-11-05 15:31:00+00:00,RISK_PASS,f3d5fb1f-67cd-4a46-ad43-2c4e37764aa3,BUY,MARKET,12,638.1,0,0.0,All risk checks passed
2025-11-05 15:31:00+00:00,RISK_PASS,8b5fbac4-4529-41ee-a6b7-4983487d4f89,SELL,MARKET,6.0,638.1,0,0.0,All risk checks passed
2025-11-05 15:31:00+00:00,FILLED,f3d5fb1f-67cd-4a46-ad43-2c4e37764aa3,BUY,MARKET,12,638.1,12,638.1,
2025-11-05 15:31:00+00:00,FILLED,8b5fbac4-4529-41ee-a6b7-4983487d4f89,SELL,MARKET,6.0,638.1,6.0,638.1,
2025-11-05 15:32:00+00:00,RISK_PASS,d4026939-07b9-404e-94a8-83c678ac1e61,SELL,MARKET,12.0,637.84,0,0.0,All risk checks passed
2025-11-05 15:32:00+00:00,FILLED,d4026939-07b9-404e-94a8-83c678ac1e61,SELL,MARKET,12.0,637.84,6,637.84,
2025-11-05 15:33:00+00:00,RISK_PASS,eefdf58f-9b0c-42e2-8781-7fbb6d816fe0,BUY,MARKET,12,638.175,0,0.0,All risk checks passed
2025-11-05 15:33:00+00:00,RISK_PASS,2a4e0cc2-f6e3-4742-966b-df981c460510,SELL,MARKET,6.0,638.175,0,0.0,All risk checks passed
2025-11-05 15:33:00+00:00,FILLED,eefdf58f-9b0c-42e2-8781-7fbb6d816fe0,BUY,MARKET,12,638.175,12,638.175,
2025-11-05 15:33:00+00:00,FILLED,2a4e0cc2-f6e3-4742-966b-df981c460510,SELL,MARKET,6.0,638.175,6.0,638.175,
2025-11-05 15:34:00+00:00,RISK_PASS,478f6c38-e8ac-44be-926b-5aed7cd17ba1,BUY,MARKET,6,637.37,0,0.0,All risk checks passed
2025-11-05 15:34:00+00:00,RISK_PASS,c613005a-3cd9-4cbb-8d61-ab196db2d9c7,SELL,MARKET,12.0,637.37,0,0.0,All risk checks passed
2025-11-05 15:34:00+00:00,FILLED,478f6c38-e8ac-44be-926b-5aed7cd17ba1,BUY,MARKET,6,637.37,6,637.37,
2025-11-05 15:34:00+00:00,FILLED,c613005a-3cd9-4cbb-8d61-ab196db2d9c7,SELL,MARKET,12.0,637.37,12.0,637.37,
2025-11-05 15:35:00+00:00,RISK_PASS,06d7f5ab-909c-41bc-913d-1cbfc2763cee,BUY,MARKET,12,638.07,0,0.0,All risk checks passed
2025-11-05 15:35:00+00:00,RISK_PASS,22b0df97-b97e-4ba4-b148-244b3d1d309e,SELL,MARKET,6.0,638.07,0,0.0,All risk checks passed
2025-11-05 15:35:00+00:00,FILLED,06d7f5ab-909c-41bc-913d-1cbfc2763cee,BUY,MARKET,12,638.07,12,638.07,
2025-11-05 15:35:00+00:00,FILLED,22b0df97-b97e-4ba4-b148-244b3d1d309e,SELL,MARKET,6.0,638.07,6.0,638.07,
2025-11-05 15:36:00+00:00,RISK_PASS,f0533adb-f2a8-4eb6-a55e-eb5a8a192f01,BUY,MARKET,6,637.99,0,0.0,All risk checks passed
2025-11-05 15:36:00+00:00,RISK_PASS,aa5dd219-133a-4112-90d5-ce9e54f9fe85,SELL,MARKET,12.0,637.99,0,0.0,All risk checks passed
2025-11-05 15:36:00+00:00,FILLED,f0533adb-f2a8-4eb6-a55e-eb5a8a192f01,BUY,MARKET,6,637.99,6,637.99,
2025-11-05 15:36:00+00:00,FILLED,aa5dd219-133a-4112-90d5-ce9e54f9fe85,SELL,MARKET,12.0,637.99,12.0,637.99,
2025-11-05 15:37:00+00:00,RISK_PASS,be058cdc-f8af-4d4d-8ca5-3125b3aa259d,BUY,MARKET,12,637.7947,0,0.0,All risk checks passed
2025-11-05 15:37:00+00:00,RISK_PASS,0611a575-12d5-4d8f-9043-19d6444b1a0c,SELL,MARKET,6.0,637.7947,0,0.0,All risk checks passed
2025-11-05 15:37:00+00:00,FILLED,be058cdc-f8af-4d4d-8ca5-3125b3aa259d,BUY,MARKET,12,637.7947,12,637.7947,
2025-11-05 15:37:00+00:00,FILLED,0611a575-12d5-4d8f-9043-19d6444b1a0c,SELL,MARKET,6.0,637.7947,6.0,637.7947,
2025-11-05 15:39:00+00:00,RISK_PASS,ddecae68-8fb1-4f35-8cc9-94eacd20e31f,BUY,MARKET,6,638.14,0,0.0,All risk checks passed
2025-11-05 15:39:00+00:00,FILLED,ddecae68-8fb1-4f35-8cc9-94eacd20e31f,BUY,MARKET,6,638.14,6,638.14,
2025-11-05 16:01:00+00:00,RISK_PASS,2baac0e9-e3cf-403f-813e-c49646b4a546,SELL,MARKET,18.0,636.01,0,0.0,All risk checks passed
2025-11-05 16:01:00+00:00,FILLED,2baac0e9-e3cf-403f-813e-c49646b4a546,SELL,MARKET,18.0,636.01,18.0,636.01,
2025-11-05 16:29:00+00:00,RISK_PASS,84fbac06-b643-4067-ba21-0d428773298f,BUY,MARKET,12,637.53,0,0.0,All risk checks passed
2025-11-05 16:29:00+00:00,FILLED,84fbac06-b643-4067-ba21-0d428773298f,BUY,MARKET,12,637.53,12,637.53,
2025-11-05 16:31:00+00:00,RISK_PASS,ba6c595e-0afb-4480-948e-320e3164f005,SELL,MARKET,12.0,637.24,0,0.0,All risk checks passed
2025-11-05 16:31:00+00:00,FILLED,ba6c595e-0afb-4480-948e-320e3164f005,SELL,MARKET,12.0,637.24,12.0,637.24,
2025-11-05 16:32:00+00:00,RISK_PASS,1994df40-1ca1-4bd1-a32a-76523c1c93c1,BUY,MARKET,12,637.3951,0,0.0,All risk checks passed
2025-11-05 16:32:00+00:00,FILLED,1994df40-1ca1-4bd1-a32a-76523c1c93c1,BUY,MARKET,12,637.3951,12,637.3951,
2025-11-05 16:33:00+00:00,RISK_PASS,c34e9ad0-b759-4136-bfc3-c7e724ded7ea,SELL,MARKET,12.0,637.4548,0,0.0,All risk checks passed
2025-11-05 16:33:00+00:00,FILLED,c34e9ad0-b759-4136-bfc3-c7e724ded7ea,SELL,MARKET,12.0,637.4548,12.0,637.4548,
2025-11-05 16:34:00+00:00,RISK_PASS,21fa9ec0-b5df-4354-9b51-eb2f8b94b05a,BUY,MARKET,12,637.78,0,0.0,All risk checks passed
2025-11-05 16:34:00+00:00,FILLED,21fa9ec0-b5df-4354-9b51-eb2f8b94b05a,BUY,MARKET,12,637.78,12,637.78,
2025-11-05 17:00:00+00:00,RISK_PASS,6bc36f28-a914-4dff-9bd4-33f2f0098a0f,SELL,MARKET,12.0,640.3965,0,0.0,All risk checks passed
2025-11-05 17:00:00+00:00,FILLED,6bc36f28-a914-4dff-9bd4-33f2f0098a0f,SELL,MARKET,12.0,640.3965,12.0,640.3965,
2025-11-05 17:01:00+00:00,RISK_PASS,d8b4db87-28c3-41da-b865-49d790cc2f52,BUY,MARKET,12,640.66,0,0.0,All risk checks passed
2025-11-05 17:01:00+00:00,REJECTED,d8b4db87-28c3-41da-b865-49d790cc2f52,BUY,MARKET,12,640.66,0,0.0,Random engine rejection
2025-11-05 17:02:00+00:00,RISK_PASS,44455030-ad42-40d1-9775-e119cce94886,BUY,MARKET,12,640.3685,0,0.0,All risk checks passed
2025-11-05 17:02:00+00:00,FILLED,44455030-ad42-40d1-9775-e119cce94886,BUY,MARKET,12,640.3685,12,640.3685,
2025-11-05 17:03:00+00:00,RISK_PASS,aa17d540-b1ab-4fa6-a08c-e85ec0c3a2e5,SELL,MARKET,12.0,640.17,0,0.0,All risk checks passed
2025-11-05 17:03:00+00:00,FILLED,aa17d540-b1ab-4fa6-a08c-e85ec0c3a2e5,SELL,MARKET,12.0,640.17,12.0,640.17,
2025-11-05 17:04:00+00:00,RISK_PASS,9673c7ae-4b95-4a6a-9c46-8aa62022ebfd,BUY,MARKET,12,639.8799,0,0.0,All risk checks passed
2025-11-05 17:04:00+00:00,FILLED,9673c7ae-4b95-4a6a-9c46-8aa62022ebfd,BUY,MARKET,12,639.8799,12,639.8799,
2025-11-05 17:05:00+00:00,RISK_PASS,b71cfdec-a21d-4dd1-9a8e-9d6cd767272a,SELL,MARKET,12.0,640.21,0,0.0,All risk checks passed
2025-11-05 17:05:00+00:00,FILLED,b71cfdec-a21d-4dd1-9a8e-9d6cd767272a,SELL,MARKET,12.0,640.21,9,640.21,
2025-11-05 17:06:00+00:00,RISK_PASS,64cb1c1c-0f03-4d4b-b4c8-c169de4568cb,BUY,MARKET,9,640.225,0,0.0,All risk checks passed
2025-11-05 17:06:00+00:00,RISK_PASS,7513c6c5-0ffb-43c3-bfd8-7ef8f098b1e7,SELL,MARKET,3.0,640.225,0,0.0,All risk checks passed
2025-11-05 17:06:00+00:00,FILLED,64cb1c1c-0f03-4d4b-b4c8-c169de4568cb,BUY,MARKET,9,640.225,9,640.225,
2025-11-05 17:06:00+00:00,FILLED,7513c6c5-0ffb-43c3-bfd8-7ef8f098b1e7,SELL,MARKET,3.0,640.225,3.0,640.225,
2025-11-05 17:07:00+00:00,RISK_PASS,ee679344-f16f-4b14-969f-964f798b507a,BUY,MARKET,3,640.24,0,0.0,All risk checks passed
2025-11-05 17:07:00+00:00,RISK_PASS,30517a7a-a52e-4a34-aee8-e6dca162089d,SELL,MARKET,9.0,640.24,0,0.0,All risk checks passed
2025-11-05 17:07:00+00:00,REJECTED,ee679344-f16f-4b14-969f-964f798b507a,BUY,MARKET,3,640.24,0,0.0,Random engine rejection
2025-11-05 17:07:00+00:00,FILLED,30517a7a-a52e-4a34-aee8-e6dca162089d,SELL,MARKET,9.0,640.24,6,640.24,
2025-11-05 17:08:00+00:00,RISK_PASS,aca07542-c959-403c-b161-8dc5dbf8bcfa,BUY,MARKET,9,639.95,0,0.0,All risk checks passed
2025-11-05 17:08:00+00:00,FILLED,aca07542-c959-403c-b161-8dc5dbf8bcfa,BUY,MARKET,9,639.95,2,639.95,
2025-11-05 17:09:00+00:00,RISK_PASS,69ec9e8f-8e44-48e3-9627-15d77d666a51,BUY,MARKET,7,639.58,0,0.0,All risk checks passed
2025-11-05 17:09:00+00:00,FILLED,69ec9e8f-8e44-48e3-9627-15d77d666a51,BUY,MARKET,7,639.58,7,639.58,
2025-11-05 17:14:00+00:00,RISK_PASS,62c013b1-dfe6-4099-852b-63da6273e803,BUY,MARKET,6,638.7879,0,0.0,All risk checks passed
2025-11-05 17:14:00+00:00,FILLED,62c013b1-dfe6-4099-852b-63da6273e803,BUY,MARKET,6,638.7879,6,638.7879,
2025-11-05 17:25:00+00:00,RISK_PASS,54b8d106-7f9b-4ff8-bd7c-c0b469cb77dc,SELL,MARKET,18.0,637.605,0,0.0,All risk checks passed
2025-11-05 17:25:00+00:00,FILLED,54b8d106-7f9b-4ff8-bd7c-c0b469cb77dc,SELL,MARKET,18.0,637.605,18.0,637.605,
2025-11-05 17:28:00+00:00,RISK_PASS,a42fb469-8525-4229-883b-c4e05bcd92c6,BUY,MARKET,15,637.325,0,0.0,All risk checks passed
2025-11-05 17:28:00+00:00,FILLED,a42fb469-8525-4229-883b-c4e05bcd92c6,BUY,MARKET,15,637.325,15,637.325,
2025-11-05 17:29:00+00:00,RISK_PASS,108dc704-9411-45f8-be2a-076c7f984f07,SELL,MARKET,15.0,637.335,0,0.0,All risk checks passed
2025-11-05 17:29:00+00:00,FILLED,108dc704-9411-45f8-be2a-076c7f984f07,SELL,MARKET,15.0,637.335,15.0,637.335,
2025-11-05 17:40:00+00:00,RISK_PASS,04393de8-9144-4b6d-927c-b40371014c80,BUY,MARKET,12,639.49,0,0.0,All risk checks passed
2025-11-05 17:40:00+00:00,FILLED,04393de8-9144-4b6d-927c-b40371014c80,BUY,MARKET,12,639.49,12,639.49,
2025-11-05 17:41:00+00:00,RISK_PASS,ffc0946d-c528-4bd5-a752-77750854df3f,SELL,MARKET,12.0,639.95,0,0.0,All risk checks passed
2025-11-05 17:41:00+00:00,FILLED,ffc0946d-c528-4bd5-a752-77750854df3f,SELL,MARKET,12.0,639.95,12.0,639.95,
2025-11-05 17:42:00+00:00,RISK_PASS,49fd0298-2524-4f5b-962c-7993bf0896ae,BUY,MARKET,12,639.76,0,0.0,All risk checks passed
2025-11-05 17:42:00+00:00,FILLED,49fd0298-2524-4f5b-962c-7993bf0896ae,BUY,MARKET,12,639.76,12,639.76,
2025-11-05 17:43:00+00:00,RISK_PASS,45ea1790-04c4-4f16-85e4-ef2e05e101d7,SELL,MARKET,12.0,640.19,0,0.0,All risk checks passed
2025-11-05 17:43:00+00:00,FILLED,45ea1790-04c4-4f16-85e4-ef2e05e101d7,SELL,MARKET,12.0,640.19,4,640.19,
2025-11-05 17:44:00+00:00,RISK_PASS,ab7583f0-19a8-4c01-b15b-36ab86671545,BUY,MARKET,4,640.53,0,0.0,All risk checks passed
2025-11-05 17:44:00+00:00,RISK_PASS,09f8db22-a21a-4a2e-8fae-775b91c8735e,SELL,MARKET,8.0,640.53,0,0.0,All risk checks passed
2025-11-05 17:44:00+00:00,FILLED,ab7583f0-19a8-4c01-b15b-36ab86671545,BUY,MARKET,4,640.53,4,640.53,
2025-11-05 17:44:00+00:00,FILLED,09f8db22-a21a-4a2e-8fae-775b91c8735e,SELL,MARKET,8.0,640.53,8.0,640.53,
2025-11-05 17:45:00+00:00,RISK_PASS,54bab27d-9e9a-405e-9abd-6e43b1ef1c7f,BUY,MARKET,8,640.635,0,0.0,All risk checks passed
2025-11-05 17:45:00+00:00,RISK_PASS,b54e66da-93bc-4d8b-89d4-37de53becb2d,SELL,MARKET,4.0,640.635,0,0.0,All risk checks passed
2025-11-05 17:45:00+00:00,FILLED,54bab27d-9e9a-405e-9abd-6e43b1ef1c7f,BUY,MARKET,8,640.635,8,640.635,
2025-11-05 17:45:00+00:00,FILLED,b54e66da-93bc-4d8b-89d4-37de53becb2d,SELL,MARKET,4.0,640.635,4.0,640.635,
2025-11-05 17:46:00+00:00,RISK_PASS,6298a817-e7da-4b2a-b48e-e108ab525b46,BUY,MARKET,4,640.36,0,0.0,All risk checks passed
2025-11-05 17:46:00+00:00,FILLED,6298a817-e7da-4b2a-b48e-e108ab525b46,BUY,MARKET,4,640.36,4,640.36,
2025-11-05 17:47:00+00:00,RISK_PASS,90a0a5f4-eac4-44c1-baef-06c8f734e092,SELL,MARKET,12.0,640.5979,0,0.0,All risk checks passed
2025-11-05 17:47:00+00:00,FILLED,90a0a5f4-eac4-44c1-baef-06c8f734e092,SELL,MARKET,12.0,640.5979,12.0,640.5979,
2025-11-05 17:48:00+00:00,RISK_PASS,93604cd1-67df-4ccf-9d18-e115fbc0fc5e,BUY,MARKET,12,640.5532,0,0.0,All risk checks passed
2025-11-05 17:48:00+00:00,FILLED,93604cd1-67df-4ccf-9d18-e115fbc0fc5e,BUY,MARKET,12,640.5532,12,640.5532,
2025-11-05 17:49:00+00:00,RISK_PASS,9d5cf613-1f3c-4235-a11b-5a0a01f4f32a,SELL,MARKET,12.0,640.51,0,0.0,All risk checks passed
2025-11-05 17:49:00+00:00,FILLED,9d5cf613-1f3c-4235-a11b-5a0a01f4f32a,SELL,MARKET,12.0,640.51,12.0,640.51,
2025-11-05 17:50:00+00:00,RISK_PASS,4b4904e3-1024-4c4d-aa32-22fca83fef49,BUY,MARKET,12,640.38,0,0.0,All risk checks passed
2025-11-05 17:50:00+00:00,FILLED,4b4904e3-1024-4c4d-aa32-22fca83fef49,BUY,MARKET,12,640.38,10,640.38,
2025-11-05 17:51:00+00:00,RISK_PASS,35fc2323-5c6f-4a91-99cf-86b69e70b13c,BUY,MARKET,2,640.75,0,0.0,All risk checks passed
2025-11-05 17:51:00+00:00,RISK_PASS,a4001ad6-6c0a-4010-8ea5-d538dadd9235,SELL,MARKET,10.0,640.75,0,0.0,All risk checks passed
2025-11-05 17:51:00+00:00,FILLED,35fc2323-5c6f-4a91-99cf-86b69e70b13c,BUY,MARKET,2,640.75,2,640.75,
2025-11-05 17:51:00+00:00,FILLED,a4001ad6-6c0a-4010-8ea5-d538dadd9235,SELL,MARKET,10.0,640.75,10.0,640.75,
2025-11-05 17:52:00+00:00,RISK_PASS,2d38e177-4d52-431e-bda7-099b8fa14141,BUY,MARKET,10,640.265,0,0.0,All risk checks passed
2025-11-05 17:52:00+00:00,FILLED,2d38e177-4d52-431e-bda7-099b8fa14141,BUY,MARKET,10,640.265,10,640.265,
2025-11-05 18:02:00+00:00,RISK_PASS,0da608a5-d816-425f-a43a-121a6c3d35c5,BUY,MARKET,6,638.88,0,0.0,All risk checks passed
2025-11-05 18:02:00+00:00,FILLED,0da608a5-d816-425f-a43a-121a6c3d35c5,BUY,MARKET,6,638.88,6,638.88,
2025-11-05 18:13:00+00:00,RISK_PASS,328af0bc-bd6a-4883-beb3-ba8179593189,SELL,MARKET,18.0,641.088,0,0.0,All risk checks passed
2025-11-05 18:13:00+00:00,FILLED,328af0bc-bd6a-4883-beb3-ba8179593189,SELL,MARKET,18.0,641.088,18.0,641.088,
2025-11-05 18:14:00+00:00,RISK_PASS,fa658464-c02b-4e06-80d8-8ef7826d2b62,BUY,MARKET,12,641.36,0,0.0,All risk checks passed
2025-11-05 18:14:00+00:00,FILLED,fa658464-c02b-4e06-80d8-8ef7826d2b62,BUY,MARKET,12,641.36,12,641.36,
2025-11-05 18:15:00+00:00,RISK_PASS,dea5b594-99c0-4854-a7e7-9878985a69b7,SELL,MARKET,12.0,641.64,0,0.0,All risk checks passed
2025-11-05 18:15:00+00:00,FILLED,dea5b594-99c0-4854-a7e7-9878985a69b7,SELL,MARKET,12.0,641.64,12.0,641.64,
2025-11-05 18:16:00+00:00,RISK_PASS,ce4462a9-43e6-4da2-a632-1438a2b640c4,BUY,MARKET,12,641.43,0,0.0,All risk checks passed
2025-11-05 18:16:00+00:00,FILLED,ce4462a9-43e6-4da2-a632-1438a2b640c4,BUY,MARKET,12,641.43,12,641.43,
2025-11-05 18:17:00+00:00,RISK_PASS,0ff6466e-72d5-4f33-b43f-646bec6a4816,SELL,MARKET,12.0,641.9,0,0.0,All risk checks passed
2025-11-05 18:17:00+00:00,FILLED,0ff6466e-72d5-4f33-b43f-646bec6a4816,SELL,MARKET,12.0,641.9,12.0,641.9,
2025-11-05 18:18:00+00:00,RISK_PASS,a0de09bc-4850-476e-9ba7-cdb72ec4e975,BUY,MARKET,12,641.68,0,0.0,All risk checks passed
2025-11-05 18:18:00+00:00,FILLED,a0de09bc-4850-476e-9ba7-cdb72ec4e975,BUY,MARKET,12,641.68,12,641.68,
2025-11-05 18:19:00+00:00,RISK_PASS,934e964f-2081-4177-ad1e-c1395fddb4a0,SELL,MARKET,12.0,641.6,0,0.0,All risk checks passed
2025-11-05 18:19:00+00:00,FILLED,934e964f-2081-4177-ad1e-c1395fddb4a0,SELL,MARKET,12.0,641.6,8,641.6,
2025-11-05 18:20:00+00:00,RISK_PASS,407f93e9-afae-4a45-9f54-1299557e382f,BUY,MARKET,8,641.38,0,0.0,All risk checks passed
2025-11-05 18:20:00+00:00,FILLED,407f93e9-afae-4a45-9f54-1299557e382f,BUY,MARKET,8,641.38,8,641.38,
2025-11-05 18:22:00+00:00,RISK_PASS,a2a42987-942b-4114-a28f-3a1984f9219a,SELL,MARKET,12.0,641.76,0,0.0,All risk checks passed
2025-11-05 18:22:00+00:00,FILLED,a2a42987-942b-4114-a28f-3a1984f9219a,SELL,MARKET,12.0,641.76,12.0,641.76,
2025-11-05 18:23:00+00:00,RISK_PASS,452eb318-4a38-489c-8550-71464766200b,BUY,MARKET,12,641.21,0,0.0,All risk checks passed
2025-11-05 18:23:00+00:00,FILLED,452eb318-4a38-489c-8550-71464766200b,BUY,MARKET,12,641.21,12,641.21,
2025-11-05 18:45:00+00:00,RISK_PASS,dd14e9b7-8817-4d95-8f05-d171d7a3cfcc,BUY,MARKET,6,640.54,0,0.0,All risk checks passed
2025-11-05 18:45:00+00:00,FILLED,dd14e9b7-8817-4d95-8f05-d171d7a3cfcc,BUY,MARKET,6,640.54,6,640.54,
2025-11-05 18:50:00+00:00,RISK_PASS,988e4e55-d6c0-4572-b7d1-c627d796c873,SELL,MARKET,18.0,640.355,0,0.0,All risk checks passed
2025-11-05 18:50:00+00:00,REJECTED,988e4e55-d6c0-4572-b7d1-c627d796c873,SELL,MARKET,18.0,640.355,0,0.0,Random engine rejection
2025-11-05 18:51:00+00:00,RISK_PASS,c934bcf8-5e6b-4d28-b358-22c19001874a,SELL,MARKET,18.0,640.52,0,0.0,All risk checks passed
2025-11-05 18:51:00+00:00,FILLED,c934bcf8-5e6b-4d28-b358-22c19001874a,SELL,MARKET,18.0,640.52,18.0,640.52,
2025-11-05 18:52:00+00:00,RISK_PASS,686e8df0-f9ad-45e4-9f4a-989b815fdaa0,BUY,MARKET,15,640.5,0,0.0,All risk checks passed
2025-11-05 18:52:00+00:00,FILLED,686e8df0-f9ad-45e4-9f4a-989b815fdaa0,BUY,MARKET,15,640.5,15,640.5,
2025-11-05 18:53:00+00:00,RISK_PASS,b31784db-87cb-41c0-9af9-871f2214c2b3,SELL,MARKET,15.0,640.32,0,0.0,All risk checks passed
2025-11-05 18:53:00+00:00,FILLED,b31784db-87cb-41c0-9af9-871f2214c2b3,SELL,MARKET,15.0,640.32,15.0,640.32,
2025-11-05 18:54:00+00:00,RISK_PASS,808265d3-560b-4151-957e-6bc98ee47562,BUY,MARKET,15,639.9373,0,0.0,All risk checks passed
2025-11-05 18:54:00+00:00,FILLED,808265d3-560b-4151-957e-6bc98ee47562,BUY,MARKET,15,639.9373,15,639.9373,
2025-11-05 18:55:00+00:00,RISK_PASS,fa010158-a2e1-42b1-8069-54253bd22230,SELL,MARKET,15.0,640.16,0,0.0,All risk checks passed
2025-11-05 18:55:00+00:00,FILLED,fa010158-a2e1-42b1-8069-54253bd22230,SELL,MARKET,15.0,640.16,15.0,640.16,
2025-11-05 18:56:00+00:00,RISK_PASS,613127be-7654-4eff-bca8-5ba814670d1c,BUY,MARKET,15,640.02,0,0.0,All risk checks passed
2025-11-05 18:56:00+00:00,FILLED,613127be-7654-4eff-bca8-5ba814670d1c,BUY,MARKET,15,640.02,15,640.02,
2025-11-05 18:57:00+00:00,RISK_PASS,ae2f6284-b429-4d2f-b221-4b4481dd3660,SELL,MARKET,15.0,639.62,0,0.0,All risk checks passed
2025-11-05 18:57:00+00:00,FILLED,ae2f6284-b429-4d2f-b221-4b4481dd3660,SELL,MARKET,15.0,639.62,4,639.62,
2025-11-05 18:58:00+00:00,RISK_PASS,467cf61f-748e-4118-a1a0-4dffe6dc8e87,SELL,MARKET,11.0,640.2,0,0.0,All risk checks passed
2025-11-05 18:58:00+00:00,FILLED,467cf61f-748e-4118-a1a0-4dffe6dc8e87,SELL,MARKET,11.0,640.2,1,640.2,
2025-11-05 18:59:00+00:00,RISK_PASS,4d08132e-4304-43ff-94b2-b01e5e971420,SELL,MARKET,10.0,640.14,0,0.0,All risk checks passed
2025-11-05 18:59:00+00:00,FILLED,4d08132e-4304-43ff-94b2-b01e5e971420,SELL,MARKET,10.0,640.14,10.0,640.14,
2025-11-05 19:41:00+00:00,RISK_PASS,1bd61f87-c528-4038-9a5e-f54a7ba8a428,BUY,MARKET,12,639.78,0,0.0,All risk checks passed
2025-11-05 19:41:00+00:00,FILLED,1bd61f87-c528-4038-9a5e-f54a7ba8a428,BUY,MARKET,12,639.78,12,639.78,
2025-11-05 19:42:00+00:00,RISK_PASS,773624e0-7474-4aa0-9c1a-2b379764b7c7,SELL,MARKET,12.0,640.19,0,0.0,All risk checks passed
2025-11-05 19:42:00+00:00,FILLED,773624e0-7474-4aa0-9c1a-2b379764b7c7,SELL,MARKET,12.0,640.19,12.0,640.19,
2025-11-05 19:43:00+00:00,RISK_PASS,2ba1c09e-dd06-4133-8c6d-ca00af0c10be,BUY,MARKET,12,640.2,0,0.0,All risk checks passed
2025-11-05 19:43:00+00:00,REJECTED,2ba1c09e-dd06-4133-8c6d-ca00af0c10be,BUY,MARKET,12,640.2,0,0.0,Random engine rejection
2025-11-05 19:44:00+00:00,RISK_PASS,dfdcada1-25db-4477-811e-87ee4f234d85,BUY,MARKET,12,640.415,0,0.0,All risk checks passed
2025-11-05 19:44:00+00:00,FILLED,dfdcada1-25db-4477-811e-87ee4f234d85,BUY,MARKET,12,640.415,12,640.415,
2025-11-05 20:03:00+00:00,RISK_PASS,465b46fc-5db9-4482-a8ef-e7bd1934e041,SELL,MARKET,12.0,639.81,0,0.0,All risk checks passed
2025-11-05 20:03:00+00:00,FILLED,465b46fc-5db9-4482-a8ef-e7bd1934e041,SELL,MARKET,12.0,639.81,12.0,639.81,
2025-11-05 20:04:00+00:00,RISK_PASS,96bb4379-a6a1-4d50-b580-fefad37bc08c,BUY,MARKET,12,639.9101,0,0.0,All risk checks passed
2025-11-05 20:04:00+00:00,FILLED,96bb4379-a6a1-4d50-b580-fefad37bc08c,BUY,MARKET,12,639.9101,12,639.9101,
2025-11-05 20:13:00+00:00,RISK_PASS,8da9b96d-85da-4dc1-a0fe-1d02fc9c52a5,BUY,MARKET,6,638.68,0,0.0,All risk checks passed
2025-11-05 20:13:00+00:00,FILLED,8da9b96d-85da-4dc1-a0fe-1d02fc9c52a5,BUY,MARKET,6,638.68,6,638.68,
2025-11-05 20:17:00+00:00,RISK_PASS,f7516de9-e6d8-4b2f-8ca0-39c17de3d539,SELL,MARKET,18.0,638.8508,0,0.0,All risk checks passed
2025-11-05 20:17:00+00:00,FILLED,f7516de9-e6d8-4b2f-8ca0-39c17de3d539,SELL,MARKET,18.0,638.8508,18.0,638.8508,
2025-11-05 20:56:00+00:00,RISK_PASS,6e7dafe5-b514-419c-80b6-989b79c164ac,BUY,MARKET,15,637.5,0,0.0,All risk checks passed
2025-11-05 20:56:00+00:00,FILLED,6e7dafe5-b514-419c-80b6-989b79c164ac,BUY,MARKET,15,637.5,15,637.5,
2025-11-05 20:57:00+00:00,RISK_PASS,2c764895-5cfb-4f85-ba30-5da094e7dce3,SELL,MARKET,15.0,636.75,0,0.0,All risk checks passed
2025-11-05 20:57:00+00:00,FILLED,2c764895-5cfb-4f85-ba30-5da094e7dce3,SELL,MARKET,15.0,636.75,7,636.75,
2025-11-05 20:58:00+00:00,RISK_PASS,65e5f057-b178-4e93-b410-d89309ad2299,BUY,MARKET,7,636.31,0,0.0,All risk checks passed
2025-11-05 20:58:00+00:00,RISK_PASS,5b1d6866-8907-47d5-8f18-e7bd7460d856,SELL,MARKET,8.0,636.31,0,0.0,All risk checks passed
2025-11-05 20:58:00+00:00,FILLED,65e5f057-b178-4e93-b410-d89309ad2299,BUY,MARKET,7,636.31,7,636.31,
2025-11-05 20:58:00+00:00,FILLED,5b1d6866-8907-47d5-8f18-e7bd7460d856,SELL,MARKET,8.0,636.31,8.0,636.31,
2025-11-05 20:59:00+00:00,RISK_PASS,f2950ce7-3a87-4235-a37d-c0161aa30dff,BUY,MARKET,8,636.0,0,0.0,All risk checks passed
2025-11-05 20:59:00+00:00,RISK_PASS,885bf574-dae3-4c50-a3f8-b25590db38a3,SELL,MARKET,7.0,636.0,0,0.0,All risk checks passed
2025-11-05 20:59:00+00:00,FILLED,f2950ce7-3a87-4235-a37d-c0161aa30dff,BUY,MARKET,8,636.0,3,636.0,
2025-11-05 20:59:00+00:00,FILLED,885bf574-dae3-4c50-a3f8-b25590db38a3,SELL,MARKET,7.0,636.0,7.0,636.0,
2025-11-05 21:00:00+00:00,RISK_PASS,38a34d94-888d-42fa-aac3-f13b79481337,BUY,MARKET,12,635.69,0,0.0,All risk checks passed
2025-11-05 21:00:00+00:00,RISK_PASS,488539a0-6270-4799-96d9-490da2aaa36f,SELL,MARKET,3.0,635.69,0,0.0,All risk checks passed
2025-11-05 21:00:00+00:00,FILLED,38a34d94-888d-42fa-aac3-f13b79481337,BUY,MARKET,12,635.69,12,635.69,
2025-11-05 21:00:00+00:00,FILLED,488539a0-6270-4799-96d9-490da2aaa36f,SELL,MARKET,3.0,635.69,3.0,635.69,
2025-11-05 21:01:00+00:00,RISK_PASS,fb9be73a-57c8-47fe-bc24-2c19b4739e8d,BUY,MARKET,3,635.53,0,0.0,All risk checks passed
2025-11-05 21:01:00+00:00,RISK_PASS,fa88801f-4f38-4ece-ad69-052b97ef2e6a,SELL,MARKET,12.0,635.53,0,0.0,All risk checks passed
2025-11-05 21:01:00+00:00,FILLED,fb9be73a-57c8-47fe-bc24-2c19b4739e8d,BUY,MARKET,3,635.53,3,635.53,
2025-11-05 21:01:00+00:00,FILLED,fa88801f-4f38-4ece-ad69-052b97ef2e6a,SELL,MARKET,12.0,635.53,12.0,635.53,
2025-11-05 21:02:00+00:00,RISK_PASS,7d4f1726-f7f6-46f8-8e1e-e3ea77947d7c,BUY,MARKET,12,635.65,0,0.0,All risk checks passed
2025-11-05 21:02:00+00:00,RISK_PASS,ae67a051-727e-44a6-becc-3d4e86dc3968,SELL,MARKET,3.0,635.65,0,0.0,All risk checks passed
2025-11-05 21:02:00+00:00,FILLED,7d4f1726-f7f6-46f8-8e1e-e3ea77947d7c,BUY,MARKET,12,635.65,12,635.65,
2025-11-05 21:02:00+00:00,FILLED,ae67a051-727e-44a6-becc-3d4e86dc3968,SELL,MARKET,3.0,635.65,3.0,635.65,
2025-11-05 21:03:00+00:00,RISK_PASS,4e354f57-e84b-469b-8368-27204d743d37,BUY,MARKET,3,635.94,0,0.0,All risk checks passed
2025-11-05 21:03:00+00:00,RISK_PASS,fff8e917-0132-4596-8c5e-b86400f304ab,SELL,MARKET,12.0,635.94,0,0.0,All risk checks passed
2025-11-05 21:03:00+00:00,FILLED,4e354f57-e84b-469b-8368-27204d743d37,BUY,MARKET,3,635.94,1,635.94,
2025-11-05 21:03:00+00:00,FILLED,fff8e917-0132-4596-8c5e-b86400f304ab,SELL,MARKET,12.0,635.94,12.0,635.94,
2025-11-05 21:04:00+00:00,RISK_PASS,d4feab47-269d-41b4-883d-aca02c7fcbbd,BUY,MARKET,14,635.66,0,0.0,All risk checks passed
2025-11-05 21:04:00+00:00,RISK_PASS,456ecb37-a34e-4dc3-8ead-9248ada29866,SELL,MARKET,1.0,635.66,0,0.0,All risk checks passed
2025-11-05 21:04:00+00:00,FILLED,d4feab47-269d-41b4-883d-aca02c7fcbbd,BUY,MARKET,14,635.66,14,635.66,
2025-11-05 21:04:00+00:00,FILLED,456ecb37-a34e-4dc3-8ead-9248ada29866,SELL,MARKET,1.0,635.66,1.0,635.66,
2025-11-05 21:05:00+00:00,RISK_PASS,9602154a-cc0d-4d07-8485-9fdb5ed49b25,BUY,MARKET,1,635.92,0,0.0,All risk checks passed
2025-11-05 21:05:00+00:00,RISK_PASS,70e4694c-d4ee-4931-8554-b7f18fb2807e,SELL,MARKET,14.0,635.92,0,0.0,All risk checks passed
2025-11-05 21:05:00+00:00,FILLED,9602154a-cc0d-4d07-8485-9fdb5ed49b25,BUY,MARKET,1,635.92,1,635.92,
2025-11-05 21:05:00+00:00,FILLED,70e4694c-d4ee-4931-8554-b7f18fb2807e,SELL,MARKET,14.0,635.92,14.0,635.92,
2025-11-05 21:06:00+00:00,RISK_PASS,37be9cc8-4f95-4098-859c-108982e455bd,BUY,MARKET,14,635.95,0,0.0,All risk checks passed
2025-11-05 21:06:00+00:00,RISK_PASS,142467d1-131d-4675-b22d-8ed7d89a9ca4,SELL,MARKET,1.0,635.95,0,0.0,All risk checks passed
2025-11-05 21:06:00+00:00,FILLED,37be9cc8-4f95-4098-859c-108982e455bd,BUY,MARKET,14,635.95,14,635.95,
2025-11-05 21:06:00+00:00,FILLED,142467d1-131d-4675-b22d-8ed7d89a9ca4,SELL,MARKET,1.0,635.95,1.0,635.95,
2025-11-05 21:07:00+00:00,RISK_PASS,9015d73c-19c6-460b-beb0-953f2f818184,BUY,MARKET,1,635.89,0,0.0,All risk checks passed
2025-11-05 21:07:00+00:00,RISK_PASS,cd67ba27-fdab-4f0f-bdcb-d9169f5ceb3a,SELL,MARKET,14.0,635.89,0,0.0,All risk checks passed
2025-11-05 21:07:00+00:00,FILLED,9015d73c-19c6-460b-beb0-953f2f818184,BUY,MARKET,1,635.89,1,635.89,
2025-11-05 21:07:00+00:00,FILLED,cd67ba27-fdab-4f0f-bdcb-d9169f5ceb3a,SELL,MARKET,14.0,635.89,14.0,635.89,
2025-11-05 21:08:00+00:00,RISK_PASS,0134423b-f88b-40af-991a-fdafc90ba35a,BUY,MARKET,14,635.5101,0,0.0,All risk checks passed
2025-11-05 21:08:00+00:00,RISK_PASS,7aa60af6-8c6f-4211-bfac-eb6c195cef1e,SELL,MARKET,1.0,635.5101,0,0.0,All risk checks passed
2025-11-05 21:08:00+00:00,FILLED,0134423b-f88b-40af-991a-fdafc90ba35a,BUY,MARKET,14,635.5101,14,635.5101,
2025-11-05 21:08:00+00:00,FILLED,7aa60af6-8c6f-4211-bfac-eb6c195cef1e,SELL,MARKET,1.0,635.5101,1.0,635.5101,
2025-11-05 21:09:00+00:00,RISK_PASS,7e96b655-7759-4e45-8166-4da0a2ebd400,BUY,MARKET,1,635.6,0,0.0,All risk checks passed
2025-11-05 21:09:00+00:00,RISK_PASS,39eb4d5d-5716-499f-9e0f-0a497b953036,SELL,MARKET,14.0,635.6,0,0.0,All risk checks passed
2025-11-05 21:09:00+00:00,FILLED,7e96b655-7759-4e45-8166-4da0a2ebd400,BUY,MARKET,1,635.6,1,635.6,
2025-11-05 21:09:00+00:00,FILLED,39eb4d5d-5716-499f-9e0f-0a497b953036,SELL,MARKET,14.0,635.6,14.0,635.6,
2025-11-05 21:10:00+00:00,RISK_PASS,37ba2902-539e-4211-9155-f5e0000c91db,BUY,MARKET,14,635.6585,0,0.0,All risk checks passed
2025-11-05 21:10:00+00:00,RISK_PASS,110570ad-9a24-4110-b963-d9d8723edbf7,SELL,MARKET,1.0,635.6585,0,0.0,All risk checks passed
2025-11-05 21:10:00+00:00,FILLED,37ba2902-539e-4211-9155-f5e0000c91db,BUY,MARKET,14,635.6585,14,635.6585,
2025-11-05 21:10:00+00:00,FILLED,110570ad-9a24-4110-b963-d9d8723edbf7,SELL,MARKET,1.0,635.6585,1.0,635.6585,
2025-11-05 21:11:00+00:00,RISK_PASS,16fed3a6-dba8-4f6f-947e-19e800ba4c76,BUY,MARKET,1,635.45,0,0.0,All risk checks passed
2025-11-05 21:11:00+00:00,RISK_PASS,07638036-619b-4adf-96df-a0d4d6fe90d8,SELL,MARKET,14.0,635.45,0,0.0,All risk checks passed
2025-11-05 21:11:00+00:00,FILLED,16fed3a6-dba8-4f6f-947e-19e800ba4c76,BUY,MARKET,1,635.45,1,635.45,
2025-11-05 21:11:00+00:00,REJECTED,07638036-619b-4adf-96df-a0d4d6fe90d8,SELL,MARKET,14.0,635.45,0,0.0,Random engine rejection
2025-11-05 21:12:00+00:00,RISK_PASS,e1ab71b4-f9e2-49aa-95a4-414ca215870a,SELL,MARKET,15.0,635.33,0,0.0,All risk checks passed
2025-11-05 21:12:00+00:00,FILLED,e1ab71b4-f9e2-49aa-95a4-414ca215870a,SELL,MARKET,15.0,635.33,15.0,635.33,
2025-11-05 21:32:00+00:00,RISK_PASS,e33af89c-3593-438c-96f0-3f2e199c09d2,BUY,MARKET,12,636.91,0,0.0,All risk checks passed
2025-11-05 21:32:00+00:00,FILLED,e33af89c-3593-438c-96f0-3f2e199c09d2,BUY,MARKET,12,636.91,12,636.91,
2025-11-05 21:38:00+00:00,RISK_PASS,5382d9e2-69eb-40b6-9751-ff25fd9db536,BUY,MARKET,6,636.011,0,0.0,All risk checks passed
2025-11-05 21:38:00+00:00,FILLED,5382d9e2-69eb-40b6-9751-ff25fd9db536,BUY,MARKET,6,636.011,6,636.011,
2025-11-05 21:45:00+00:00,RISK_PASS,99c85665-9455-448e-ad09-e1368e7349e9,SELL,MARKET,18.0,636.33,0,0.0,All risk checks passed
2025-11-05 21:45:00+00:00,FILLED,99c85665-9455-448e-ad09-e1368e7349e9,SELL,MARKET,18.0,636.33,18.0,636.33,
2025-11-05 21:47:00+00:00,RISK_PASS,2a1c50c1-40ce-4bbe-9022-548e9721581d,BUY,MARKET,12,636.67,0,0.0,All risk checks passed
2025-11-05 21:47:00+00:00,FILLED,2a1c50c1-40ce-4bbe-9022-548e9721581d,BUY,MARKET,12,636.67,12,636.67,
2025-11-05 21:52:00+00:00,RISK_PASS,d05a2ebf-84f2-4da4-b468-a16e42433c12,SELL,MARKET,12.0,636.96,0,0.0,All risk checks passed
2025-11-05 21:52:00+00:00,FILLED,d05a2ebf-84f2-4da4-b468-a16e42433c12,SELL,MARKET,12.0,636.96,9,636.96,
2025-11-05 21:53:00+00:00,RISK_PASS,a3b913c5-1b5c-4475-a87a-031667b6018a,BUY,MARKET,9,636.7005,0,0.0,All risk checks passed
2025-11-05 21:53:00+00:00,FILLED,a3b913c5-1b5c-4475-a87a-031667b6018a,BUY,MARKET,9,636.7005,9,636.7005,
2025-11-05 21:54:00+00:00,RISK_PASS,9b60e967-3069-49af-a689-3cd30477f23d,SELL,MARKET,12.0,636.99,0,0.0,All risk checks passed
2025-11-05 21:54:00+00:00,FILLED,9b60e967-3069-49af-a689-3cd30477f23d,SELL,MARKET,12.0,636.99,12.0,636.99,
2025-11-05 21:56:00+00:00,RISK_PASS,cb6718ea-4b42-4b61-91d7-c0f2763fddfe,BUY,MARKET,12,637.4,0,0.0,All risk checks passed
2025-11-05 21:56:00+00:00,FILLED,cb6718ea-4b42-4b61-91d7-c0f2763fddfe,BUY,MARKET,12,637.4,12,637.4,
2025-11-05 21:57:00+00:00,RISK_PASS,8057ea46-c910-4fdc-a8e4-c8c8857f642d,SELL,MARKET,12.0,637.75,0,0.0,All risk checks passed
2025-11-05 21:57:00+00:00,FILLED,8057ea46-c910-4fdc-a8e4-c8c8857f642d,SELL,MARKET,12.0,637.75,12.0,637.75,
2025-11-05 21:58:00+00:00,RISK_PASS,dad4ab2d-cf2c-4592-bf1b-c97951bdec7f,BUY,MARKET,12,637.66,0,0.0,All risk checks passed
2025-11-05 21:58:00+00:00,FILLED,dad4ab2d-cf2c-4592-bf1b-c97951bdec7f,BUY,MARKET,12,637.66,12,637.66,
2025-11-05 21:59:00+00:00,RISK_PASS,663daa63-df5a-4b01-81a3-d4fc9b333aa8,SELL,MARKET,12.0,637.8001,0,0.0,All risk checks passed
2025-11-05 21:59:00+00:00,FILLED,663daa63-df5a-4b01-81a3-d4fc9b333aa8,SELL,MARKET,12.0,637.8001,9,637.8001,
2025-11-05 22:00:00+00:00,RISK_PASS,062309fc-f60c-4630-b90e-7c227e7079e7,BUY,MARKET,9,637.5,0,0.0,All risk checks passed
2025-11-05 22:00:00+00:00,FILLED,062309fc-f60c-4630-b90e-7c227e7079e7,BUY,MARKET,9,637.5,9,637.5,
2025-11-05 22:22:00+00:00,RISK_PASS,71d4bed2-ab78-40dd-a0b1-d8f0ba053028,BUY,MARKET,6,637.0,0,0.0,All risk checks passed
2025-11-05 22:22:00+00:00,FILLED,71d4bed2-ab78-40dd-a0b1-d8f0ba053028,BUY,MARKET,6,637.0,2,637.0,
2025-11-05 22:23:00+00:00,RISK_PASS,da54ac5a-29fa-4bc1-b00d-65e07b733c37,BUY,MARKET,4,637.0,0,0.0,All risk checks passed
2025-11-05 22:23:00+00:00,FILLED,da54ac5a-29fa-4bc1-b00d-65e07b733c37,BUY,MARKET,4,637.0,3,637.0,
2025-11-05 22:24:00+00:00,RISK_PASS,dcac772a-1a24-4e7b-bba3-4f356e2d8f60,BUY,MARKET,1,637.0,0,0.0,All risk checks passed
2025-11-05 22:24:00+00:00,FILLED,dcac772a-1a24-4e7b-bba3-4f356e2d8f60,BUY,MARKET,1,637.0,1,637.0,
2025-11-05 22:35:00+00:00,RISK_PASS,b04610c2-4b7d-4b78-b6a0-b2446d54042e,SELL,MARKET,18.0,637.1496,0,0.0,All risk checks passed
2025-11-05 22:35:00+00:00,REJECTED,b04610c2-4b7d-4b78-b6a0-b2446d54042e,SELL,MARKET,18.0,637.1496,0,0.0,Random engine rejection
2025-11-05 22:37:00+00:00,RISK_PASS,3336841d-f9a0-407e-9106-64caefa66787,SELL,MARKET,18.0,637.01,0,0.0,All risk checks passed
2025-11-05 22:37:00+00:00,FILLED,3336841d-f9a0-407e-9106-64caefa66787,SELL,MARKET,18.0,637.01,18.0,637.01,
2025-11-05 22:45:00+00:00,RISK_PASS,833be7d5-9cf5-455a-8fb3-5b2dbf168192,BUY,MARKET,15,636.69,0,0.0,All risk checks passed
2025-11-05 22:45:00+00:00,FILLED,833be7d5-9cf5-455a-8fb3-5b2dbf168192,BUY,MARKET,15,636.69,15,636.69,
2025-11-05 22:46:00+00:00,RISK_PASS,26b51a00-0318-449a-aed3-09f1c11d327c,SELL,MARKET,15.0,636.79,0,0.0,All risk checks passed
2025-11-05 22:46:00+00:00,FILLED,26b51a00-0318-449a-aed3-09f1c11d327c,SELL,MARKET,15.0,636.79,15.0,636.79,
2025-11-05 23:01:00+00:00,RISK_PASS,5a7d0f00-608e-4b43-a59e-f04053bc153e,BUY,MARKET,12,637.4,0,0.0,All risk checks passed
2025-11-05 23:01:00+00:00,FILLED,5a7d0f00-608e-4b43-a59e-f04053bc153e,BUY,MARKET,12,637.4,12,637.4,
2025-11-05 23:02:00+00:00,RISK_PASS,a5a04070-43d6-4c65-91d4-07ecc19f9f71,SELL,MARKET,12.0,637.4,0,0.0,All risk checks passed
2025-11-05 23:02:00+00:00,FILLED,a5a04070-43d6-4c65-91d4-07ecc19f9f71,SELL,MARKET,12.0,637.4,12.0,637.4,
2025-11-05 23:03:00+00:00,RISK_PASS,9e55be9f-ebbd-4756-9bff-d7b0753a4f92,BUY,MARKET,12,637.24,0,0.0,All risk checks passed
2025-11-05 23:03:00+00:00,FILLED,9e55be9f-ebbd-4756-9bff-d7b0753a4f92,BUY,MARKET,12,637.24,12,637.24,
2025-11-05 23:07:00+00:00,RISK_PASS,1b115762-01f0-42da-ad33-87492a098797,SELL,MARKET,12.0,636.5,0,0.0,All risk checks passed
2025-11-05 23:07:00+00:00,FILLED,1b115762-01f0-42da-ad33-87492a098797,SELL,MARKET,12.0,636.5,12.0,636.5,
2025-11-05 23:17:00+00:00,RISK_PASS,372fc448-7b4e-404a-a336-4e3cc32d9a1f,BUY,MARKET,12,637.28,0,0.0,All risk checks passed
2025-11-05 23:17:00+00:00,FILLED,372fc448-7b4e-404a-a336-4e3cc32d9a1f,BUY,MARKET,12,637.28,12,637.28,
2025-11-05 23:34:00+00:00,RISK_PASS,b7b81c31-fcb0-4387-825d-a8b689b86a7a,SELL,MARKET,12.0,638.16,0,0.0,All risk checks passed
2025-11-05 23:34:00+00:00,FILLED,b7b81c31-fcb0-4387-825d-a8b689b86a7a,SELL,MARKET,12.0,638.16,12.0,638.16,
2025-11-05 23:35:00+00:00,RISK_PASS,d5595149-061c-4ed7-beed-2a23ea49256d,BUY,MARKET,12,637.95,0,0.0,All risk checks passed
2025-11-05 23:35:00+00:00,FILLED,d5595149-061c-4ed7-beed-2a23ea49256d,BUY,MARKET,12,637.95,12,637.95,
2025-11-05 23:53:00+00:00,RISK_PASS,60cd0093-5124-4d89-ab70-a2c69505e1f9,SELL,MARKET,12.0,638.64,0,0.0,All risk checks passed
2025-11-05 23:53:00+00:00,FILLED,60cd0093-5124-4d89-ab70-a2c69505e1f9,SELL,MARKET,12.0,638.64,12.0,638.64,
2025-11-05 23:54:00+00:00,RISK_PASS,beaea8ef-49b2-4a46-b71a-85ee74e05cdd,BUY,MARKET,12,638.7,0,0.0,All risk checks passed
2025-11-05 23:54:00+00:00,FILLED,beaea8ef-49b2-4a46-b71a-85ee74e05cdd,BUY,MARKET,12,638.7,12,638.7,
2025-11-05 23:55:00+00:00,RISK_PASS,eb68ba8b-837f-4b13-b52a-ee4777cadd66,SELL,MARKET,12.0,638.78,0,0.0,All risk checks passed
2025-11-05 23:55:00+00:00,REJECTED,eb68ba8b-837f-4b13-b52a-ee4777cadd66,SELL,MARKET,12.0,638.78,0,0.0,Random engine rejection
2025-11-05 23:56:00+00:00,RISK_PASS,ac95d361-09b7-4acf-a8f9-fab78e2e3511,SELL,MARKET,12.0,638.66,0,0.0,All risk checks passed
2025-11-05 23:56:00+00:00,FILLED,ac95d361-09b7-4acf-a8f9-fab78e2e3511,SELL,MARKET,12.0,638.66,12.0,638.66,
2025-11-05 23:57:00+00:00,RISK_PASS,10b2d826-8594-4fc4-9317-5999c75a1c17,BUY,MARKET,12,638.63,0,0.0,All risk checks passed
2025-11-05 23:57:00+00:00,FILLED,10b2d826-8594-4fc4-9317-5999c75a1c17,BUY,MARKET,12,638.63,12,638.63,
2025-11-05 23:58:00+00:00,RISK_PASS,32722b22-a408-42bd-afa7-30d867ece93f,SELL,MARKET,12.0,638.66,0,0.0,All risk checks passed
2025-11-05 23:58:00+00:00,FILLED,32722b22-a408-42bd-afa7-30d867ece93f,SELL,MARKET,12.0,638.66,12.0,638.66,
2025-11-05 23:59:00+00:00,RISK_PASS,53b9841b-a3cd-4176-8818-eeda7ec4fd37,BUY,MARKET,12,638.64,0,0.0,All risk checks passed
2025-11-05 23:59:00+00:00,FILLED,53b9841b-a3cd-4176-8818-eeda7ec4fd37,BUY,MARKET,12,638.64,12,638.64,
2025-11-06 00:00:00+00:00,RISK_PASS,0884ee61-217b-414a-ae52-e02b1d14882a,SELL,MARKET,12.0,638.6,0,0.0,All risk checks passed
2025-11-06 00:00:00+00:00,FILLED,0884ee61-217b-414a-ae52-e02b1d14882a,SELL,MARKET,12.0,638.6,12.0,638.6,
2025-11-06 00:01:00+00:00,RISK_PASS,ec2804a7-9a33-4f37-b72f-de8d687de43b,BUY,MARKET,12,638.5188,0,0.0,All risk checks passed
2025-11-06 00:01:00+00:00,FILLED,ec2804a7-9a33-4f37-b72f-de8d687de43b,BUY,MARKET,12,638.5188,12,638.5188,
2025-11-06 00:12:00+00:00,RISK_PASS,2e8c22d1-5042-400f-b320-920066f1be57,BUY,MARKET,6,637.61,0,0.0,All risk checks passed
2025-11-06 00:12:00+00:00,FILLED,2e8c22d1-5042-400f-b320-920066f1be57,BUY,MARKET,6,637.61,6,637.61,
2025-11-06 00:16:00+00:00,RISK_PASS,d0b71641-9430-4737-a688-3ad3ee856d8b,SELL,MARKET,18.0,637.95,0,0.0,All risk checks passed
2025-11-06 00:16:00+00:00,FILLED,d0b71641-9430-4737-a688-3ad3ee856d8b,SELL,MARKET,18.0,637.95,18.0,637.95,
2025-11-06 00:26:00+00:00,RISK_PASS,dc7423ba-2f09-42d3-87cb-32193205f435,BUY,MARKET,15,636.5,0,0.0,All risk checks passed
2025-11-06 00:26:00+00:00,FILLED,dc7423ba-2f09-42d3-87cb-32193205f435,BUY,MARKET,15,636.5,15,636.5,
2025-11-06 00:27:00+00:00,RISK_PASS,2ccff84f-9994-42e7-916c-9ece6b73450d,SELL,MARKET,15.0,636.75,0,0.0,All risk checks passed
2025-11-06 00:27:00+00:00,FILLED,2ccff84f-9994-42e7-916c-9ece6b73450d,SELL,MARKET,15.0,636.75,15.0,636.75,
2025-11-06 09:01:00+00:00,RISK_PASS,6b830fd8-7ced-4073-ac17-8c365a43b5be,BUY,MARKET,12,639.34,0,0.0,All risk checks passed
2025-11-06 09:01:00+00:00,FILLED,6b830fd8-7ced-4073-ac17-8c365a43b5be,BUY,MARKET,12,639.34,12,639.34,
2025-11-06 09:04:00+00:00,RISK_PASS,98395123-bf18-49aa-ae42-d1d7fe1faecb,SELL,MARKET,12.0,639.07,0,0.0,All risk checks passed
2025-11-06 09:04:00+00:00,FILLED,98395123-bf18-49aa-ae42-d1d7fe1faecb,SELL,MARKET,12.0,639.07,12.0,639.07,
2025-11-06 09:05:00+00:00,RISK_PASS,fd50beb0-52cb-4419-84dc-298a74d4b56b,BUY,MARKET,12,639.13,0,0.0,All risk checks passed
2025-11-06 09:05:00+00:00,FILLED,fd50beb0-52cb-4419-84dc-298a74d4b56b,BUY,MARKET,12,639.13,12,639.13,
2025-11-06 09:06:00+00:00,RISK_PASS,53a446e7-8245-41d8-9311-f0491053badd,SELL,MARKET,12.0,639.1,0,0.0,All risk checks passed
2025-11-06 09:06:00+00:00,FILLED,53a446e7-8245-41d8-9311-f0491053badd,SELL,MARKET,12.0,639.1,9,639.1,
2025-11-06 09:07:00+00:00,RISK_PASS,4c5c9f7a-734d-4f7e-967c-6ff7016fcab4,BUY,MARKET,9,639.01,0,0.0,All risk checks passed
2025-11-06 09:07:00+00:00,FILLED,4c5c9f7a-734d-4f7e-967c-6ff7016fcab4,BUY,MARKET,9,639.01,9,639.01,
2025-11-06 09:08:00+00:00,RISK_PASS,e8140a86-6b1d-4655-bc53-33bc5acc5c86,SELL,MARKET,12.0,639.3,0,0.0,All risk checks passed
2025-11-06 09:08:00+00:00,FILLED,e8140a86-6b1d-4655-bc53-33bc5acc5c86,SELL,MARKET,12.0,639.3,12.0,639.3,
2025-11-06 09:09:00+00:00,RISK_PASS,d5be4d98-44c1-45ea-a0fc-1234fbc79a91,BUY,MARKET,12,639.5,0,0.0,All risk checks passed
2025-11-06 09:09:00+00:00,FILLED,d5be4d98-44c1-45ea-a0fc-1234fbc79a91,BUY,MARKET,12,639.5,12,639.5,
2025-11-06 09:10:00+00:00,RISK_PASS,505c7e11-f95b-48ca-bd84-62a57cfbfaa4,SELL,MARKET,12.0,639.23,0,0.0,All risk checks passed
2025-11-06 09:10:00+00:00,FILLED,505c7e11-f95b-48ca-bd84-62a57cfbfaa4,SELL,MARKET,12.0,639.23,12.0,639.23,
2025-11-06 09:11:00+00:00,RISK_PASS,9e84e6cc-7ea7-4cd0-aeb9-12129fce91b5,BUY,MARKET,12,639.46,0,0.0,All risk checks passed
2025-11-06 09:11:00+00:00,FILLED,9e84e6cc-7ea7-4cd0-aeb9-12129fce91b5,BUY,MARKET,12,639.46,12,639.46,
2025-11-06 09:13:00+00:00,RISK_PASS,a77b9ed1-68a8-4199-a41a-d9d3893eb400,SELL,MARKET,12.0,639.99,0,0.0,All risk checks passed
2025-11-06 09:13:00+00:00,FILLED,a77b9ed1-68a8-4199-a41a-d9d3893eb400,SELL,MARKET,12.0,639.99,12.0,639.99,
2025-11-06 09:14:00+00:00,RISK_PASS,ea65f7d3-8559-48ec-a846-222a545e45a9,BUY,MARKET,12,640.0,0,0.0,All risk checks passed
2025-11-06 09:14:00+00:00,FILLED,ea65f7d3-8559-48ec-a846-222a545e45a9,BUY,MARKET,12,640.0,12,640.0,
2025-11-06 09:15:00+00:00,RISK_PASS,4252980b-4d54-41bf-a6ac-48e5453575da,SELL,MARKET,12.0,640.16,0,0.0,All risk checks passed
2025-11-06 09:15:00+00:00,FILLED,4252980b-4d54-41bf-a6ac-48e5453575da,SELL,MARKET,12.0,640.16,12.0,640.16,
2025-11-06 09:16:00+00:00,RISK_PASS,61f0d2af-0d69-4a32-b35f-d755d045e49c,BUY,MARKET,12,640.3,0,0.0,All risk checks passed
2025-11-06 09:16:00+00:00,FILLED,61f0d2af-0d69-4a32-b35f-d755d045e49c,BUY,MARKET,12,640.3,12,640.3,
2025-11-06 09:49:00+00:00,RISK_PASS,5e14851d-8ee8-47ee-91d6-a3d4b0e538f6,BUY,MARKET,6,639.12,0,0.0,All risk checks passed
2025-11-06 09:49:00+00:00,FILLED,5e14851d-8ee8-47ee-91d6-a3d4b0e538f6,BUY,MARKET,6,639.12,6,639.12,
2025-11-06 09:57:00+00:00,RISK_PASS,8eda2893-579c-4cc4-8849-b5073fe12c7f,SELL,MARKET,18.0,639.2,0,0.0,All risk checks passed
2025-11-06 09:57:00+00:00,FILLED,8eda2893-579c-4cc4-8849-b5073fe12c7f,SELL,MARKET,18.0,639.2,18.0,639.2,
2025-11-06 10:00:00+00:00,RISK_PASS,7116e7cb-0d76-4f9d-9095-48cdd18d6911,BUY,MARKET,15,639.2,0,0.0,All risk checks passed
2025-11-06 10:00:00+00:00,FILLED,7116e7cb-0d76-4f9d-9095-48cdd18d6911,BUY,MARKET,15,639.2,15,639.2,
2025-11-06 10:02:00+00:00,RISK_PASS,355a6281-7c81-489a-9d2d-efa0aa000159,SELL,MARKET,15.0,639.17,0,0.0,All risk checks passed
2025-11-06 10:02:00+00:00,FILLED,355a6281-7c81-489a-9d2d-efa0aa000159,SELL,MARKET,15.0,639.17,15.0,639.17,
2025-11-06 10:03:00+00:00,RISK_PASS,84942d21-6819-412c-99a9-01306ebd6c2a,BUY,MARKET,15,639.17,0,0.0,All risk checks passed
2025-11-06 10:03:00+00:00,FILLED,84942d21-6819-412c-99a9-01306ebd6c2a,BUY,MARKET,15,639.17,15,639.17,
2025-11-06 10:04:00+00:00,RISK_PASS,11ec4ca9-766b-480c-9057-d3c40fead7a1,SELL,MARKET,15.0,639.17,0,0.0,All risk checks passed
2025-11-06 10:04:00+00:00,FILLED,11ec4ca9-766b-480c-9057-d3c40fead7a1,SELL,MARKET,15.0,639.17,15.0,639.17,
2025-11-06 10:27:00+00:00,RISK_PASS,47b7ed55-d32d-4488-8c2c-90c2c8b2f5fe,BUY,MARKET,12,640.91,0,0.0,All risk checks passed
2025-11-06 10:27:00+00:00,FILLED,47b7ed55-d32d-4488-8c2c-90c2c8b2f5fe,BUY,MARKET,12,640.91,12,640.91,
2025-11-06 10:28:00+00:00,RISK_PASS,6f3735e7-2de7-4c94-aa58-e00cc88ce3ec,SELL,MARKET,12.0,641.25,0,0.0,All risk checks passed
2025-11-06 10:28:00+00:00,FILLED,6f3735e7-2de7-4c94-aa58-e00cc88ce3ec,SELL,MARKET,12.0,641.25,12.0,641.25,
2025-11-06 10:32:00+00:00,RISK_PASS,f1845670-9180-44ae-acb1-495b1e68c86a,BUY,MARKET,12,640.64,0,0.0,All risk checks passed
2025-11-06 10:32:00+00:00,FILLED,f1845670-9180-44ae-acb1-495b1e68c86a,BUY,MARKET,12,640.64,12,640.64,
2025-11-06 10:53:00+00:00,RISK_PASS,69d538f6-bd2b-4e91-89e2-149a6033f741,SELL,MARKET,12.0,641.34,0,0.0,All risk checks passed
2025-11-06 10:53:00+00:00,REJECTED,69d538f6-bd2b-4e91-89e2-149a6033f741,SELL,MARKET,12.0,641.34,0,0.0,Random engine rejection
2025-11-06 10:54:00+00:00,RISK_PASS,aa13f3d7-45e1-41c7-9579-b36e366bb2f1,SELL,MARKET,12.0,641.93,0,0.0,All risk checks passed
2025-11-06 10:54:00+00:00,FILLED,aa13f3d7-45e1-41c7-9579-b36e366bb2f1,SELL,MARKET,12.0,641.93,12.0,641.93,
2025-11-06 10:55:00+00:00,RISK_PASS,becdaf4f-c3d0-470a-87a0-d79e989b77f0,BUY,MARKET,12,642.06,0,0.0,All risk checks passed
2025-11-06 10:55:00+00:00,FILLED,becdaf4f-c3d0-470a-87a0-d79e989b77f0,BUY,MARKET,12,642.06,12,642.06,
2025-11-06 10:56:00+00:00,RISK_PASS,d2a02391-40a8-4a91-b5ed-6c5ef9317f86,SELL,MARKET,12.0,642.17,0,0.0,All risk checks passed
2025-11-06 10:56:00+00:00,FILLED,d2a02391-40a8-4a91-b5ed-6c5ef9317f86,SELL,MARKET,12.0,642.17,12.0,642.17,
2025-11-06 10:57:00+00:00,RISK_PASS,e8cd2663-0792-4efa-886a-df86bea3f993,BUY,MARKET,12,642.07,0,0.0,All risk checks passed
2025-11-06 10:57:00+00:00,REJECTED,e8cd2663-0792-4efa-886a-df86bea3f993,BUY,MARKET,12,642.07,0,0.0,Random engine rejection
2025-11-06 10:58:00+00:00,RISK_PASS,30afd3f9-4152-47b3-beb5-862f29433395,BUY,MARKET,12,641.91,0,0.0,All risk checks passed
2025-11-06 10:58:00+00:00,FILLED,30afd3f9-4152-47b3-beb5-862f29433395,BUY,MARKET,12,641.91,12,641.91,
2025-11-06 11:30:00+00:00,RISK_PASS,6527c27f-24dd-4621-bf2f-2fff1b7740ac,SELL,MARKET,12.0,642.64,0,0.0,All risk checks passed
2025-11-06 11:30:00+00:00,FILLED,6527c27f-24dd-4621-bf2f-2fff1b7740ac,SELL,MARKET,12.0,642.64,12.0,642.64,
2025-11-06 11:31:00+00:00,RISK_PASS,e10479ef-f489-4ff3-9401-9de2510f3238,BUY,MARKET,12,642.52,0,0.0,All risk checks passed
2025-11-06 11:31:00+00:00,FILLED,e10479ef-f489-4ff3-9401-9de2510f3238,BUY,MARKET,12,642.52,12,642.52,
2025-11-06 11:34:00+00:00,RISK_PASS,526e89d9-6821-4613-a3eb-2defa8e565b0,BUY,MARKET,3,638.0,0,0.0,All risk checks passed
2025-11-06 11:34:00+00:00,RISK_PASS,060ca4bc-26aa-4698-a41a-567748b607f7,SELL,MARKET,12.0,638.0,0,0.0,All risk checks passed
2025-11-06 11:34:00+00:00,FILLED,526e89d9-6821-4613-a3eb-2defa8e565b0,BUY,MARKET,3,638.0,3,638.0,
2025-11-06 11:34:00+00:00,FILLED,060ca4bc-26aa-4698-a41a-567748b607f7,SELL,MARKET,12.0,638.0,12.0,638.0,
2025-11-06 11:35:00+00:00,RISK_PASS,691f80ed-923f-49df-a29e-49aafbcb9a31,BUY,MARKET,12,638.0,0,0.0,All risk checks passed
2025-11-06 11:35:00+00:00,RISK_PASS,5eb03be8-b32e-4233-871d-89d8b8074a52,SELL,MARKET,3.0,638.0,0,0.0,All risk checks passed
2025-11-06 11:35:00+00:00,FILLED,691f80ed-923f-49df-a29e-49aafbcb9a31,BUY,MARKET,12,638.0,12,638.0,
2025-11-06 11:35:00+00:00,FILLED,5eb03be8-b32e-4233-871d-89d8b8074a52,SELL,MARKET,3.0,638.0,3.0,638.0,
2025-11-06 11:36:00+00:00,RISK_PASS,4ca60df6-baef-40e9-8f1d-d443da0cf1a1,SELL,MARKET,12.0,638.85,0,0.0,All risk checks passed
2025-11-06 11:36:00+00:00,REJECTED,4ca60df6-baef-40e9-8f1d-d443da0cf1a1,SELL,MARKET,12.0,638.85,0,0.0,Random engine rejection
2025-11-06 11:37:00+00:00,RISK_PASS,193409f1-c593-43f8-8a83-98c5f5f5054e,SELL,MARKET,12.0,639.0,0,0.0,All risk checks passed
2025-11-06 11:37:00+00:00,FILLED,193409f1-c593-43f8-8a83-98c5f5f5054e,SELL,MARKET,12.0,639.0,12.0,639.0,
2025-11-06 12:27:00+00:00,RISK_PASS,d12b137e-0c94-446f-89a4-0bcc38227d5f,BUY,MARKET,12,640.0,0,0.0,All risk checks passed
2025-11-06 12:27:00+00:00,REJECTED,d12b137e-0c94-446f-89a4-0bcc38227d5f,BUY,MARKET,12,640.0,0,0.0,Random engine rejection
2025-11-06 12:29:00+00:00,RISK_PASS,af765e53-65ce-422c-8975-6d778c696d18,BUY,MARKET,12,640.54,0,0.0,All risk checks passed
2025-11-06 12:29:00+00:00,FILLED,af765e53-65ce-422c-8975-6d778c696d18,BUY,MARKET,12,640.54,12,640.54,
2025-11-06 12:32:00+00:00,RISK_PASS,af40ba2d-03d5-4a8a-b589-9b5f692af680,SELL,MARKET,12.0,640.9,0,0.0,All risk checks passed
2025-11-06 12:32:00+00:00,FILLED,af40ba2d-03d5-4a8a-b589-9b5f692af680,SELL,MARKET,12.0,640.9,12.0,640.9,
2025-11-06 12:36:00+00:00,RISK_PASS,6ac3c4a1-0b94-4524-a14e-2e3a3599894f,BUY,MARKET,12,641.0,0,0.0,All risk checks passed
2025-11-06 12:36:00+00:00,FILLED,6ac3c4a1-0b94-4524-a14e-2e3a3599894f,BUY,MARKET,12,641.0,12,641.0,
2025-11-06 12:37:00+00:00,RISK_PASS,c16ce3fe-4e33-4531-a4b0-8ffaf56b874d,SELL,MARKET,12.0,641.0,0,0.0,All risk checks passed
2025-11-06 12:37:00+00:00,REJECTED,c16ce3fe-4e33-4531-a4b0-8ffaf56b874d,SELL,MARKET,12.0,641.0,0,0.0,Random engine rejection
2025-11-06 12:44:00+00:00,RISK_PASS,0cab6b71-7444-479c-8e1f-7bab6c92fb0a,SELL,MARKET,12.0,641.98,0,0.0,All risk checks passed
2025-11-06 12:44:00+00:00,FILLED,0cab6b71-7444-479c-8e1f-7bab6c92fb0a,SELL,MARKET,12.0,641.98,2,641.98,
2025-11-06 12:45:00+00:00,RISK_PASS,fe851f3b-d181-4ea0-b59e-607e5076434d,BUY,MARKET,2,641.96,0,0.0,All risk checks passed
2025-11-06 12:45:00+00:00,RISK_PASS,3bc9e46c-e2d8-47b9-9743-0afac2b21485,SELL,MARKET,10.0,641.96,0,0.0,All risk checks passed
2025-11-06 12:45:00+00:00,FILLED,fe851f3b-d181-4ea0-b59e-607e5076434d,BUY,MARKET,2,641.96,2,641.96,
2025-11-06 12:45:00+00:00,FILLED,3bc9e46c-e2d8-47b9-9743-0afac2b21485,SELL,MARKET,10.0,641.96,10.0,641.96,
2025-11-06 12:46:00+00:00,RISK_PASS,b66b0861-7264-486c-8e87-6ad3df5ff2cd,BUY,MARKET,10,641.84,0,0.0,All risk checks passed
2025-11-06 12:46:00+00:00,RISK_PASS,8ee8698e-f808-4bf8-8cde-25cc2df33485,SELL,MARKET,2.0,641.84,0,0.0,All risk checks passed
2025-11-06 12:46:00+00:00,FILLED,b66b0861-7264-486c-8e87-6ad3df5ff2cd,BUY,MARKET,10,641.84,3,641.84,
2025-11-06 12:46:00+00:00,FILLED,8ee8698e-f808-4bf8-8cde-25cc2df33485,SELL,MARKET,2.0,641.84,2.0,641.84,
2025-11-06 12:47:00+00:00,RISK_PASS,660514ff-26fb-4cc5-a8de-5a34e5cabd0a,BUY,MARKET,9,642.0,0,0.0,All risk checks passed
2025-11-06 12:47:00+00:00,RISK_PASS,cd346cc0-44ed-49eb-9714-bf7111680b96,SELL,MARKET,3.0,642.0,0,0.0,All risk checks passed
2025-11-06 12:47:00+00:00,FILLED,660514ff-26fb-4cc5-a8de-5a34e5cabd0a,BUY,MARKET,9,642.0,9,642.0,
2025-11-06 12:47:00+00:00,FILLED,cd346cc0-44ed-49eb-9714-bf7111680b96,SELL,MARKET,3.0,642.0,2,642.0,
2025-11-06 12:48:00+00:00,RISK_PASS,d47250d6-442e-4ae9-b7be-ed122644a658,BUY,MARKET,2,642.03,0,0.0,All risk checks passed
2025-11-06 12:48:00+00:00,FILLED,d47250d6-442e-4ae9-b7be-ed122644a658,BUY,MARKET,2,642.03,1,642.03,
2025-11-06 12:49:00+00:00,RISK_PASS,0b2a4508-73d3-4a31-ab27-1b897d70acba,BUY,MARKET,1,641.7,0,0.0,All risk checks passed
2025-11-06 12:49:00+00:00,FILLED,0b2a4508-73d3-4a31-ab27-1b897d70acba,BUY,MARKET,1,641.7,1,641.7,
2025-11-06 12:54:00+00:00,RISK_PASS,bc67d9d3-2167-49db-b950-b3f0f5b568a1,SELL,MARKET,12.0,641.95,0,0.0,All risk checks passed
2025-11-06 12:54:00+00:00,FILLED,bc67d9d3-2167-49db-b950-b3f0f5b568a1,SELL,MARKET,12.0,641.95,12.0,641.95,
2025-11-06 12:55:00+00:00,RISK_PASS,8fe72218-44b1-4443-b475-6c0c1a1f2dc3,BUY,MARKET,12,641.85,0,0.0,All risk checks passed
2025-11-06 12:55:00+00:00,FILLED,8fe72218-44b1-4443-b475-6c0c1a1f2dc3,BUY,MARKET,12,641.85,12,641.85,
2025-11-06 13:01:00+00:00,RISK_PASS,3eb7ed37-cd05-465e-aff6-44c669a9ee38,BUY,MARKET,6,638.71,0,0.0,All risk checks passed
2025-11-06 13:01:00+00:00,FILLED,3eb7ed37-cd05-465e-aff6-44c669a9ee38,BUY,MARKET,6,638.71,6,638.71,
2025-11-06 13:15:00+00:00,RISK_PASS,c91872a1-675e-49b9-814a-98c5381d2b13,SELL,MARKET,18.0,641.08,0,0.0,All risk checks passed
2025-11-06 13:15:00+00:00,FILLED,c91872a1-675e-49b9-814a-98c5381d2b13,SELL,MARKET,18.0,641.08,18.0,641.08,
2025-11-06 13:16:00+00:00,RISK_PASS,06c3b03d-7af6-4fb4-b65d-57f25c53370d,BUY,MARKET,12,641.3,0,0.0,All risk checks passed
2025-11-06 13:16:00+00:00,FILLED,06c3b03d-7af6-4fb4-b65d-57f25c53370d,BUY,MARKET,12,641.3,12,641.3,
2025-11-06 13:21:00+00:00,RISK_PASS,73a47f34-0ea7-442a-9139-a9e3aa90c530,SELL,MARKET,12.0,641.35,0,0.0,All risk checks passed
2025-11-06 13:21:00+00:00,REJECTED,73a47f34-0ea7-442a-9139-a9e3aa90c530,SELL,MARKET,12.0,641.35,0,0.0,Random engine rejection
2025-11-06 13:22:00+00:00,RISK_PASS,59bf95ab-96c5-4c94-a9c7-ff8adec8ccb5,SELL,MARKET,12.0,641.58,0,0.0,All risk checks passed
2025-11-06 13:22:00+00:00,FILLED,59bf95ab-96c5-4c94-a9c7-ff8adec8ccb5,SELL,MARKET,12.0,641.58,12.0,641.58,
2025-11-06 13:25:00+00:00,RISK_PASS,f8f77812-383b-40a7-ad4c-f3bc07285627,BUY,MARKET,12,641.6,0,0.0,All risk checks passed
2025-11-06 13:25:00+00:00,FILLED,f8f77812-383b-40a7-ad4c-f3bc07285627,BUY,MARKET,12,641.6,10,641.6,
2025-11-06 13:26:00+00:00,RISK_PASS,5d81f442-ef75-4d6d-9f11-97bd2f00c803,BUY,MARKET,2,641.73,0,0.0,All risk checks passed
2025-11-06 13:26:00+00:00,FILLED,5d81f442-ef75-4d6d-9f11-97bd2f00c803,BUY,MARKET,2,641.73,2,641.73,
2025-11-06 13:29:00+00:00,RISK_PASS,0dcf7162-7348-41f2-8298-08e2edac7298,SELL,MARKET,12.0,641.6,0,0.0,All risk checks passed
2025-11-06 13:29:00+00:00,FILLED,0dcf7162-7348-41f2-8298-08e2edac7298,SELL,MARKET,12.0,641.6,12.0,641.6,
2025-11-06 13:30:00+00:00,RISK_PASS,81488cec-9827-4fe5-affe-7bee30f479c3,BUY,MARKET,12,641.26,0,0.0,All risk checks passed
2025-11-06 13:30:00+00:00,FILLED,81488cec-9827-4fe5-affe-7bee30f479c3,BUY,MARKET,12,641.26,12,641.26,
2025-11-06 13:45:00+00:00,RISK_PASS,20d8415d-4b4f-4980-af8d-f928934e3210,SELL,MARKET,12.0,640.94,0,0.0,All risk checks passed
2025-11-06 13:45:00+00:00,FILLED,20d8415d-4b4f-4980-af8d-f928934e3210,SELL,MARKET,12.0,640.94,12.0,640.94,
2025-11-06 13:46:00+00:00,RISK_PASS,43674a61-7e03-405e-b25f-213d6d73f612,BUY,MARKET,15,640.8563,0,0.0,All risk checks passed
2025-11-06 13:46:00+00:00,FILLED,43674a61-7e03-405e-b25f-213d6d73f612,BUY,MARKET,15,640.8563,15,640.8563,
2025-11-06 13:47:00+00:00,RISK_PASS,417426e3-1ffb-4941-a95f-7a2a016b50f1,SELL,MARKET,15.0,640.8,0,0.0,All risk checks passed
2025-11-06 13:47:00+00:00,FILLED,417426e3-1ffb-4941-a95f-7a2a016b50f1,SELL,MARKET,15.0,640.8,15.0,640.8,
2025-11-06 13:48:00+00:00,RISK_PASS,3f5421c5-ce07-44c1-9d25-274114da62a2,BUY,MARKET,15,640.7078,0,0.0,All risk checks passed
2025-11-06 13:48:00+00:00,FILLED,3f5421c5-ce07-44c1-9d25-274114da62a2,BUY,MARKET,15,640.7078,15,640.7078,
2025-11-06 13:49:00+00:00,RISK_PASS,f12a1c19-a941-48a6-9164-6dfa9ba35218,SELL,MARKET,15.0,640.8,0,0.0,All risk checks passed
2025-11-06 13:49:00+00:00,FILLED,f12a1c19-a941-48a6-9164-6dfa9ba35218,SELL,MARKET,15.0,640.8,15.0,640.8,
2025-11-06 13:50:00+00:00,RISK_PASS,33d610ae-fb25-4fdf-986a-ae2c266b8ced,BUY,MARKET,15,640.65,0,0.0,All risk checks passed
2025-11-06 13:50:00+00:00,FILLED,33d610ae-fb25-4fdf-986a-ae2c266b8ced,BUY,MARKET,15,640.65,15,640.65,
2025-11-06 13:51:00+00:00,RISK_PASS,4263044d-0fcb-4598-b601-3c3907da52e9,SELL,MARKET,15.0,640.88,0,0.0,All risk checks passed
2025-11-06 13:51:00+00:00,FILLED,4263044d-0fcb-4598-b601-3c3907da52e9,SELL,MARKET,15.0,640.88,15.0,640.88,
2025-11-06 13:52:00+00:00,RISK_PASS,af98d7e3-525e-4e8e-8fd9-2e15cf682994,BUY,MARKET,15,640.93,0,0.0,All risk checks passed
2025-11-06 13:52:00+00:00,FILLED,af98d7e3-525e-4e8e-8fd9-2e15cf682994,BUY,MARKET,15,640.93,15,640.93,
2025-11-06 13:53:00+00:00,RISK_PASS,be40686c-8fa0-4123-af3a-56598c839331,SELL,MARKET,15.0,640.98,0,0.0,All risk checks passed
2025-11-06 13:53:00+00:00,FILLED,be40686c-8fa0-4123-af3a-56598c839331,SELL,MARKET,15.0,640.98,15.0,640.98,
2025-11-06 13:55:00+00:00,RISK_PASS,56ddd141-b9c6-48e9-8d73-bd8e6f6dfae2,BUY,MARKET,15,640.68,0,0.0,All risk checks passed
2025-11-06 13:55:00+00:00,FILLED,56ddd141-b9c6-48e9-8d73-bd8e6f6dfae2,BUY,MARKET,15,640.68,15,640.68,
2025-11-06 13:56:00+00:00,RISK_PASS,0853518b-f3dd-4f3f-953e-61f64657c993,SELL,MARKET,15.0,640.52,0,0.0,All risk checks passed
2025-11-06 13:56:00+00:00,FILLED,0853518b-f3dd-4f3f-953e-61f64657c993,SELL,MARKET,15.0,640.52,15.0,640.52,
2025-11-06 13:58:00+00:00,RISK_PASS,c407d34c-e980-47e6-a598-1437ed6e2e09,BUY,MARKET,15,640.13,0,0.0,All risk checks passed
2025-11-06 13:58:00+00:00,FILLED,c407d34c-e980-47e6-a598-1437ed6e2e09,BUY,MARKET,15,640.13,15,640.13,
2025-11-06 13:59:00+00:00,RISK_PASS,cdd3acd0-6f57-4b1b-9680-c35e08ce1517,SELL,MARKET,15.0,640.17,0,0.0,All risk checks passed
2025-11-06 13:59:00+00:00,FILLED,cdd3acd0-6f57-4b1b-9680-c35e08ce1517,SELL,MARKET,15.0,640.17,15.0,640.17,
2025-11-06 14:00:00+00:00,RISK_PASS,c037de73-19c9-4b35-b676-8b04738115e9,BUY,MARKET,15,640.0004,0,0.0,All risk checks passed
2025-11-06 14:00:00+00:00,FILLED,c037de73-19c9-4b35-b676-8b04738115e9,BUY,MARKET,15,640.0004,15,640.0004,
2025-11-06 14:01:00+00:00,RISK_PASS,c6f2d10e-18d1-43dc-85ab-814f3f7a0ce7,SELL,MARKET,15.0,640.287,0,0.0,All risk checks passed
2025-11-06 14:01:00+00:00,FILLED,c6f2d10e-18d1-43dc-85ab-814f3f7a0ce7,SELL,MARKET,15.0,640.287,15.0,640.287,
2025-11-06 14:05:00+00:00,RISK_PASS,5bc60685-3962-4492-9bdf-680a43e1e6ac,BUY,MARKET,15,639.55,0,0.0,All risk checks passed
2025-11-06 14:05:00+00:00,FILLED,5bc60685-3962-4492-9bdf-680a43e1e6ac,BUY,MARKET,15,639.55,15,639.55,
2025-11-06 14:06:00+00:00,RISK_PASS,0adee14d-ded5-43b8-b8fb-f72e46df051a,SELL,MARKET,15.0,639.5,0,0.0,All risk checks passed
2025-11-06 14:06:00+00:00,FILLED,0adee14d-ded5-43b8-b8fb-f72e46df051a,SELL,MARKET,15.0,639.5,15.0,639.5,
2025-11-06 14:07:00+00:00,RISK_PASS,0652e786-afc1-4428-ac15-a2572e907832,BUY,MARKET,15,639.0301,0,0.0,All risk checks passed
2025-11-06 14:07:00+00:00,FILLED,0652e786-afc1-4428-ac15-a2572e907832,BUY,MARKET,15,639.0301,15,639.0301,
2025-11-06 14:08:00+00:00,RISK_PASS,d772c6ba-4de2-4346-854e-b4e86c034eee,SELL,MARKET,15.0,639.0,0,0.0,All risk checks passed
2025-11-06 14:08:00+00:00,FILLED,d772c6ba-4de2-4346-854e-b4e86c034eee,SELL,MARKET,15.0,639.0,15.0,639.0,
2025-11-06 14:09:00+00:00,RISK_PASS,f82d5fc0-2c58-4c49-84c8-5d58af354d88,BUY,MARKET,15,638.8,0,0.0,All risk checks passed
2025-11-06 14:09:00+00:00,FILLED,f82d5fc0-2c58-4c49-84c8-5d58af354d88,BUY,MARKET,15,638.8,15,638.8,
2025-11-06 14:10:00+00:00,RISK_PASS,9d774c80-2153-4806-9690-14d39bb0c847,SELL,MARKET,15.0,639.49,0,0.0,All risk checks passed
2025-11-06 14:10:00+00:00,FILLED,9d774c80-2153-4806-9690-14d39bb0c847,SELL,MARKET,15.0,639.49,15.0,639.49,
2025-11-06 14:27:00+00:00,RISK_PASS,b7244018-8f32-4065-9422-4f34b37a5972,BUY,MARKET,15,637.52,0,0.0,All risk checks passed
2025-11-06 14:27:00+00:00,FILLED,b7244018-8f32-4065-9422-4f34b37a5972,BUY,MARKET,15,637.52,15,637.52,
2025-11-06 14:28:00+00:00,RISK_PASS,a88d8a1c-cfa8-477f-bfde-1da501b540fc,SELL,MARKET,15.0,636.43,0,0.0,All risk checks passed
2025-11-06 14:28:00+00:00,FILLED,a88d8a1c-cfa8-477f-bfde-1da501b540fc,SELL,MARKET,15.0,636.43,15.0,636.43,
2025-11-06 14:29:00+00:00,RISK_PASS,0694abca-69d5-4de5-9edf-0dc78696e340,BUY,MARKET,15,635.7,0,0.0,All risk checks passed
2025-11-06 14:29:00+00:00,FILLED,0694abca-69d5-4de5-9edf-0dc78696e340,BUY,MARKET,15,635.7,15,635.7,
2025-11-06 14:30:00+00:00,RISK_PASS,d9538395-894e-4791-96f5-7ee32ad1b536,SELL,MARKET,15.0,633.4359,0,0.0,All risk checks passed
2025-11-06 14:30:00+00:00,FILLED,d9538395-894e-4791-96f5-7ee32ad1b536,SELL,MARKET,15.0,633.4359,15.0,633.4359,
2025-11-06 14:31:00+00:00,RISK_PASS,1ca60731-2b19-44e1-b2a8-e6a76d3dbfd2,BUY,MARKET,15,629.75,0,0.0,All risk checks passed
2025-11-06 14:31:00+00:00,FILLED,1ca60731-2b19-44e1-b2a8-e6a76d3dbfd2,BUY,MARKET,15,629.75,15,629.75,
2025-11-06 14:32:00+00:00,RISK_PASS,a0d490c0-a763-4923-b55e-7e2e47c3d6b4,SELL,MARKET,15.0,630.31,0,0.0,All risk checks passed
2025-11-06 14:32:00+00:00,FILLED,a0d490c0-a763-4923-b55e-7e2e47c3d6b4,SELL,MARKET,15.0,630.31,15.0,630.31,
2025-11-06 14:33:00+00:00,RISK_PASS,da3f31a2-d724-4973-aaca-997761054411,BUY,MARKET,15,630.33,0,0.0,All risk checks passed
2025-11-06 14:33:00+00:00,FILLED,da3f31a2-d724-4973-aaca-997761054411,BUY,MARKET,15,630.33,15,630.33,
2025-11-06 14:34:00+00:00,RISK_PASS,9f5d25c5-caf8-4d3e-bac1-a603f6e581c7,SELL,MARKET,15.0,631.08,0,0.0,All risk checks passed
2025-11-06 14:34:00+00:00,FILLED,9f5d25c5-caf8-4d3e-bac1-a603f6e581c7,SELL,MARKET,15.0,631.08,15.0,631.08,
2025-11-06 14:35:00+00:00,RISK_PASS,24b6e59f-adbf-4bbc-b272-43907cfb724e,BUY,MARKET,15,631.1517,0,0.0,All risk checks passed
2025-11-06 14:35:00+00:00,REJECTED,24b6e59f-adbf-4bbc-b272-43907cfb724e,BUY,MARKET,15,631.1517,0,0.0,Random engine rejection
2025-11-06 14:36:00+00:00,RISK_PASS,5e0d9d49-dd0e-4339-8306-cfd4f075b55f,BUY,MARKET,15,630.345,0,0.0,All risk checks passed
2025-11-06 14:36:00+00:00,FILLED,5e0d9d49-dd0e-4339-8306-cfd4f075b55f,BUY,MARKET,15,630.345,15,630.345,
2025-11-06 14:37:00+00:00,RISK_PASS,18c14eaf-ef9f-4e14-8a0e-1bcb4132ab71,SELL,MARKET,15.0,629.3251,0,0.0,All risk checks passed
2025-11-06 14:37:00+00:00,FILLED,18c14eaf-ef9f-4e14-8a0e-1bcb4132ab71,SELL,MARKET,15.0,629.3251,15.0,629.3251,
2025-11-06 14:38:00+00:00,RISK_PASS,7332a26d-ff10-4de8-b8d4-7fa22dbf2320,BUY,MARKET,15,628.4794,0,0.0,All risk checks passed
2025-11-06 14:38:00+00:00,REJECTED,7332a26d-ff10-4de8-b8d4-7fa22dbf2320,BUY,MARKET,15,628.4794,0,0.0,Random engine rejection
2025-11-06 14:39:00+00:00,RISK_PASS,0a7b6ad7-8667-4640-b9a2-2f25ba44ff45,BUY,MARKET,15,628.1799,0,0.0,All risk checks passed
2025-11-06 14:39:00+00:00,FILLED,0a7b6ad7-8667-4640-b9a2-2f25ba44ff45,BUY,MARKET,15,628.1799,15,628.1799,
2025-11-06 14:40:00+00:00,RISK_PASS,3e613e3e-7b41-43d6-8bc9-1fd08aece7c2,SELL,MARKET,15.0,626.5177,0,0.0,All risk checks passed
2025-11-06 14:40:00+00:00,FILLED,3e613e3e-7b41-43d6-8bc9-1fd08aece7c2,SELL,MARKET,15.0,626.5177,15.0,626.5177,
2025-11-06 14:41:00+00:00,RISK_PASS,68634c07-15d7-4505-8565-120f56151c3f,BUY,MARKET,15,625.43,0,0.0,All risk checks passed
2025-11-06 14:41:00+00:00,FILLED,68634c07-15d7-4505-8565-120f56151c3f,BUY,MARKET,15,625.43,15,625.43,
2025-11-06 14:42:00+00:00,RISK_PASS,7a15e7b7-3481-41bd-864d-78f267181b40,SELL,MARKET,15.0,626.8401,0,0.0,All risk checks passed
2025-11-06 14:42:00+00:00,FILLED,7a15e7b7-3481-41bd-864d-78f267181b40,SELL,MARKET,15.0,626.8401,15.0,626.8401,
2025-11-06 14:43:00+00:00,RISK_PASS,5d2bd5bb-4031-4b30-81fa-773884d0d567,BUY,MARKET,15,627.45,0,0.0,All risk checks passed
2025-11-06 14:43:00+00:00,FILLED,5d2bd5bb-4031-4b30-81fa-773884d0d567,BUY,MARKET,15,627.45,15,627.45,
2025-11-06 14:44:00+00:00,RISK_PASS,9ff923a3-e18b-45cd-9cc5-7fa736895c69,SELL,MARKET,15.0,625.26,0,0.0,All risk checks passed
2025-11-06 14:44:00+00:00,FILLED,9ff923a3-e18b-45cd-9cc5-7fa736895c69,SELL,MARKET,15.0,625.26,15.0,625.26,
2025-11-06 15:07:00+00:00,RISK_PASS,33667ee2-111e-476a-ad58-988a342dd5a9,BUY,MARKET,16,622.83,0,0.0,All risk checks passed
2025-11-06 15:07:00+00:00,FILLED,33667ee2-111e-476a-ad58-988a342dd5a9,BUY,MARKET,16,622.83,5,622.83,
2025-11-06 15:08:00+00:00,RISK_PASS,055e4186-dd92-41df-abcf-fc22e7895eb6,SELL,MARKET,5.0,623.1,0,0.0,All risk checks passed
2025-11-06 15:08:00+00:00,REJECTED,055e4186-dd92-41df-abcf-fc22e7895eb6,SELL,MARKET,5.0,623.1,0,0.0,Random engine rejection
2025-11-06 15:09:00+00:00,RISK_PASS,9a75ea6a-41f4-4e98-99b0-e9635196ae05,BUY,MARKET,11,622.72,0,0.0,All risk checks passed
2025-11-06 15:09:00+00:00,RISK_PASS,02de34b0-1207-47d2-b63d-c1eeb4de7c33,SELL,MARKET,5.0,622.72,0,0.0,All risk checks passed
2025-11-06 15:09:00+00:00,FILLED,9a75ea6a-41f4-4e98-99b0-e9635196ae05,BUY,MARKET,11,622.72,11,622.72,
2025-11-06 15:09:00+00:00,FILLED,02de34b0-1207-47d2-b63d-c1eeb4de7c33,SELL,MARKET,5.0,622.72,5.0,622.72,
2025-11-06 15:10:00+00:00,RISK_PASS,118404bc-e601-4f2e-a7a6-5d9d118d7d5d,SELL,MARKET,11.0,624.3789,0,0.0,All risk checks passed
2025-11-06 15:10:00+00:00,FILLED,118404bc-e601-4f2e-a7a6-5d9d118d7d5d,SELL,MARKET,11.0,624.3789,11.0,624.3789,
2025-11-06 15:25:00+00:00,RISK_PASS,f8d34322-eff9-49b5-bd23-a0d04bb27d75,BUY,MARKET,12,626.85,0,0.0,All risk checks passed
2025-11-06 15:25:00+00:00,FILLED,f8d34322-eff9-49b5-bd23-a0d04bb27d75,BUY,MARKET,12,626.85,12,626.85,
2025-11-06 15:26:00+00:00,RISK_PASS,a12f9a06-f927-4b41-9dcf-f5e5a73fdf1a,SELL,MARKET,12.0,626.7,0,0.0,All risk checks passed
2025-11-06 15:26:00+00:00,FILLED,a12f9a06-f927-4b41-9dcf-f5e5a73fdf1a,SELL,MARKET,12.0,626.7,12.0,626.7,
2025-11-06 15:27:00+00:00,RISK_PASS,8ee4f8c8-794a-400e-a455-96424530f105,BUY,MARKET,12,626.53,0,0.0,All risk checks passed
2025-11-06 15:27:00+00:00,FILLED,8ee4f8c8-794a-400e-a455-96424530f105,BUY,MARKET,12,626.53,12,626.53,
2025-11-06 15:28:00+00:00,RISK_PASS,dfaa0f6a-1f7e-446e-8431-659318d6d047,SELL,MARKET,12.0,625.83,0,0.0,All risk checks passed
2025-11-06 15:28:00+00:00,FILLED,dfaa0f6a-1f7e-446e-8431-659318d6d047,SELL,MARKET,12.0,625.83,12.0,625.83,
2025-11-06 15:29:00+00:00,RISK_PASS,7f8e5a21-71dc-4bde-a7b4-d769085432aa,BUY,MARKET,12,625.06,0,0.0,All risk checks passed
2025-11-06 15:29:00+00:00,FILLED,7f8e5a21-71dc-4bde-a7b4-d769085432aa,BUY,MARKET,12,625.06,12,625.06,
2025-11-06 15:30:00+00:00,RISK_PASS,b601584b-2d8d-48b7-a143-32bf527cc078,SELL,MARKET,12.0,624.0655,0,0.0,All risk checks passed
2025-11-06 15:30:00+00:00,FILLED,b601584b-2d8d-48b7-a143-32bf527cc078,SELL,MARKET,12.0,624.0655,12.0,624.0655,
2025-11-06 15:31:00+00:00,RISK_PASS,6afdac9d-36bb-4399-a3e2-fab4a883849f,BUY,MARKET,19,623.3,0,0.0,All risk checks passed
2025-11-06 15:31:00+00:00,FILLED,6afdac9d-36bb-4399-a3e2-fab4a883849f,BUY,MARKET,19,623.3,8,623.3,
2025-11-06 15:32:00+00:00,RISK_PASS,a054e564-1723-4c79-951b-07bae4ed1e26,BUY,MARKET,8,622.44,0,0.0,All risk checks passed
2025-11-06 15:32:00+00:00,RISK_PASS,78e9409f-22ad-487b-968e-dd78bbb8eeb8,SELL,MARKET,8.0,622.44,0,0.0,All risk checks passed
2025-11-06 15:32:00+00:00,FILLED,a054e564-1723-4c79-951b-07bae4ed1e26,BUY,MARKET,8,622.44,8,622.44,
2025-11-06 15:32:00+00:00,FILLED,78e9409f-22ad-487b-968e-dd78bbb8eeb8,SELL,MARKET,8.0,622.44,8.0,622.44,
2025-11-06 15:33:00+00:00,RISK_PASS,cd7da620-c80d-4311-8e73-0e4b63a7aa4b,BUY,MARKET,8,621.8978,0,0.0,All risk checks passed
2025-11-06 15:33:00+00:00,RISK_PASS,93f1bc9c-635b-4a62-b6c4-9a2df267742d,SELL,MARKET,8.0,621.8978,0,0.0,All risk checks passed
2025-11-06 15:33:00+00:00,FILLED,cd7da620-c80d-4311-8e73-0e4b63a7aa4b,BUY,MARKET,8,621.8978,8,621.8978,
2025-11-06 15:33:00+00:00,FILLED,93f1bc9c-635b-4a62-b6c4-9a2df267742d,SELL,MARKET,8.0,621.8978,8.0,621.8978,
2025-11-06 15:34:00+00:00,RISK_PASS,8f809bc6-a084-4c9e-ae35-2b3d48c819b0,BUY,MARKET,8,622.63,0,0.0,All risk checks passed
2025-11-06 15:34:00+00:00,RISK_PASS,ac31a08c-1459-402f-b993-a4e54e2143b8,SELL,MARKET,8.0,622.63,0,0.0,All risk checks passed
2025-11-06 15:34:00+00:00,FILLED,8f809bc6-a084-4c9e-ae35-2b3d48c819b0,BUY,MARKET,8,622.63,8,622.63,
2025-11-06 15:34:00+00:00,FILLED,ac31a08c-1459-402f-b993-a4e54e2143b8,SELL,MARKET,8.0,622.63,4,622.63,
2025-11-06 15:35:00+00:00,RISK_PASS,5df1e7d2-d704-4f5e-a726-0de16eaeb473,BUY,MARKET,4,622.285,0,0.0,All risk checks passed
2025-11-06 15:35:00+00:00,RISK_PASS,f6875e08-cbc8-4a3a-b4ae-1f26e17201bb,SELL,MARKET,12.0,622.285,0,0.0,All risk checks passed
2025-11-06 15:35:00+00:00,FILLED,5df1e7d2-d704-4f5e-a726-0de16eaeb473,BUY,MARKET,4,622.285,4,622.285,
2025-11-06 15:35:00+00:00,FILLED,f6875e08-cbc8-4a3a-b4ae-1f26e17201bb,SELL,MARKET,12.0,622.285,12.0,622.285,
2025-11-06 15:36:00+00:00,RISK_PASS,0acbb70c-d160-41e4-be01-0db4dc613fe4,BUY,MARKET,12,621.1109,0,0.0,All risk checks passed
2025-11-06 15:36:00+00:00,RISK_PASS,9a70be22-5114-42e0-befe-90286fda500f,SELL,MARKET,4.0,621.1109,0,0.0,All risk checks passed
2025-11-06 15:36:00+00:00,FILLED,0acbb70c-d160-41e4-be01-0db4dc613fe4,BUY,MARKET,12,621.1109,12,621.1109,
2025-11-06 15:36:00+00:00,FILLED,9a70be22-5114-42e0-befe-90286fda500f,SELL,MARKET,4.0,621.1109,4.0,621.1109,
2025-11-06 15:37:00+00:00,RISK_PASS,db60f680-9b33-4995-8cc0-8cfb1c35e466,BUY,MARKET,4,620.61,0,0.0,All risk checks passed
2025-11-06 15:37:00+00:00,RISK_PASS,dfd3f1a0-fbba-4530-b4e7-fdcd7e198880,SELL,MARKET,12.0,620.61,0,0.0,All risk checks passed
2025-11-06 15:37:00+00:00,FILLED,db60f680-9b33-4995-8cc0-8cfb1c35e466,BUY,MARKET,4,620.61,4,620.61,
2025-11-06 15:37:00+00:00,FILLED,dfd3f1a0-fbba-4530-b4e7-fdcd7e198880,SELL,MARKET,12.0,620.61,12.0,620.61,
2025-11-06 15:38:00+00:00,RISK_PASS,9778bd4e-fc66-498c-b623-8b9e9ecaea10,BUY,MARKET,12,621.45,0,0.0,All risk checks passed
2025-11-06 15:38:00+00:00,RISK_PASS,96055919-469d-4c85-b49d-155d82eca86c,SELL,MARKET,4.0,621.45,0,0.0,All risk checks passed
2025-11-06 15:38:00+00:00,FILLED,9778bd4e-fc66-498c-b623-8b9e9ecaea10,BUY,MARKET,12,621.45,4,621.45,
2025-11-06 15:38:00+00:00,FILLED,96055919-469d-4c85-b49d-155d82eca86c,SELL,MARKET,4.0,621.45,4.0,621.45,
2025-11-06 15:39:00+00:00,RISK_PASS,5a584a26-d299-478c-8423-b1722b3a79ff,BUY,MARKET,12,620.51,0,0.0,All risk checks passed
2025-11-06 15:39:00+00:00,RISK_PASS,ca5b23c7-9a24-4b1b-932b-c72e45620884,SELL,MARKET,4.0,620.51,0,0.0,All risk checks passed
2025-11-06 15:39:00+00:00,FILLED,5a584a26-d299-478c-8423-b1722b3a79ff,BUY,MARKET,12,620.51,12,620.51,
2025-11-06 15:39:00+00:00,FILLED,ca5b23c7-9a24-4b1b-932b-c72e45620884,SELL,MARKET,4.0,620.51,4.0,620.51,
2025-11-06 15:40:00+00:00,RISK_PASS,0d142cee-ec1e-43cb-a6b4-e367b9f86071,BUY,MARKET,4,619.73,0,0.0,All risk checks passed
2025-11-06 15:40:00+00:00,RISK_PASS,4d13de91-557c-4200-b649-1d3371083790,SELL,MARKET,12.0,619.73,0,0.0,All risk checks passed
2025-11-06 15:40:00+00:00,FILLED,0d142cee-ec1e-43cb-a6b4-e367b9f86071,BUY,MARKET,4,619.73,4,619.73,
2025-11-06 15:40:00+00:00,FILLED,4d13de91-557c-4200-b649-1d3371083790,SELL,MARKET,12.0,619.73,12.0,619.73,
2025-11-06 15:41:00+00:00,RISK_PASS,b0cae423-20bd-4c42-a917-517acbbe8b31,BUY,MARKET,12,620.135,0,0.0,All risk checks passed
2025-11-06 15:41:00+00:00,RISK_PASS,faf7b981-d18e-43cd-9b33-f1eb2d3e1ee5,SELL,MARKET,4.0,620.135,0,0.0,All risk checks passed
2025-11-06 15:41:00+00:00,FILLED,b0cae423-20bd-4c42-a917-517acbbe8b31,BUY,MARKET,12,620.135,12,620.135,
2025-11-06 15:41:00+00:00,FILLED,faf7b981-d18e-43cd-9b33-f1eb2d3e1ee5,SELL,MARKET,4.0,620.135,1,620.135,
2025-11-06 15:42:00+00:00,RISK_PASS,11a45a09-20a1-4c26-9179-48b11112a9af,BUY,MARKET,1,619.8136,0,0.0,All risk checks passed
2025-11-06 15:42:00+00:00,RISK_PASS,ea33260f-f3e3-463e-9009-f500cfd8736c,SELL,MARKET,15.0,619.8136,0,0.0,All risk checks passed
2025-11-06 15:42:00+00:00,FILLED,11a45a09-20a1-4c26-9179-48b11112a9af,BUY,MARKET,1,619.8136,1,619.8136,
2025-11-06 15:42:00+00:00,FILLED,ea33260f-f3e3-463e-9009-f500cfd8736c,SELL,MARKET,15.0,619.8136,15.0,619.8136,
2025-11-06 15:43:00+00:00,RISK_PASS,f0608b46-41ea-4c20-94a1-8d85ab44ae8a,BUY,MARKET,15,620.3099,0,0.0,All risk checks passed
2025-11-06 15:43:00+00:00,RISK_PASS,2360acfc-8452-4763-ae1c-1ca6bf40fe0a,SELL,MARKET,1.0,620.3099,0,0.0,All risk checks passed
2025-11-06 15:43:00+00:00,FILLED,f0608b46-41ea-4c20-94a1-8d85ab44ae8a,BUY,MARKET,15,620.3099,15,620.3099,
2025-11-06 15:43:00+00:00,FILLED,2360acfc-8452-4763-ae1c-1ca6bf40fe0a,SELL,MARKET,1.0,620.3099,1.0,620.3099,
2025-11-06 15:44:00+00:00,RISK_PASS,bc14441b-1538-4662-b517-0f90f84590c0,BUY,MARKET,1,619.825,0,0.0,All risk checks passed
2025-11-06 15:44:00+00:00,RISK_PASS,d14bfa5c-03c5-4d4d-af8d-b72d5ceb2c3a,SELL,MARKET,15.0,619.825,0,0.0,All risk checks passed
2025-11-06 15:44:00+00:00,FILLED,bc14441b-1538-4662-b517-0f90f84590c0,BUY,MARKET,1,619.825,1,619.825,
2025-11-06 15:44:00+00:00,FILLED,d14bfa5c-03c5-4d4d-af8d-b72d5ceb2c3a,SELL,MARKET,15.0,619.825,15.0,619.825,
2025-11-06 15:45:00+00:00,RISK_PASS,749f1d0b-bdee-420b-adfb-b5158a444afc,SELL,MARKET,1.0,621.1087,0,0.0,All risk checks passed
2025-11-06 15:45:00+00:00,FILLED,749f1d0b-bdee-420b-adfb-b5158a444afc,SELL,MARKET,1.0,621.1087,1,621.1087,
2025-11-06 16:08:00+00:00,RISK_PASS,e681acbf-a6f4-48ed-81bd-3b80354c9f7d,BUY,MARKET,12,622.9,0,0.0,All risk checks passed
2025-11-06 16:08:00+00:00,FILLED,e681acbf-a6f4-48ed-81bd-3b80354c9f7d,BUY,MARKET,12,622.9,12,622.9,
2025-11-06 16:25:00+00:00,RISK_PASS,59725763-c370-4703-9739-aa2b10653f47,SELL,MARKET,12.0,621.77,0,0.0,All risk checks passed
2025-11-06 16:25:00+00:00,FILLED,59725763-c370-4703-9739-aa2b10653f47,SELL,MARKET,12.0,621.77,12.0,621.77,
2025-11-06 16:43:00+00:00,RISK_PASS,27631d7c-954b-4704-9f32-bb56657e215d,BUY,MARKET,16,620.75,0,0.0,All risk checks passed
2025-11-06 16:43:00+00:00,FILLED,27631d7c-954b-4704-9f32-bb56657e215d,BUY,MARKET,16,620.75,16,620.75,
2025-11-06 16:44:00+00:00,RISK_PASS,be11849d-0873-4c90-82d7-ae6e2d28adcd,SELL,MARKET,16.0,621.4074,0,0.0,All risk checks passed
2025-11-06 16:44:00+00:00,FILLED,be11849d-0873-4c90-82d7-ae6e2d28adcd,SELL,MARKET,16.0,621.4074,3,621.4074,
2025-11-06 16:45:00+00:00,RISK_PASS,103845cf-109d-43ff-bb30-23d5a32ee7f8,SELL,MARKET,13.0,620.27,0,0.0,All risk checks passed
2025-11-06 16:45:00+00:00,FILLED,103845cf-109d-43ff-bb30-23d5a32ee7f8,SELL,MARKET,13.0,620.27,13.0,620.27,
2025-11-06 16:47:00+00:00,RISK_PASS,19e4520a-b263-41be-a5ac-1f80cfd2eaf5,BUY,MARKET,16,620.05,0,0.0,All risk checks passed
2025-11-06 16:47:00+00:00,FILLED,19e4520a-b263-41be-a5ac-1f80cfd2eaf5,BUY,MARKET,16,620.05,16,620.05,
2025-11-06 16:48:00+00:00,RISK_PASS,e5861ea0-3cf3-4f79-ad9a-6f05772bb1ba,SELL,MARKET,16.0,620.34,0,0.0,All risk checks passed
2025-11-06 16:48:00+00:00,FILLED,e5861ea0-3cf3-4f79-ad9a-6f05772bb1ba,SELL,MARKET,16.0,620.34,16.0,620.34,
2025-11-06 17:12:00+00:00,RISK_PASS,ce952c3f-880b-427d-bcf4-0a3ca55c797a,BUY,MARKET,12,622.1301,0,0.0,All risk checks passed
2025-11-06 17:12:00+00:00,FILLED,ce952c3f-880b-427d-bcf4-0a3ca55c797a,BUY,MARKET,12,622.1301,12,622.1301,
2025-11-06 17:27:00+00:00,RISK_PASS,ad523e60-07be-4f91-8b4f-0d7921ada35a,SELL,MARKET,12.0,623.54,0,0.0,All risk checks passed
2025-11-06 17:27:00+00:00,FILLED,ad523e60-07be-4f91-8b4f-0d7921ada35a,SELL,MARKET,12.0,623.54,6,623.54,
2025-11-06 17:28:00+00:00,RISK_PASS,c9c77864-0f1b-4c51-8784-7a44024f8b46,BUY,MARKET,6,624.2,0,0.0,All risk checks passed
2025-11-06 17:28:00+00:00,RISK_PASS,986bb9bd-cc19-4462-b75a-28fd0dcd919b,SELL,MARKET,6.0,624.2,0,0.0,All risk checks passed
2025-11-06 17:28:00+00:00,FILLED,c9c77864-0f1b-4c51-8784-7a44024f8b46,BUY,MARKET,6,624.2,6,624.2,
2025-11-06 17:28:00+00:00,FILLED,986bb9bd-cc19-4462-b75a-28fd0dcd919b,SELL,MARKET,6.0,624.2,1,624.2,
2025-11-06 17:29:00+00:00,RISK_PASS,c951e666-2417-4113-a621-dbf03b386e57,BUY,MARKET,1,624.39,0,0.0,All risk checks passed
2025-11-06 17:29:00+00:00,RISK_PASS,53b29c14-d7a3-4f75-a7e8-ac831d99de65,SELL,MARKET,11.0,624.39,0,0.0,All risk checks passed
2025-11-06 17:29:00+00:00,REJECTED,c951e666-2417-4113-a621-dbf03b386e57,BUY,MARKET,1,624.39,0,0.0,Random engine rejection
2025-11-06 17:29:00+00:00,FILLED,53b29c14-d7a3-4f75-a7e8-ac831d99de65,SELL,MARKET,11.0,624.39,11.0,624.39,
2025-11-06 17:30:00+00:00,RISK_PASS,a673c7cc-6813-4333-ac92-c0355a57cbb1,BUY,MARKET,12,624.35,0,0.0,All risk checks passed
2025-11-06 17:30:00+00:00,FILLED,a673c7cc-6813-4333-ac92-c0355a57cbb1,BUY,MARKET,12,624.35,12,624.35,
2025-11-06 17:31:00+00:00,RISK_PASS,712b9e2f-41cd-4ae9-932b-b1a30098d807,SELL,MARKET,12.0,624.1,0,0.0,All risk checks passed
2025-11-06 17:31:00+00:00,FILLED,712b9e2f-41cd-4ae9-932b-b1a30098d807,SELL,MARKET,12.0,624.1,12.0,624.1,
2025-11-06 17:32:00+00:00,RISK_PASS,ac019593-dda0-4e53-a62a-70fdfbf17ab0,BUY,MARKET,12,624.0,0,0.0,All risk checks passed
2025-11-06 17:32:00+00:00,FILLED,ac019593-dda0-4e53-a62a-70fdfbf17ab0,BUY,MARKET,12,624.0,12,624.0,
2025-11-06 17:33:00+00:00,RISK_PASS,0c4b6910-74e9-437a-9be6-49f2fc817037,SELL,MARKET,12.0,624.205,0,0.0,All risk checks passed
2025-11-06 17:33:00+00:00,FILLED,0c4b6910-74e9-437a-9be6-49f2fc817037,SELL,MARKET,12.0,624.205,12.0,624.205,
2025-11-06 17:34:00+00:00,RISK_PASS,522e7d3b-5996-4a1d-92b0-770c5bedbdd1,BUY,MARKET,12,624.065,0,0.0,All risk checks passed
2025-11-06 17:34:00+00:00,FILLED,522e7d3b-5996-4a1d-92b0-770c5bedbdd1,BUY,MARKET,12,624.065,12,624.065,
2025-11-06 17:35:00+00:00,RISK_PASS,410fe06c-b47a-402a-8c4f-001f2e5e84c8,SELL,MARKET,12.0,624.65,0,0.0,All risk checks passed
2025-11-06 17:35:00+00:00,FILLED,410fe06c-b47a-402a-8c4f-001f2e5e84c8,SELL,MARKET,12.0,624.65,12.0,624.65,
2025-11-06 17:36:00+00:00,RISK_PASS,4d68afa2-bc3d-4324-9acb-4d0a107c6014,BUY,MARKET,12,624.62,0,0.0,All risk checks passed
2025-11-06 17:36:00+00:00,FILLED,4d68afa2-bc3d-4324-9acb-4d0a107c6014,BUY,MARKET,12,624.62,12,624.62,
2025-11-06 17:37:00+00:00,RISK_PASS,65185676-1402-48dd-b2ef-856dc316df5c,SELL,MARKET,12.0,624.89,0,0.0,All risk checks passed
2025-11-06 17:37:00+00:00,FILLED,65185676-1402-48dd-b2ef-856dc316df5c,SELL,MARKET,12.0,624.89,12.0,624.89,
2025-11-06 17:38:00+00:00,RISK_PASS,b891e092-4e66-47e0-b54f-3d215905282e,BUY,MARKET,12,625.07,0,0.0,All risk checks passed
2025-11-06 17:38:00+00:00,FILLED,b891e092-4e66-47e0-b54f-3d215905282e,BUY,MARKET,12,625.07,12,625.07,
2025-11-06 17:39:00+00:00,RISK_PASS,3bf5c0a1-9a75-4e0f-952e-1f5fb7d61c4b,SELL,MARKET,12.0,625.09,0,0.0,All risk checks passed
2025-11-06 17:39:00+00:00,FILLED,3bf5c0a1-9a75-4e0f-952e-1f5fb7d61c4b,SELL,MARKET,12.0,625.09,12.0,625.09,
2025-11-06 17:40:00+00:00,RISK_PASS,65d7d9f1-4bf2-408f-a5fc-7973a8820e9d,BUY,MARKET,12,625.01,0,0.0,All risk checks passed
2025-11-06 17:40:00+00:00,FILLED,65d7d9f1-4bf2-408f-a5fc-7973a8820e9d,BUY,MARKET,12,625.01,12,625.01,
2025-11-06 18:01:00+00:00,RISK_PASS,7d490562-4ed8-4bd2-85ed-e1df23b23124,BUY,MARKET,7,623.81,0,0.0,All risk checks passed
2025-11-06 18:01:00+00:00,FILLED,7d490562-4ed8-4bd2-85ed-e1df23b23124,BUY,MARKET,7,623.81,7,623.81,
2025-11-06 18:05:00+00:00,RISK_PASS,818e6b57-aa4d-40d8-8a9b-176b0f02379e,SELL,MARKET,19.0,622.4,0,0.0,All risk checks passed
2025-11-06 18:05:00+00:00,FILLED,818e6b57-aa4d-40d8-8a9b-176b0f02379e,SELL,MARKET,19.0,622.4,19.0,622.4,
2025-11-06 18:38:00+00:00,RISK_PASS,8ad65233-35f5-4e9a-a54c-0535aadcc7e9,BUY,MARKET,16,622.272,0,0.0,All risk checks passed
2025-11-06 18:38:00+00:00,FILLED,8ad65233-35f5-4e9a-a54c-0535aadcc7e9,BUY,MARKET,16,622.272,2,622.272,
2025-11-06 18:39:00+00:00,RISK_PASS,945b893e-26d2-47a0-8c06-56601e394243,BUY,MARKET,14,622.15,0,0.0,All risk checks passed
2025-11-06 18:39:00+00:00,RISK_PASS,3ed6c2ad-080f-4f3f-a45a-7d6752709497,SELL,MARKET,2.0,622.15,0,0.0,All risk checks passed
2025-11-06 18:39:00+00:00,FILLED,945b893e-26d2-47a0-8c06-56601e394243,BUY,MARKET,14,622.15,14,622.15,
2025-11-06 18:39:00+00:00,FILLED,3ed6c2ad-080f-4f3f-a45a-7d6752709497,SELL,MARKET,2.0,622.15,2.0,622.15,
2025-11-06 18:40:00+00:00,RISK_PASS,0752aa01-f384-4a60-96ca-fdd4e591eb45,BUY,MARKET,2,622.4,0,0.0,All risk checks passed
2025-11-06 18:40:00+00:00,RISK_PASS,5ed52688-1d57-4a94-b6e6-fb57a3093c2c,SELL,MARKET,14.0,622.4,0,0.0,All risk checks passed
2025-11-06 18:40:00+00:00,FILLED,0752aa01-f384-4a60-96ca-fdd4e591eb45,BUY,MARKET,2,622.4,2,622.4,
2025-11-06 18:40:00+00:00,FILLED,5ed52688-1d57-4a94-b6e6-fb57a3093c2c,SELL,MARKET,14.0,622.4,14.0,622.4,
2025-11-06 18:41:00+00:00,RISK_PASS,fedcf0cb-c6b7-4df8-b4a3-e10e40284712,BUY,MARKET,14,622.19,0,0.0,All risk checks passed
2025-11-06 18:41:00+00:00,RISK_PASS,2abc793c-5ca3-4eab-b31f-9dfe5b2d32fc,SELL,MARKET,2.0,622.19,0,0.0,All risk checks passed
2025-11-06 18:41:00+00:00,FILLED,fedcf0cb-c6b7-4df8-b4a3-e10e40284712,BUY,MARKET,14,622.19,14,622.19,
2025-11-06 18:41:00+00:00,FILLED,2abc793c-5ca3-4eab-b31f-9dfe5b2d32fc,SELL,MARKET,2.0,622.19,1,622.19,
2025-11-06 18:42:00+00:00,RISK_PASS,3f8f1fbd-9682-4a00-b593-263f49230c4a,BUY,MARKET,1,622.29,0,0.0,All risk checks passed
2025-11-06 18:42:00+00:00,RISK_PASS,3db0f871-8694-485e-ab0c-9ae1dd840874,SELL,MARKET,15.0,622.29,0,0.0,All risk checks passed
2025-11-06 18:42:00+00:00,FILLED,3f8f1fbd-9682-4a00-b593-263f49230c4a,BUY,MARKET,1,622.29,1,622.29,
2025-11-06 18:42:00+00:00,REJECTED,3db0f871-8694-485e-ab0c-9ae1dd840874,SELL,MARKET,15.0,622.29,0,0.0,Random engine rejection
2025-11-06 18:43:00+00:00,RISK_PASS,21b3e65e-aaca-4a9b-a5f2-e825e1e1aa36,SELL,MARKET,16.0,622.39,0,0.0,All risk checks passed
2025-11-06 18:43:00+00:00,FILLED,21b3e65e-aaca-4a9b-a5f2-e825e1e1aa36,SELL,MARKET,16.0,622.39,16.0,622.39,
2025-11-06 18:44:00+00:00,RISK_PASS,a9b482a0-5ab2-466f-9604-a2ba267cc23c,BUY,MARKET,16,621.79,0,0.0,All risk checks passed
2025-11-06 18:44:00+00:00,FILLED,a9b482a0-5ab2-466f-9604-a2ba267cc23c,BUY,MARKET,16,621.79,16,621.79,
2025-11-06 18:45:00+00:00,RISK_PASS,9a191c91-d9c7-4baf-b0f7-f6d5eff409fb,SELL,MARKET,16.0,622.16,0,0.0,All risk checks passed
2025-11-06 18:45:00+00:00,FILLED,9a191c91-d9c7-4baf-b0f7-f6d5eff409fb,SELL,MARKET,16.0,622.16,16.0,622.16,
2025-11-06 19:04:00+00:00,RISK_PASS,1cccd9de-479d-409f-9cca-7b260b1244a4,BUY,MARKET,12,624.48,0,0.0,All risk checks passed
2025-11-06 19:04:00+00:00,FILLED,1cccd9de-479d-409f-9cca-7b260b1244a4,BUY,MARKET,12,624.48,12,624.48,
2025-11-06 19:05:00+00:00,RISK_PASS,576a8852-437b-4c96-95df-238836bcc97d,SELL,MARKET,12.0,624.955,0,0.0,All risk checks passed
2025-11-06 19:05:00+00:00,FILLED,576a8852-437b-4c96-95df-238836bcc97d,SELL,MARKET,12.0,624.955,12.0,624.955,
2025-11-06 19:06:00+00:00,RISK_PASS,36efe2af-d2c7-48de-85d0-a6b57becd1bd,BUY,MARKET,12,625.47,0,0.0,All risk checks passed
2025-11-06 19:06:00+00:00,FILLED,36efe2af-d2c7-48de-85d0-a6b57becd1bd,BUY,MARKET,12,625.47,12,625.47,
2025-11-06 19:07:00+00:00,RISK_PASS,2265b8ab-cdac-4740-b664-7608361fc542,SELL,MARKET,12.0,625.0865,0,0.0,All risk checks passed
2025-11-06 19:07:00+00:00,FILLED,2265b8ab-cdac-4740-b664-7608361fc542,SELL,MARKET,12.0,625.0865,12.0,625.0865,
2025-11-06 19:08:00+00:00,RISK_PASS,0160757e-eb4a-4629-a85b-6d5fc857c19c,BUY,MARKET,12,624.505,0,0.0,All risk checks passed
2025-11-06 19:08:00+00:00,FILLED,0160757e-eb4a-4629-a85b-6d5fc857c19c,BUY,MARKET,12,624.505,12,624.505,
2025-11-06 19:09:00+00:00,RISK_PASS,98947570-3897-4c83-a4fc-7c0059cb0337,SELL,MARKET,12.0,624.4977,0,0.0,All risk checks passed
2025-11-06 19:09:00+00:00,FILLED,98947570-3897-4c83-a4fc-7c0059cb0337,SELL,MARKET,12.0,624.4977,12.0,624.4977,
2025-11-06 19:10:00+00:00,RISK_PASS,caf6df6f-253c-441c-89e3-ea5296886956,BUY,MARKET,12,624.36,0,0.0,All risk checks passed
2025-11-06 19:10:00+00:00,FILLED,caf6df6f-253c-441c-89e3-ea5296886956,BUY,MARKET,12,624.36,12,624.36,
2025-11-06 19:45:00+00:00,RISK_PASS,3178169c-5c05-4e28-98a7-ab5cb977ec69,SELL,MARKET,12.0,624.23,0,0.0,All risk checks passed
2025-11-06 19:45:00+00:00,FILLED,3178169c-5c05-4e28-98a7-ab5cb977ec69,SELL,MARKET,12.0,624.23,12.0,624.23,
2025-11-06 19:58:00+00:00,RISK_PASS,6022a114-09bb-404a-8342-404f0d502f9e,BUY,MARKET,12,625.69,0,0.0,All risk checks passed
2025-11-06 19:58:00+00:00,FILLED,6022a114-09bb-404a-8342-404f0d502f9e,BUY,MARKET,12,625.69,12,625.69,
2025-11-06 20:10:00+00:00,RISK_PASS,dc0c6bb9-52d3-4567-b30c-ff746cb367ac,SELL,MARKET,12.0,624.425,0,0.0,All risk checks passed
2025-11-06 20:10:00+00:00,FILLED,dc0c6bb9-52d3-4567-b30c-ff746cb367ac,SELL,MARKET,12.0,624.425,12.0,624.425,
2025-11-06 20:11:00+00:00,RISK_PASS,1d90a925-c191-4d76-94d8-0030733ffc90,BUY,MARKET,15,624.56,0,0.0,All risk checks passed
2025-11-06 20:11:00+00:00,FILLED,1d90a925-c191-4d76-94d8-0030733ffc90,BUY,MARKET,15,624.56,15,624.56,
2025-11-06 20:12:00+00:00,RISK_PASS,557e78c6-5ea8-4c23-b90b-e2620734a13f,BUY,MARKET,4,624.2103,0,0.0,All risk checks passed
2025-11-06 20:12:00+00:00,FILLED,557e78c6-5ea8-4c23-b90b-e2620734a13f,BUY,MARKET,4,624.2103,2,624.2103,
2025-11-06 20:16:00+00:00,RISK_PASS,af86f93b-927b-441a-b1e8-3d6295df6c30,SELL,MARKET,17.0,623.9,0,0.0,All risk checks passed
2025-11-06 20:16:00+00:00,FILLED,af86f93b-927b-441a-b1e8-3d6295df6c30,SELL,MARKET,17.0,623.9,17.0,623.9,
2025-11-06 20:27:00+00:00,RISK_PASS,fb612619-ffe4-4129-8aea-2666da8fc5aa,BUY,MARKET,16,623.0,0,0.0,All risk checks passed
2025-11-06 20:27:00+00:00,FILLED,fb612619-ffe4-4129-8aea-2666da8fc5aa,BUY,MARKET,16,623.0,16,623.0,
2025-11-06 20:28:00+00:00,RISK_PASS,e43f5a4e-1b13-457e-88ca-f1723c91161c,SELL,MARKET,16.0,621.97,0,0.0,All risk checks passed
2025-11-06 20:28:00+00:00,FILLED,e43f5a4e-1b13-457e-88ca-f1723c91161c,SELL,MARKET,16.0,621.97,16.0,621.97,
2025-11-06 20:29:00+00:00,RISK_PASS,da603363-485b-49fc-a0e6-6a7ad7602465,BUY,MARKET,16,621.4,0,0.0,All risk checks passed
2025-11-06 20:29:00+00:00,FILLED,da603363-485b-49fc-a0e6-6a7ad7602465,BUY,MARKET,16,621.4,16,621.4,
2025-11-06 20:30:00+00:00,RISK_PASS,df14443e-4537-44be-aedc-d10f2648e64b,SELL,MARKET,16.0,621.1574,0,0.0,All risk checks passed
2025-11-06 20:30:00+00:00,FILLED,df14443e-4537-44be-aedc-d10f2648e64b,SELL,MARKET,16.0,621.1574,16.0,621.1574,
2025-11-06 20:31:00+00:00,RISK_PASS,edd99049-2ccb-4414-9193-699386654f67,BUY,MARKET,16,621.01,0,0.0,All risk checks passed
2025-11-06 20:31:00+00:00,FILLED,edd99049-2ccb-4414-9193-699386654f67,BUY,MARKET,16,621.01,16,621.01,
2025-11-06 20:32:00+00:00,RISK_PASS,81bad2bb-6c84-4083-9de0-62114060c042,SELL,MARKET,16.0,621.25,0,0.0,All risk checks passed
2025-11-06 20:32:00+00:00,FILLED,81bad2bb-6c84-4083-9de0-62114060c042,SELL,MARKET,16.0,621.25,16.0,621.25,
2025-11-06 20:33:00+00:00,RISK_PASS,f5225404-fef4-4ec0-ac8b-045876bc766c,BUY,MARKET,16,621.2425,0,0.0,All risk checks passed
2025-11-06 20:33:00+00:00,FILLED,f5225404-fef4-4ec0-ac8b-045876bc766c,BUY,MARKET,16,621.2425,16,621.2425,
2025-11-06 20:34:00+00:00,RISK_PASS,17113d64-469c-4ca9-ac92-9d4eb71bbc1a,SELL,MARKET,16.0,621.13,0,0.0,All risk checks passed
2025-11-06 20:34:00+00:00,FILLED,17113d64-469c-4ca9-ac92-9d4eb71bbc1a,SELL,MARKET,16.0,621.13,16.0,621.13,
2025-11-06 20:35:00+00:00,RISK_PASS,186d115e-792a-431d-a44b-e26e3dcd7ca6,BUY,MARKET,16,621.2117,0,0.0,All risk checks passed
2025-11-06 20:35:00+00:00,FILLED,186d115e-792a-431d-a44b-e26e3dcd7ca6,BUY,MARKET,16,621.2117,16,621.2117,
2025-11-06 20:36:00+00:00,RISK_PASS,72f3cac0-a47a-4d7d-ba80-c183ab816eee,SELL,MARKET,16.0,621.17,0,0.0,All risk checks passed
2025-11-06 20:36:00+00:00,FILLED,72f3cac0-a47a-4d7d-ba80-c183ab816eee,SELL,MARKET,16.0,621.17,16.0,621.17,
2025-11-06 20:37:00+00:00,RISK_PASS,2dbb7295-6c57-417e-8563-509bf49afc20,BUY,MARKET,16,621.09,0,0.0,All risk checks passed
2025-11-06 20:37:00+00:00,FILLED,2dbb7295-6c57-417e-8563-509bf49afc20,BUY,MARKET,16,621.09,16,621.09,
2025-11-06 20:38:00+00:00,RISK_PASS,0af55f4a-cccb-4f06-a505-444aebaab11c,SELL,MARKET,16.0,621.6125,0,0.0,All risk checks passed
2025-11-06 20:38:00+00:00,REJECTED,0af55f4a-cccb-4f06-a505-444aebaab11c,SELL,MARKET,16.0,621.6125,0,0.0,Random engine rejection
2025-11-06 20:39:00+00:00,RISK_PASS,35bbb221-7a79-4d0a-92d8-5ca92e37893a,SELL,MARKET,16.0,620.5419,0,0.0,All risk checks passed
2025-11-06 20:39:00+00:00,FILLED,35bbb221-7a79-4d0a-92d8-5ca92e37893a,SELL,MARKET,16.0,620.5419,16.0,620.5419,
2025-11-06 20:40:00+00:00,RISK_PASS,1068acd4-916a-4bb9-b50d-1985137cf0ef,BUY,MARKET,16,620.4611,0,0.0,All risk checks passed
2025-11-06 20:40:00+00:00,FILLED,1068acd4-916a-4bb9-b50d-1985137cf0ef,BUY,MARKET,16,620.4611,16,620.4611,
2025-11-06 20:41:00+00:00,RISK_PASS,3dceaac8-d4f5-4f40-95ed-a79621a5d20c,SELL,MARKET,16.0,619.96,0,0.0,All risk checks passed
2025-11-06 20:41:00+00:00,FILLED,3dceaac8-d4f5-4f40-95ed-a79621a5d20c,SELL,MARKET,16.0,619.96,16.0,619.96,
2025-11-06 20:42:00+00:00,RISK_PASS,97560ea0-7ca0-4d4e-a597-dd751b333726,BUY,MARKET,16,619.6005,0,0.0,All risk checks passed
2025-11-06 20:42:00+00:00,FILLED,97560ea0-7ca0-4d4e-a597-dd751b333726,BUY,MARKET,16,619.6005,16,619.6005,
2025-11-06 20:43:00+00:00,RISK_PASS,81e31d26-cf3e-45ff-bf9e-145f440c64c0,SELL,MARKET,16.0,620.15,0,0.0,All risk checks passed
2025-11-06 20:43:00+00:00,FILLED,81e31d26-cf3e-45ff-bf9e-145f440c64c0,SELL,MARKET,16.0,620.15,16.0,620.15,
2025-11-06 20:46:00+00:00,RISK_PASS,527982ac-01e6-403c-a32c-2851d2e42aaf,BUY,MARKET,16,619.29,0,0.0,All risk checks passed
2025-11-06 20:46:00+00:00,FILLED,527982ac-01e6-403c-a32c-2851d2e42aaf,BUY,MARKET,16,619.29,16,619.29,
2025-11-06 20:47:00+00:00,RISK_PASS,d1439b76-f44d-4ccf-a17d-2db5dbc65b37,SELL,MARKET,16.0,618.695,0,0.0,All risk checks passed
2025-11-06 20:47:00+00:00,REJECTED,d1439b76-f44d-4ccf-a17d-2db5dbc65b37,SELL,MARKET,16.0,618.695,0,0.0,Random engine rejection
2025-11-06 20:48:00+00:00,RISK_PASS,9dc18b94-d1a8-44f1-8264-fb859e54ed10,SELL,MARKET,16.0,618.95,0,0.0,All risk checks passed
2025-11-06 20:48:00+00:00,FILLED,9dc18b94-d1a8-44f1-8264-fb859e54ed10,SELL,MARKET,16.0,618.95,16.0,618.95,
2025-11-06 20:49:00+00:00,RISK_PASS,7ded968e-2c8b-4e3d-9fd9-d390f285a03d,BUY,MARKET,16,618.9,0,0.0,All risk checks passed
2025-11-06 20:49:00+00:00,FILLED,7ded968e-2c8b-4e3d-9fd9-d390f285a03d,BUY,MARKET,16,618.9,16,618.9,
2025-11-06 20:50:00+00:00,RISK_PASS,f739e6b6-57df-4e50-8d07-1bf000c007b2,SELL,MARKET,16.0,618.865,0,0.0,All risk checks passed
2025-11-06 20:50:00+00:00,REJECTED,f739e6b6-57df-4e50-8d07-1bf000c007b2,SELL,MARKET,16.0,618.865,0,0.0,Random engine rejection
2025-11-06 20:51:00+00:00,RISK_PASS,26358e10-070e-47fc-b15c-04851c08fb98,SELL,MARKET,16.0,618.96,0,0.0,All risk checks passed
2025-11-06 20:51:00+00:00,FILLED,26358e10-070e-47fc-b15c-04851c08fb98,SELL,MARKET,16.0,618.96,11,618.96,
2025-11-06 20:52:00+00:00,RISK_PASS,b791efe8-ba39-4ea4-9ed3-2eea572849ef,BUY,MARKET,11,618.7,0,0.0,All risk checks passed
2025-11-06 20:52:00+00:00,RISK_PASS,d52ae873-6fce-42e0-aefe-1d9ec04ac61f,SELL,MARKET,5.0,618.7,0,0.0,All risk checks passed
2025-11-06 20:52:00+00:00,FILLED,b791efe8-ba39-4ea4-9ed3-2eea572849ef,BUY,MARKET,11,618.7,11,618.7,
2025-11-06 20:52:00+00:00,FILLED,d52ae873-6fce-42e0-aefe-1d9ec04ac61f,SELL,MARKET,5.0,618.7,5.0,618.7,
2025-11-06 20:53:00+00:00,RISK_PASS,c3c928eb-36e0-454c-b266-b871575989c1,BUY,MARKET,5,618.545,0,0.0,All risk checks passed
2025-11-06 20:53:00+00:00,RISK_PASS,f9c4d6be-f7b2-46c4-8e3c-61554404523d,SELL,MARKET,11.0,618.545,0,0.0,All risk checks passed
2025-11-06 20:53:00+00:00,FILLED,c3c928eb-36e0-454c-b266-b871575989c1,BUY,MARKET,5,618.545,5,618.545,
2025-11-06 20:53:00+00:00,FILLED,f9c4d6be-f7b2-46c4-8e3c-61554404523d,SELL,MARKET,11.0,618.545,11.0,618.545,
2025-11-06 20:54:00+00:00,RISK_PASS,35b4f685-356c-4b44-a10a-4b29254d93b3,BUY,MARKET,11,618.29,0,0.0,All risk checks passed
2025-11-06 20:54:00+00:00,RISK_PASS,8e307157-d029-4334-8c1d-64c30616b001,SELL,MARKET,5.0,618.29,0,0.0,All risk checks passed
2025-11-06 20:54:00+00:00,FILLED,35b4f685-356c-4b44-a10a-4b29254d93b3,BUY,MARKET,11,618.29,11,618.29,
2025-11-06 20:54:00+00:00,FILLED,8e307157-d029-4334-8c1d-64c30616b001,SELL,MARKET,5.0,618.29,5.0,618.29,
2025-11-06 20:55:00+00:00,RISK_PASS,c383ddab-21d5-4aa7-8c64-624d1266acdb,SELL,MARKET,11.0,618.705,0,0.0,All risk checks passed
2025-11-06 20:55:00+00:00,FILLED,c383ddab-21d5-4aa7-8c64-624d1266acdb,SELL,MARKET,11.0,618.705,11.0,618.705,
2025-11-06 20:57:00+00:00,RISK_PASS,e646061d-b201-4d27-86f9-ecc24cd3fad9,BUY,MARKET,16,618.55,0,0.0,All risk checks passed
2025-11-06 20:57:00+00:00,FILLED,e646061d-b201-4d27-86f9-ecc24cd3fad9,BUY,MARKET,16,618.55,16,618.55,
2025-11-06 20:58:00+00:00,RISK_PASS,0c9db03c-8697-49e0-88c4-1bce606873fa,SELL,MARKET,16.0,618.71,0,0.0,All risk checks passed
2025-11-06 20:58:00+00:00,FILLED,0c9db03c-8697-49e0-88c4-1bce606873fa,SELL,MARKET,16.0,618.71,16.0,618.71,
2025-11-06 21:15:00+00:00,RISK_PASS,9ec9d611-22ff-49a4-a0b4-05382b28817c,BUY,MARKET,16,617.88,0,0.0,All risk checks passed
2025-11-06 21:15:00+00:00,FILLED,9ec9d611-22ff-49a4-a0b4-05382b28817c,BUY,MARKET,16,617.88,16,617.88,
2025-11-06 21:16:00+00:00,RISK_PASS,2418507f-7470-4e7f-8d26-181d17874ea3,SELL,MARKET,16.0,617.94,0,0.0,All risk checks passed
2025-11-06 21:16:00+00:00,FILLED,2418507f-7470-4e7f-8d26-181d17874ea3,SELL,MARKET,16.0,617.94,16.0,617.94,
2025-11-06 21:38:00+00:00,RISK_PASS,a04f241b-3701-4594-8e28-c6732a5aa187,BUY,MARKET,12,619.13,0,0.0,All risk checks passed
2025-11-06 21:38:00+00:00,FILLED,a04f241b-3701-4594-8e28-c6732a5aa187,BUY,MARKET,12,619.13,12,619.13,
2025-11-06 21:42:00+00:00,RISK_PASS,7f09d611-e892-4a0a-aad6-8a86953237de,SELL,MARKET,12.0,619.2787,0,0.0,All risk checks passed
2025-11-06 21:42:00+00:00,REJECTED,7f09d611-e892-4a0a-aad6-8a86953237de,SELL,MARKET,12.0,619.2787,0,0.0,Random engine rejection
2025-11-06 21:43:00+00:00,RISK_PASS,dca68756-04c9-45f2-846b-20f8ec0fab3e,SELL,MARKET,12.0,619.309,0,0.0,All risk checks passed
2025-11-06 21:43:00+00:00,FILLED,dca68756-04c9-45f2-846b-20f8ec0fab3e,SELL,MARKET,12.0,619.309,12.0,619.309,
2025-11-06 21:44:00+00:00,RISK_PASS,44b186ae-c12c-4cca-972c-00b7a9218e6a,BUY,MARKET,12,619.33,0,0.0,All risk checks passed
2025-11-06 21:44:00+00:00,FILLED,44b186ae-c12c-4cca-972c-00b7a9218e6a,BUY,MARKET,12,619.33,12,619.33,
2025-11-06 21:45:00+00:00,RISK_PASS,2d1fc66f-8812-4a88-91a6-7c40672b9c18,SELL,MARKET,12.0,619.28,0,0.0,All risk checks passed
2025-11-06 21:45:00+00:00,FILLED,2d1fc66f-8812-4a88-91a6-7c40672b9c18,SELL,MARKET,12.0,619.28,2,619.28,
2025-11-06 21:46:00+00:00,RISK_PASS,30e7fc6c-8ad0-47c3-a08b-6d32271e9f65,BUY,MARKET,2,619.4,0,0.0,All risk checks passed
2025-11-06 21:46:00+00:00,FILLED,30e7fc6c-8ad0-47c3-a08b-6d32271e9f65,BUY,MARKET,2,619.4,1,619.4,
2025-11-06 21:47:00+00:00,RISK_PASS,4920a886-73a6-4d86-b2a0-3924f74364f3,BUY,MARKET,1,619.4,0,0.0,All risk checks passed
2025-11-06 21:47:00+00:00,RISK_PASS,8dba3ed0-df62-4116-b50b-9592ef94c7b7,SELL,MARKET,11.0,619.4,0,0.0,All risk checks passed
2025-11-06 21:47:00+00:00,FILLED,4920a886-73a6-4d86-b2a0-3924f74364f3,BUY,MARKET,1,619.4,1,619.4,
2025-11-06 21:47:00+00:00,FILLED,8dba3ed0-df62-4116-b50b-9592ef94c7b7,SELL,MARKET,11.0,619.4,11.0,619.4,
2025-11-06 21:48:00+00:00,RISK_PASS,b570a84d-b04d-4461-8135-e51b660e4c88,BUY,MARKET,11,619.36,0,0.0,All risk checks passed
2025-11-06 21:48:00+00:00,RISK_PASS,60f39e98-2fca-44d9-909b-8494fc9504eb,SELL,MARKET,1.0,619.36,0,0.0,All risk checks passed
2025-11-06 21:48:00+00:00,FILLED,b570a84d-b04d-4461-8135-e51b660e4c88,BUY,MARKET,11,619.36,11,619.36,
2025-11-06 21:48:00+00:00,FILLED,60f39e98-2fca-44d9-909b-8494fc9504eb,SELL,MARKET,1.0,619.36,1.0,619.36,
2025-11-06 21:49:00+00:00,RISK_PASS,1e94eaed-c4d8-431d-9066-47f5e9a3de34,BUY,MARKET,1,619.5,0,0.0,All risk checks passed
2025-11-06 21:49:00+00:00,RISK_PASS,b7104567-4966-47f1-b03c-e7ffe1ef5dba,SELL,MARKET,11.0,619.5,0,0.0,All risk checks passed
2025-11-06 21:49:00+00:00,FILLED,1e94eaed-c4d8-431d-9066-47f5e9a3de34,BUY,MARKET,1,619.5,1,619.5,
2025-11-06 21:49:00+00:00,FILLED,b7104567-4966-47f1-b03c-e7ffe1ef5dba,SELL,MARKET,11.0,619.5,11.0,619.5,
2025-11-06 21:50:00+00:00,RISK_PASS,4f2d22a5-2f90-47da-bb23-f169d2d6445f,BUY,MARKET,11,619.5,0,0.0,All risk checks passed
2025-11-06 21:50:00+00:00,RISK_PASS,92586b55-29d6-4c4e-9623-ba9f948a8cc3,SELL,MARKET,1.0,619.5,0,0.0,All risk checks passed
2025-11-06 21:50:00+00:00,FILLED,4f2d22a5-2f90-47da-bb23-f169d2d6445f,BUY,MARKET,11,619.5,5,619.5,
2025-11-06 21:50:00+00:00,FILLED,92586b55-29d6-4c4e-9623-ba9f948a8cc3,SELL,MARKET,1.0,619.5,1.0,619.5,
2025-11-06 21:52:00+00:00,RISK_PASS,b53e0508-e7a7-4aa7-aaf2-63cdb1b850b5,BUY,MARKET,7,619.25,0,0.0,All risk checks passed
2025-11-06 21:52:00+00:00,FILLED,b53e0508-e7a7-4aa7-aaf2-63cdb1b850b5,BUY,MARKET,7,619.25,7,619.25,
2025-11-06 21:57:00+00:00,RISK_PASS,49b4e35a-fdd9-42b0-b042-9943bf52b70c,SELL,MARKET,12.0,619.8065,0,0.0,All risk checks passed
2025-11-06 21:57:00+00:00,FILLED,49b4e35a-fdd9-42b0-b042-9943bf52b70c,SELL,MARKET,12.0,619.8065,12.0,619.8065,
2025-11-06 21:58:00+00:00,RISK_PASS,4c8c46dc-abfa-4f08-be93-9cc9eecf96b1,BUY,MARKET,12,619.41,0,0.0,All risk checks passed
2025-11-06 21:58:00+00:00,FILLED,4c8c46dc-abfa-4f08-be93-9cc9eecf96b1,BUY,MARKET,12,619.41,12,619.41,
2025-11-06 22:13:00+00:00,RISK_PASS,0bfcc653-f7c8-4c98-aec2-7c22f6651fed,SELL,MARKET,12.0,618.9,0,0.0,All risk checks passed
2025-11-06 22:13:00+00:00,FILLED,0bfcc653-f7c8-4c98-aec2-7c22f6651fed,SELL,MARKET,12.0,618.9,12.0,618.9,
2025-11-06 22:15:00+00:00,RISK_PASS,4ce839cf-dea2-467c-8441-1e9d9415490d,BUY,MARKET,16,618.77,0,0.0,All risk checks passed
2025-11-06 22:15:00+00:00,FILLED,4ce839cf-dea2-467c-8441-1e9d9415490d,BUY,MARKET,16,618.77,16,618.77,
2025-11-06 22:16:00+00:00,RISK_PASS,73fb31c4-0654-499a-a5e9-8afe6b3069da,SELL,MARKET,16.0,618.55,0,0.0,All risk checks passed
2025-11-06 22:16:00+00:00,FILLED,73fb31c4-0654-499a-a5e9-8afe6b3069da,SELL,MARKET,16.0,618.55,16.0,618.55,
2025-11-06 22:17:00+00:00,RISK_PASS,dd89aaf5-0543-4463-acf8-e71ac2b5c3c1,BUY,MARKET,16,618.67,0,0.0,All risk checks passed
2025-11-06 22:17:00+00:00,FILLED,dd89aaf5-0543-4463-acf8-e71ac2b5c3c1,BUY,MARKET,16,618.67,16,618.67,
2025-11-06 22:18:00+00:00,RISK_PASS,def1f80b-2fc0-4d9c-b0e3-efd0f5e92bd4,SELL,MARKET,16.0,618.34,0,0.0,All risk checks passed
2025-11-06 22:18:00+00:00,FILLED,def1f80b-2fc0-4d9c-b0e3-efd0f5e92bd4,SELL,MARKET,16.0,618.34,16.0,618.34,
2025-11-06 22:40:00+00:00,RISK_PASS,63c75594-19a7-410d-9ab7-9b7f560d34c8,BUY,MARKET,12,619.05,0,0.0,All risk checks passed
2025-11-06 22:40:00+00:00,FILLED,63c75594-19a7-410d-9ab7-9b7f560d34c8,BUY,MARKET,12,619.05,12,619.05,
2025-11-06 22:42:00+00:00,RISK_PASS,0ec2183d-74aa-4b59-8919-1d3c2f5d7680,SELL,MARKET,12.0,619.018,0,0.0,All risk checks passed
2025-11-06 22:42:00+00:00,FILLED,0ec2183d-74aa-4b59-8919-1d3c2f5d7680,SELL,MARKET,12.0,619.018,12.0,619.018,
2025-11-06 22:43:00+00:00,RISK_PASS,04fb12fa-3860-44aa-9281-863e65b8f0b4,BUY,MARKET,12,619.5,0,0.0,All risk checks passed
2025-11-06 22:43:00+00:00,FILLED,04fb12fa-3860-44aa-9281-863e65b8f0b4,BUY,MARKET,12,619.5,12,619.5,
2025-11-06 22:44:00+00:00,RISK_PASS,d8130b27-e2e5-41c3-b6c8-f8aadbc7da01,SELL,MARKET,12.0,619.9875,0,0.0,All risk checks passed
2025-11-06 22:44:00+00:00,FILLED,d8130b27-e2e5-41c3-b6c8-f8aadbc7da01,SELL,MARKET,12.0,619.9875,12.0,619.9875,
2025-11-06 22:45:00+00:00,RISK_PASS,8e28e60f-ff4d-4b32-8746-438bed93edec,BUY,MARKET,12,619.7,0,0.0,All risk checks passed
2025-11-06 22:45:00+00:00,FILLED,8e28e60f-ff4d-4b32-8746-438bed93edec,BUY,MARKET,12,619.7,7,619.7,
2025-11-06 22:46:00+00:00,RISK_PASS,94dd04ba-9898-4bdd-a5d6-3f4f535a530f,BUY,MARKET,5,619.9,0,0.0,All risk checks passed
2025-11-06 22:46:00+00:00,RISK_PASS,5f88695f-1028-4c3f-9f69-d5bb4971b09c,SELL,MARKET,7.0,619.9,0,0.0,All risk checks passed
2025-11-06 22:46:00+00:00,FILLED,94dd04ba-9898-4bdd-a5d6-3f4f535a530f,BUY,MARKET,5,619.9,5,619.9,
2025-11-06 22:46:00+00:00,FILLED,5f88695f-1028-4c3f-9f69-d5bb4971b09c,SELL,MARKET,7.0,619.9,7.0,619.9,
2025-11-06 22:47:00+00:00,RISK_PASS,913f9ffa-c97f-4ef0-9576-06cd5886a266,BUY,MARKET,7,619.7,0,0.0,All risk checks passed
2025-11-06 22:47:00+00:00,RISK_PASS,a3bc5915-fa51-422c-ba76-9de7e2d64a57,SELL,MARKET,5.0,619.7,0,0.0,All risk checks passed
2025-11-06 22:47:00+00:00,FILLED,913f9ffa-c97f-4ef0-9576-06cd5886a266,BUY,MARKET,7,619.7,7,619.7,
2025-11-06 22:47:00+00:00,FILLED,a3bc5915-fa51-422c-ba76-9de7e2d64a57,SELL,MARKET,5.0,619.7,5.0,619.7,
2025-11-06 22:48:00+00:00,RISK_PASS,5ce8e181-ff99-49e0-8858-429845fb01f4,BUY,MARKET,5,619.8,0,0.0,All risk checks passed
2025-11-06 22:48:00+00:00,RISK_PASS,63034d46-a87f-407a-9d44-c4ef0341f699,SELL,MARKET,7.0,619.8,0,0.0,All risk checks passed
2025-11-06 22:48:00+00:00,FILLED,5ce8e181-ff99-49e0-8858-429845fb01f4,BUY,MARKET,5,619.8,5,619.8,
2025-11-06 22:48:00+00:00,FILLED,63034d46-a87f-407a-9d44-c4ef0341f699,SELL,MARKET,7.0,619.8,7.0,619.8,
2025-11-06 22:49:00+00:00,RISK_PASS,d7a5c9b9-f2a9-47f4-b95c-6a2895ea7402,BUY,MARKET,7,619.8,0,0.0,All risk checks passed
2025-11-06 22:49:00+00:00,RISK_PASS,fe6c4f14-30bc-4f3e-b86e-783e94a7d276,SELL,MARKET,5.0,619.8,0,0.0,All risk checks passed
2025-11-06 22:49:00+00:00,FILLED,d7a5c9b9-f2a9-47f4-b95c-6a2895ea7402,BUY,MARKET,7,619.8,7,619.8,
2025-11-06 22:49:00+00:00,FILLED,fe6c4f14-30bc-4f3e-b86e-783e94a7d276,SELL,MARKET,5.0,619.8,5.0,619.8,
2025-11-06 22:50:00+00:00,RISK_PASS,a8af9b49-dd3e-4585-9071-0481b0290ba3,BUY,MARKET,5,619.8,0,0.0,All risk checks passed
2025-11-06 22:50:00+00:00,FILLED,a8af9b49-dd3e-4585-9071-0481b0290ba3,BUY,MARKET,5,619.8,5,619.8,
2025-11-06 22:58:00+00:00,RISK_PASS,9794b77b-2bec-444f-8432-811e3a7cae99,BUY,MARKET,7,619.0297,0,0.0,All risk checks passed
2025-11-06 22:58:00+00:00,FILLED,9794b77b-2bec-444f-8432-811e3a7cae99,BUY,MARKET,7,619.0297,7,619.0297,
2025-11-06 23:27:00+00:00,RISK_PASS,0df45c73-3410-4994-bcf8-1e89c4e3800f,SELL,MARKET,19.0,620.04,0,0.0,All risk checks passed
2025-11-06 23:27:00+00:00,FILLED,0df45c73-3410-4994-bcf8-1e89c4e3800f,SELL,MARKET,19.0,620.04,8,620.04,
2025-11-06 23:28:00+00:00,RISK_PASS,08c4dcb6-6d7d-4591-9a96-0d42220b277f,BUY,MARKET,1,619.98,0,0.0,All risk checks passed
2025-11-06 23:28:00+00:00,RISK_PASS,d6c1335f-5160-415d-bcab-bad087f9034c,SELL,MARKET,11.0,619.98,0,0.0,All risk checks passed
2025-11-06 23:28:00+00:00,REJECTED,08c4dcb6-6d7d-4591-9a96-0d42220b277f,BUY,MARKET,1,619.98,0,0.0,Random engine rejection
2025-11-06 23:28:00+00:00,FILLED,d6c1335f-5160-415d-bcab-bad087f9034c,SELL,MARKET,11.0,619.98,11.0,619.98,
2025-11-06 23:29:00+00:00,RISK_PASS,b59dd680-84f2-4f21-87d6-8e932e5cf098,BUY,MARKET,12,619.85,0,0.0,All risk checks passed
2025-11-06 23:29:00+00:00,FILLED,b59dd680-84f2-4f21-87d6-8e932e5cf098,BUY,MARKET,12,619.85,12,619.85,
2025-11-06 23:30:00+00:00,RISK_PASS,a7815781-92c3-4350-9db3-f69c8b566c19,SELL,MARKET,12.0,619.9,0,0.0,All risk checks passed
2025-11-06 23:30:00+00:00,FILLED,a7815781-92c3-4350-9db3-f69c8b566c19,SELL,MARKET,12.0,619.9,12.0,619.9,
2025-11-06 23:31:00+00:00,RISK_PASS,2efa5632-f77e-4ced-8b1c-1443fd7c29c7,BUY,MARKET,12,619.89,0,0.0,All risk checks passed
2025-11-06 23:31:00+00:00,FILLED,2efa5632-f77e-4ced-8b1c-1443fd7c29c7,BUY,MARKET,12,619.89,12,619.89,
2025-11-06 23:33:00+00:00,RISK_PASS,2026accc-3f2c-4ff1-9dcd-8cbae4e0bf0e,SELL,MARKET,12.0,619.9497,0,0.0,All risk checks passed
2025-11-06 23:33:00+00:00,FILLED,2026accc-3f2c-4ff1-9dcd-8cbae4e0bf0e,SELL,MARKET,12.0,619.9497,12.0,619.9497,
2025-11-06 23:34:00+00:00,RISK_PASS,a53dd8cd-2508-4b92-8fd8-09a1e464bd9d,BUY,MARKET,12,619.95,0,0.0,All risk checks passed
2025-11-06 23:34:00+00:00,FILLED,a53dd8cd-2508-4b92-8fd8-09a1e464bd9d,BUY,MARKET,12,619.95,12,619.95,
2025-11-06 23:35:00+00:00,RISK_PASS,989ea9d4-8ba3-4bac-8641-e48bb0e96613,SELL,MARKET,12.0,620.0,0,0.0,All risk checks passed
2025-11-06 23:35:00+00:00,FILLED,989ea9d4-8ba3-4bac-8641-e48bb0e96613,SELL,MARKET,12.0,620.0,12.0,620.0,
2025-11-06 23:36:00+00:00,RISK_PASS,62562a74-b317-49a6-9803-4b0d62722a1d,BUY,MARKET,12,620.0,0,0.0,All risk checks passed
2025-11-06 23:36:00+00:00,FILLED,62562a74-b317-49a6-9803-4b0d62722a1d,BUY,MARKET,12,620.0,12,620.0,
2025-11-06 23:37:00+00:00,RISK_PASS,270b1984-bd8a-4035-a9d8-30577b5ed2c8,SELL,MARKET,12.0,619.988,0,0.0,All risk checks passed
2025-11-06 23:37:00+00:00,FILLED,270b1984-bd8a-4035-a9d8-30577b5ed2c8,SELL,MARKET,12.0,619.988,12.0,619.988,
2025-11-06 23:38:00+00:00,RISK_PASS,7f3837c3-351d-481b-837a-ab6c14b3c22c,BUY,MARKET,12,620.24,0,0.0,All risk checks passed
2025-11-06 23:38:00+00:00,FILLED,7f3837c3-351d-481b-837a-ab6c14b3c22c,BUY,MARKET,12,620.24,12,620.24,
2025-11-06 23:39:00+00:00,RISK_PASS,385370ea-ef9d-49b2-92a8-4f5ae4e5afda,SELL,MARKET,12.0,620.07,0,0.0,All risk checks passed
2025-11-06 23:39:00+00:00,FILLED,385370ea-ef9d-49b2-92a8-4f5ae4e5afda,SELL,MARKET,12.0,620.07,12.0,620.07,
2025-11-06 23:40:00+00:00,RISK_PASS,1e9a59e9-5542-4cb7-9f86-3b731bbde664,BUY,MARKET,12,620.0,0,0.0,All risk checks passed
2025-11-06 23:40:00+00:00,FILLED,1e9a59e9-5542-4cb7-9f86-3b731bbde664,BUY,MARKET,12,620.0,12,620.0,
2025-11-07 00:17:00+00:00,RISK_PASS,7ebeb32c-9963-4fd1-9885-d745aa6b2009,SELL,MARKET,12.0,620.1,0,0.0,All risk checks passed
2025-11-07 00:17:00+00:00,FILLED,7ebeb32c-9963-4fd1-9885-d745aa6b2009,SELL,MARKET,12.0,620.1,12.0,620.1,
2025-11-07 00:18:00+00:00,RISK_PASS,f76d0f94-0a09-4829-95f7-6d96fa5ac7e4,BUY,MARKET,12,620.0,0,0.0,All risk checks passed
2025-11-07 00:18:00+00:00,FILLED,f76d0f94-0a09-4829-95f7-6d96fa5ac7e4,BUY,MARKET,12,620.0,12,620.0,
2025-11-07 00:22:00+00:00,RISK_PASS,310f7eb8-ccd2-45a0-b3fd-018040c585de,BUY,MARKET,7,619.89,0,0.0,All risk checks passed
2025-11-07 00:22:00+00:00,FILLED,310f7eb8-ccd2-45a0-b3fd-018040c585de,BUY,MARKET,7,619.89,7,619.89,
2025-11-07 00:26:00+00:00,RISK_PASS,8b3b412c-68f7-449f-875b-a05ea795c9f0,SELL,MARKET,19.0,619.92,0,0.0,All risk checks passed
2025-11-07 00:26:00+00:00,FILLED,8b3b412c-68f7-449f-875b-a05ea795c9f0,SELL,MARKET,19.0,619.92,19.0,619.92,
2025-11-07 00:38:00+00:00,RISK_PASS,45b21068-0243-4fed-a883-2e884f6272b7,BUY,MARKET,12,620.2,0,0.0,All risk checks passed
2025-11-07 00:38:00+00:00,FILLED,45b21068-0243-4fed-a883-2e884f6272b7,BUY,MARKET,12,620.2,12,620.2,
2025-11-07 00:45:00+00:00,RISK_PASS,ef3495d5-cde3-44a1-b691-ff0db85c7779,SELL,MARKET,12.0,620.48,0,0.0,All risk checks passed
2025-11-07 00:45:00+00:00,FILLED,ef3495d5-cde3-44a1-b691-ff0db85c7779,SELL,MARKET,12.0,620.48,8,620.48,
2025-11-07 00:46:00+00:00,RISK_PASS,604a38e4-c4f2-44bf-af06-c9840626b6f3,BUY,MARKET,8,620.371,0,0.0,All risk checks passed
2025-11-07 00:46:00+00:00,FILLED,604a38e4-c4f2-44bf-af06-c9840626b6f3,BUY,MARKET,8,620.371,8,620.371,
2025-11-07 00:47:00+00:00,RISK_PASS,903d78d1-12f7-4d94-bc5f-3c6b8a4f78bc,SELL,MARKET,12.0,620.65,0,0.0,All risk checks passed
2025-11-07 00:47:00+00:00,FILLED,903d78d1-12f7-4d94-bc5f-3c6b8a4f78bc,SELL,MARKET,12.0,620.65,12.0,620.65,
2025-11-07 00:48:00+00:00,RISK_PASS,64b62467-a8b7-4a16-8217-9c7f23e797db,BUY,MARKET,12,620.6,0,0.0,All risk checks passed
2025-11-07 00:48:00+00:00,FILLED,64b62467-a8b7-4a16-8217-9c7f23e797db,BUY,MARKET,12,620.6,5,620.6,
2025-11-07 00:49:00+00:00,RISK_PASS,efea9c6e-7e63-4a6e-92e8-405aef2e259e,BUY,MARKET,7,620.51,0,0.0,All risk checks passed
2025-11-07 00:49:00+00:00,RISK_PASS,2f101409-ee4b-4f14-99d6-b7d32b1269a2,SELL,MARKET,5.0,620.51,0,0.0,All risk checks passed
2025-11-07 00:49:00+00:00,FILLED,efea9c6e-7e63-4a6e-92e8-405aef2e259e,BUY,MARKET,7,620.51,7,620.51,
2025-11-07 00:49:00+00:00,FILLED,2f101409-ee4b-4f14-99d6-b7d32b1269a2,SELL,MARKET,5.0,620.51,5.0,620.51,
2025-11-07 00:50:00+00:00,RISK_PASS,78196818-5c7e-4052-b26e-a14425a30214,BUY,MARKET,5,620.5,0,0.0,All risk checks passed
2025-11-07 00:50:00+00:00,FILLED,78196818-5c7e-4052-b26e-a14425a30214,BUY,MARKET,5,620.5,5,620.5,
2025-11-07 09:31:00+00:00,RISK_PASS,9771fcb3-9ed5-4d03-9e69-b82c03d00df8,SELL,MARKET,12.0,619.5,0,0.0,All risk checks passed
2025-11-07 09:31:00+00:00,FILLED,9771fcb3-9ed5-4d03-9e69-b82c03d00df8,SELL,MARKET,12.0,619.5,7,619.5,
2025-11-07 09:32:00+00:00,RISK_PASS,a76249c0-c45e-4a6d-b221-e74bec3f70db,SELL,MARKET,5.0,619.35,0,0.0,All risk checks passed
2025-11-07 09:32:00+00:00,FILLED,a76249c0-c45e-4a6d-b221-e74bec3f70db,SELL,MARKET,5.0,619.35,4,619.35,
2025-11-07 09:36:00+00:00,RISK_PASS,d3e58c71-504d-450e-bcb2-e2481e7a64c8,BUY,MARKET,15,619.11,0,0.0,All risk checks passed
2025-11-07 09:36:00+00:00,RISK_PASS,217608d4-f1ee-4ee9-8303-8bf72ca12aab,SELL,MARKET,1.0,619.11,0,0.0,All risk checks passed
2025-11-07 09:36:00+00:00,FILLED,d3e58c71-504d-450e-bcb2-e2481e7a64c8,BUY,MARKET,15,619.11,15,619.11,
2025-11-07 09:36:00+00:00,FILLED,217608d4-f1ee-4ee9-8303-8bf72ca12aab,SELL,MARKET,1.0,619.11,1,619.11,
2025-11-07 09:37:00+00:00,RISK_PASS,4960a497-8957-4045-800e-0699fafbaab1,BUY,MARKET,1,619.31,0,0.0,All risk checks passed
2025-11-07 09:37:00+00:00,RISK_PASS,d3928804-1778-48e6-95c4-7e6b4220bd98,SELL,MARKET,15.0,619.31,0,0.0,All risk checks passed
2025-11-07 09:37:00+00:00,FILLED,4960a497-8957-4045-800e-0699fafbaab1,BUY,MARKET,1,619.31,1,619.31,
2025-11-07 09:37:00+00:00,FILLED,d3928804-1778-48e6-95c4-7e6b4220bd98,SELL,MARKET,15.0,619.31,15.0,619.31,
2025-11-07 09:38:00+00:00,RISK_PASS,d35a042b-d002-4edf-9a4a-ee3226c48f3e,BUY,MARKET,15,619.18,0,0.0,All risk checks passed
2025-11-07 09:38:00+00:00,RISK_PASS,1be4efec-73a9-4d2a-8dc2-fd253677dd6b,SELL,MARKET,1.0,619.18,0,0.0,All risk checks passed
2025-11-07 09:38:00+00:00,FILLED,d35a042b-d002-4edf-9a4a-ee3226c48f3e,BUY,MARKET,15,619.18,15,619.18,
2025-11-07 09:38:00+00:00,FILLED,1be4efec-73a9-4d2a-8dc2-fd253677dd6b,SELL,MARKET,1.0,619.18,1,619.18,
2025-11-07 09:39:00+00:00,RISK_PASS,ba8c251d-9069-4867-83fa-27fd6503edc9,BUY,MARKET,1,619.0,0,0.0,All risk checks passed
2025-11-07 09:39:00+00:00,RISK_PASS,ffa4161e-ac63-4286-87a6-f34b86670412,SELL,MARKET,15.0,619.0,0,0.0,All risk checks passed
2025-11-07 09:39:00+00:00,FILLED,ba8c251d-9069-4867-83fa-27fd6503edc9,BUY,MARKET,1,619.0,1,619.0,
2025-11-07 09:39:00+00:00,FILLED,ffa4161e-ac63-4286-87a6-f34b86670412,SELL,MARKET,15.0,619.0,15.0,619.0,
2025-11-07 09:40:00+00:00,RISK_PASS,06904928-fd30-4969-8ee1-48b5e3fa8905,BUY,MARKET,15,618.94,0,0.0,All risk checks passed
2025-11-07 09:40:00+00:00,RISK_PASS,d37620bd-8a83-4456-b341-650b92fc3aad,SELL,MARKET,1.0,618.94,0,0.0,All risk checks passed
2025-11-07 09:40:00+00:00,FILLED,06904928-fd30-4969-8ee1-48b5e3fa8905,BUY,MARKET,15,618.94,15,618.94,
2025-11-07 09:40:00+00:00,FILLED,d37620bd-8a83-4456-b341-650b92fc3aad,SELL,MARKET,1.0,618.94,1.0,618.94,
2025-11-07 09:41:00+00:00,RISK_PASS,8ad37bdb-1e32-4910-842a-50ca72616610,BUY,MARKET,1,618.99,0,0.0,All risk checks passed
2025-11-07 09:41:00+00:00,RISK_PASS,7499be8c-8c67-493b-a48f-8e6186a31363,SELL,MARKET,15.0,618.99,0,0.0,All risk checks passed
2025-11-07 09:41:00+00:00,REJECTED,8ad37bdb-1e32-4910-842a-50ca72616610,BUY,MARKET,1,618.99,0,0.0,Random engine rejection
2025-11-07 09:41:00+00:00,FILLED,7499be8c-8c67-493b-a48f-8e6186a31363,SELL,MARKET,15.0,618.99,2,618.99,
2025-11-07 09:42:00+00:00,RISK_PASS,bb1dd5eb-4fd8-4f56-bed4-0f02c705f493,SELL,MARKET,13.0,618.9,0,0.0,All risk checks passed
2025-11-07 09:42:00+00:00,FILLED,bb1dd5eb-4fd8-4f56-bed4-0f02c705f493,SELL,MARKET,13.0,618.9,13.0,618.9,
2025-11-07 09:49:00+00:00,RISK_PASS,49418558-8ba6-46eb-8b99-9f6f17ffa317,BUY,MARKET,16,618.75,0,0.0,All risk checks passed
2025-11-07 09:49:00+00:00,FILLED,49418558-8ba6-46eb-8b99-9f6f17ffa317,BUY,MARKET,16,618.75,16,618.75,
2025-11-07 09:51:00+00:00,RISK_PASS,16c79ad6-b3b7-43a2-a876-0da7282830bd,SELL,MARKET,16.0,619.0,0,0.0,All risk checks passed
2025-11-07 09:51:00+00:00,FILLED,16c79ad6-b3b7-43a2-a876-0da7282830bd,SELL,MARKET,16.0,619.0,16.0,619.0,
2025-11-07 10:06:00+00:00,RISK_PASS,d3341af9-82ce-4529-a39a-3a9518a40e26,BUY,MARKET,16,618.5,0,0.0,All risk checks passed
2025-11-07 10:06:00+00:00,FILLED,d3341af9-82ce-4529-a39a-3a9518a40e26,BUY,MARKET,16,618.5,16,618.5,
2025-11-07 10:07:00+00:00,RISK_PASS,798e1855-13d7-4b24-9717-d8bb42feb2d5,SELL,MARKET,16.0,618.4,0,0.0,All risk checks passed
2025-11-07 10:07:00+00:00,FILLED,798e1855-13d7-4b24-9717-d8bb42feb2d5,SELL,MARKET,16.0,618.4,16.0,618.4,
2025-11-07 10:14:00+00:00,RISK_PASS,67acaaf4-7849-45d8-ab9f-f20ca03b05ef,BUY,MARKET,16,617.59,0,0.0,All risk checks passed
2025-11-07 10:14:00+00:00,FILLED,67acaaf4-7849-45d8-ab9f-f20ca03b05ef,BUY,MARKET,16,617.59,16,617.59,
2025-11-07 10:15:00+00:00,RISK_PASS,caab303d-d244-45e9-b1b8-f495ce1a522b,SELL,MARKET,16.0,617.35,0,0.0,All risk checks passed
2025-11-07 10:15:00+00:00,FILLED,caab303d-d244-45e9-b1b8-f495ce1a522b,SELL,MARKET,16.0,617.35,16.0,617.35,
2025-11-07 10:16:00+00:00,RISK_PASS,855633ca-1a1a-4249-894c-f9e2a68640ee,BUY,MARKET,16,617.2,0,0.0,All risk checks passed
2025-11-07 10:16:00+00:00,FILLED,855633ca-1a1a-4249-894c-f9e2a68640ee,BUY,MARKET,16,617.2,16,617.2,
2025-11-07 10:17:00+00:00,RISK_PASS,98a5dbeb-3918-44b4-8130-b7537b2a80ab,SELL,MARKET,16.0,616.62,0,0.0,All risk checks passed
2025-11-07 10:17:00+00:00,FILLED,98a5dbeb-3918-44b4-8130-b7537b2a80ab,SELL,MARKET,16.0,616.62,16.0,616.62,
2025-11-07 10:18:00+00:00,RISK_PASS,decbe23b-aa57-4255-839b-3dc12ce6df86,BUY,MARKET,16,616.53,0,0.0,All risk checks passed
2025-11-07 10:18:00+00:00,FILLED,decbe23b-aa57-4255-839b-3dc12ce6df86,BUY,MARKET,16,616.53,16,616.53,
2025-11-07 10:19:00+00:00,RISK_PASS,b780fe91-248c-470d-a6a6-95b82304f30c,SELL,MARKET,16.0,616.4,0,0.0,All risk checks passed
2025-11-07 10:19:00+00:00,FILLED,b780fe91-248c-470d-a6a6-95b82304f30c,SELL,MARKET,16.0,616.4,16.0,616.4,
2025-11-07 10:20:00+00:00,RISK_PASS,bcf02b5b-9901-4a15-ba75-4ee83d57def2,BUY,MARKET,16,616.94,0,0.0,All risk checks passed
2025-11-07 10:20:00+00:00,FILLED,bcf02b5b-9901-4a15-ba75-4ee83d57def2,BUY,MARKET,16,616.94,16,616.94,
2025-11-07 10:21:00+00:00,RISK_PASS,0ce3d957-ec8c-4d52-aae1-f65448e1f7bf,SELL,MARKET,16.0,616.88,0,0.0,All risk checks passed
2025-11-07 10:21:00+00:00,FILLED,0ce3d957-ec8c-4d52-aae1-f65448e1f7bf,SELL,MARKET,16.0,616.88,16.0,616.88,
2025-11-07 10:22:00+00:00,RISK_PASS,6cc4bd3f-51d4-4387-a782-b1bf1f215f69,BUY,MARKET,16,616.5,0,0.0,All risk checks passed
2025-11-07 10:22:00+00:00,FILLED,6cc4bd3f-51d4-4387-a782-b1bf1f215f69,BUY,MARKET,16,616.5,9,616.5,
2025-11-07 10:23:00+00:00,RISK_PASS,2071fb16-ad07-4efe-bbda-ffc92ccd6e60,BUY,MARKET,7,616.23,0,0.0,All risk checks passed
2025-11-07 10:23:00+00:00,RISK_PASS,239f9af1-086d-47a9-9be2-b0effcda1fbe,SELL,MARKET,9.0,616.23,0,0.0,All risk checks passed
2025-11-07 10:23:00+00:00,FILLED,2071fb16-ad07-4efe-bbda-ffc92ccd6e60,BUY,MARKET,7,616.23,7,616.23,
2025-11-07 10:23:00+00:00,FILLED,239f9af1-086d-47a9-9be2-b0effcda1fbe,SELL,MARKET,9.0,616.23,7,616.23,
2025-11-07 10:24:00+00:00,RISK_PASS,db97f9b9-bbf6-4cf9-993e-378754ecc88b,BUY,MARKET,7,616.01,0,0.0,All risk checks passed
2025-11-07 10:24:00+00:00,RISK_PASS,8e8db2d0-b931-4b5f-a2d3-f070fa3b7da2,SELL,MARKET,9.0,616.01,0,0.0,All risk checks passed
2025-11-07 10:24:00+00:00,FILLED,db97f9b9-bbf6-4cf9-993e-378754ecc88b,BUY,MARKET,7,616.01,7,616.01,
2025-11-07 10:24:00+00:00,FILLED,8e8db2d0-b931-4b5f-a2d3-f070fa3b7da2,SELL,MARKET,9.0,616.01,9.0,616.01,
2025-11-07 10:25:00+00:00,RISK_PASS,de18c044-749f-4f5d-a54e-a70e5b0d4a19,BUY,MARKET,9,616.12,0,0.0,All risk checks passed
2025-11-07 10:25:00+00:00,RISK_PASS,f3c85822-3776-451f-a8e3-6db4fbdddb31,SELL,MARKET,7.0,616.12,0,0.0,All risk checks passed
2025-11-07 10:25:00+00:00,FILLED,de18c044-749f-4f5d-a54e-a70e5b0d4a19,BUY,MARKET,9,616.12,9,616.12,
2025-11-07 10:25:00+00:00,REJECTED,f3c85822-3776-451f-a8e3-6db4fbdddb31,SELL,MARKET,7.0,616.12,0,0.0,Random engine rejection
2025-11-07 10:26:00+00:00,RISK_PASS,93e40efa-01f1-41da-b0df-7728e90213cf,SELL,MARKET,16.0,616.05,0,0.0,All risk checks passed
2025-11-07 10:26:00+00:00,FILLED,93e40efa-01f1-41da-b0df-7728e90213cf,SELL,MARKET,16.0,616.05,16.0,616.05,
2025-11-07 10:27:00+00:00,RISK_PASS,409e9127-04df-48b6-a738-de9ea3d14ee7,BUY,MARKET,16,616.05,0,0.0,All risk checks passed
2025-11-07 10:27:00+00:00,FILLED,409e9127-04df-48b6-a738-de9ea3d14ee7,BUY,MARKET,16,616.05,16,616.05,
2025-11-07 10:28:00+00:00,RISK_PASS,ff3e1794-65a2-413c-9fa3-d25f60fe75c0,SELL,MARKET,16.0,616.36,0,0.0,All risk checks passed
2025-11-07 10:28:00+00:00,FILLED,ff3e1794-65a2-413c-9fa3-d25f60fe75c0,SELL,MARKET,16.0,616.36,16.0,616.36,
2025-11-07 10:55:00+00:00,RISK_PASS,6ee755bc-6447-4270-9abc-74d61e4c7b27,BUY,MARKET,16,616.71,0,0.0,All risk checks passed
2025-11-07 10:55:00+00:00,FILLED,6ee755bc-6447-4270-9abc-74d61e4c7b27,BUY,MARKET,16,616.71,16,616.71,
2025-11-07 10:56:00+00:00,RISK_PASS,814d21a4-83c0-4804-ac31-90c65c522ab0,SELL,MARKET,16.0,616.74,0,0.0,All risk checks passed
2025-11-07 10:56:00+00:00,FILLED,814d21a4-83c0-4804-ac31-90c65c522ab0,SELL,MARKET,16.0,616.74,16.0,616.74,
2025-11-07 10:58:00+00:00,RISK_PASS,dfc13b8d-3bff-4d54-b54e-5257627cf3eb,BUY,MARKET,16,616.55,0,0.0,All risk checks passed
2025-11-07 10:58:00+00:00,FILLED,dfc13b8d-3bff-4d54-b54e-5257627cf3eb,BUY,MARKET,16,616.55,16,616.55,
2025-11-07 10:59:00+00:00,RISK_PASS,71822696-234f-46f9-94a4-84b6644ef3e3,SELL,MARKET,16.0,616.73,0,0.0,All risk checks passed
2025-11-07 10:59:00+00:00,FILLED,71822696-234f-46f9-94a4-84b6644ef3e3,SELL,MARKET,16.0,616.73,16.0,616.73,
2025-11-07 11:01:00+00:00,RISK_PASS,25270b07-ad8f-4cee-ab2d-2f79c1e00f5b,BUY,MARKET,16,616.36,0,0.0,All risk checks passed
2025-11-07 11:01:00+00:00,FILLED,25270b07-ad8f-4cee-ab2d-2f79c1e00f5b,BUY,MARKET,16,616.36,16,616.36,
2025-11-07 11:02:00+00:00,RISK_PASS,8e50d56a-881d-4288-97be-3a05c70285f2,SELL,MARKET,16.0,616.31,0,0.0,All risk checks passed
2025-11-07 11:02:00+00:00,FILLED,8e50d56a-881d-4288-97be-3a05c70285f2,SELL,MARKET,16.0,616.31,16.0,616.31,
2025-11-07 11:04:00+00:00,RISK_PASS,1572be21-a729-481c-8a8d-71fb0c0929c9,BUY,MARKET,16,616.16,0,0.0,All risk checks passed
2025-11-07 11:04:00+00:00,FILLED,1572be21-a729-481c-8a8d-71fb0c0929c9,BUY,MARKET,16,616.16,16,616.16,
2025-11-07 11:05:00+00:00,RISK_PASS,8e023476-2140-4aad-8fa7-5c342642779a,SELL,MARKET,16.0,616.16,0,0.0,All risk checks passed
2025-11-07 11:05:00+00:00,FILLED,8e023476-2140-4aad-8fa7-5c342642779a,SELL,MARKET,16.0,616.16,16.0,616.16,
2025-11-07 11:06:00+00:00,RISK_PASS,69ab25e2-6e19-4791-ac5a-612630bdd2d6,BUY,MARKET,16,616.0,0,0.0,All risk checks passed
2025-11-07 11:06:00+00:00,FILLED,69ab25e2-6e19-4791-ac5a-612630bdd2d6,BUY,MARKET,16,616.0,16,616.0,
2025-11-07 11:07:00+00:00,RISK_PASS,0087613d-1d79-433d-a17f-e8cf031f2a9d,SELL,MARKET,16.0,615.73,0,0.0,All risk checks passed
2025-11-07 11:07:00+00:00,FILLED,0087613d-1d79-433d-a17f-e8cf031f2a9d,SELL,MARKET,16.0,615.73,16.0,615.73,
2025-11-07 11:08:00+00:00,RISK_PASS,2b698e36-0177-4313-999d-4251e2ecbffc,BUY,MARKET,16,615.7,0,0.0,All risk checks passed
2025-11-07 11:08:00+00:00,FILLED,2b698e36-0177-4313-999d-4251e2ecbffc,BUY,MARKET,16,615.7,16,615.7,
2025-11-07 11:09:00+00:00,RISK_PASS,333ec1e7-5ac9-463c-bb2e-617fa39947fe,SELL,MARKET,16.0,615.72,0,0.0,All risk checks passed
2025-11-07 11:09:00+00:00,FILLED,333ec1e7-5ac9-463c-bb2e-617fa39947fe,SELL,MARKET,16.0,615.72,16.0,615.72,
2025-11-07 11:10:00+00:00,RISK_PASS,6d64bcbc-1353-47e5-aee0-cd0fe0c2aa10,BUY,MARKET,16,615.87,0,0.0,All risk checks passed
2025-11-07 11:10:00+00:00,REJECTED,6d64bcbc-1353-47e5-aee0-cd0fe0c2aa10,BUY,MARKET,16,615.87,0,0.0,Random engine rejection
2025-11-07 11:11:00+00:00,RISK_PASS,7b7777f8-6d02-41f6-b0f3-426e697a97ae,BUY,MARKET,16,615.82,0,0.0,All risk checks passed
2025-11-07 11:11:00+00:00,FILLED,7b7777f8-6d02-41f6-b0f3-426e697a97ae,BUY,MARKET,16,615.82,12,615.82,
2025-11-07 11:12:00+00:00,RISK_PASS,330209ac-2656-4a55-a247-0963926a18c1,BUY,MARKET,4,615.4,0,0.0,All risk checks passed
2025-11-07 11:12:00+00:00,RISK_PASS,3c6756a1-992a-4a8f-bbd3-58a09a6cce31,SELL,MARKET,12.0,615.4,0,0.0,All risk checks passed
2025-11-07 11:12:00+00:00,FILLED,330209ac-2656-4a55-a247-0963926a18c1,BUY,MARKET,4,615.4,4,615.4,
2025-11-07 11:12:00+00:00,FILLED,3c6756a1-992a-4a8f-bbd3-58a09a6cce31,SELL,MARKET,12.0,615.4,12.0,615.4,
2025-11-07 11:13:00+00:00,RISK_PASS,12ce9bdd-9ab4-42ba-8ff6-94909de6e745,BUY,MARKET,12,614.77,0,0.0,All risk checks passed
2025-11-07 11:13:00+00:00,RISK_PASS,395fc3e8-6839-445f-8fe1-bf0e1a1c5a58,SELL,MARKET,4.0,614.77,0,0.0,All risk checks passed
2025-11-07 11:13:00+00:00,FILLED,12ce9bdd-9ab4-42ba-8ff6-94909de6e745,BUY,MARKET,12,614.77,12,614.77,
2025-11-07 11:13:00+00:00,FILLED,395fc3e8-6839-445f-8fe1-bf0e1a1c5a58,SELL,MARKET,4.0,614.77,4.0,614.77,
2025-11-07 11:15:00+00:00,RISK_PASS,79936357-b346-4882-8d40-ca30e7c8d1f3,BUY,MARKET,4,614.44,0,0.0,All risk checks passed
2025-11-07 11:15:00+00:00,RISK_PASS,583c42b9-cb48-45c1-9e6a-8a0e4e2fae6c,SELL,MARKET,12.0,614.44,0,0.0,All risk checks passed
2025-11-07 11:15:00+00:00,FILLED,79936357-b346-4882-8d40-ca30e7c8d1f3,BUY,MARKET,4,614.44,4,614.44,
2025-11-07 11:15:00+00:00,FILLED,583c42b9-cb48-45c1-9e6a-8a0e4e2fae6c,SELL,MARKET,12.0,614.44,12.0,614.44,
2025-11-07 11:16:00+00:00,RISK_PASS,7bf21483-8d77-45c5-b043-7ec163a010ef,BUY,MARKET,12,614.0,0,0.0,All risk checks passed
2025-11-07 11:16:00+00:00,RISK_PASS,d0a3afd7-02d3-41f4-8efd-ec948d1883be,SELL,MARKET,4.0,614.0,0,0.0,All risk checks passed
2025-11-07 11:16:00+00:00,FILLED,7bf21483-8d77-45c5-b043-7ec163a010ef,BUY,MARKET,12,614.0,12,614.0,
2025-11-07 11:16:00+00:00,FILLED,d0a3afd7-02d3-41f4-8efd-ec948d1883be,SELL,MARKET,4.0,614.0,4.0,614.0,
2025-11-07 11:17:00+00:00,RISK_PASS,2e34e94d-feef-46e0-a791-f0770a750b26,BUY,MARKET,4,613.81,0,0.0,All risk checks passed
2025-11-07 11:17:00+00:00,RISK_PASS,8f6e5eae-24ae-4805-be10-e6c304d90a81,SELL,MARKET,12.0,613.81,0,0.0,All risk checks passed
2025-11-07 11:17:00+00:00,FILLED,2e34e94d-feef-46e0-a791-f0770a750b26,BUY,MARKET,4,613.81,4,613.81,
2025-11-07 11:17:00+00:00,FILLED,8f6e5eae-24ae-4805-be10-e6c304d90a81,SELL,MARKET,12.0,613.81,12.0,613.81,
2025-11-07 11:18:00+00:00,RISK_PASS,9c5329c4-ab25-48e4-9cf1-3cc32a3fa568,BUY,MARKET,12,614.0,0,0.0,All risk checks passed
2025-11-07 11:18:00+00:00,RISK_PASS,1eb25d0f-d8b4-4f58-bf1f-a43a38360bdd,SELL,MARKET,4.0,614.0,0,0.0,All risk checks passed
2025-11-07 11:18:00+00:00,FILLED,9c5329c4-ab25-48e4-9cf1-3cc32a3fa568,BUY,MARKET,12,614.0,12,614.0,
2025-11-07 11:18:00+00:00,FILLED,1eb25d0f-d8b4-4f58-bf1f-a43a38360bdd,SELL,MARKET,4.0,614.0,4.0,614.0,
2025-11-07 11:19:00+00:00,RISK_PASS,94db4762-e4a3-47cb-94d9-00804684667a,BUY,MARKET,4,614.0,0,0.0,All risk checks passed
2025-11-07 11:19:00+00:00,RISK_PASS,4b5aa344-52c3-446c-aa5d-b9679487f44a,SELL,MARKET,12.0,614.0,0,0.0,All risk checks passed
2025-11-07 11:19:00+00:00,FILLED,94db4762-e4a3-47cb-94d9-00804684667a,BUY,MARKET,4,614.0,4,614.0,
2025-11-07 11:19:00+00:00,FILLED,4b5aa344-52c3-446c-aa5d-b9679487f44a,SELL,MARKET,12.0,614.0,12.0,614.0,
2025-11-07 11:20:00+00:00,RISK_PASS,2c06f898-f7de-40c4-842f-8586a8f9f1ca,SELL,MARKET,4.0,615.2,0,0.0,All risk checks passed
2025-11-07 11:20:00+00:00,FILLED,2c06f898-f7de-40c4-842f-8586a8f9f1ca,SELL,MARKET,4.0,615.2,4.0,615.2,
2025-11-07 11:34:00+00:00,RISK_PASS,93cd0e6e-4a17-44c9-bb74-f2052a53a415,BUY,MARKET,16,613.1,0,0.0,All risk checks passed
2025-11-07 11:34:00+00:00,FILLED,93cd0e6e-4a17-44c9-bb74-f2052a53a415,BUY,MARKET,16,613.1,12,613.1,
2025-11-07 11:35:00+00:00,RISK_PASS,63978dc8-183f-4f93-a2ca-c305f8772ccd,BUY,MARKET,4,613.1,0,0.0,All risk checks passed
2025-11-07 11:35:00+00:00,RISK_PASS,f55b11a4-9ae0-48bc-95d7-81ed09c226ca,SELL,MARKET,12.0,613.1,0,0.0,All risk checks passed
2025-11-07 11:35:00+00:00,FILLED,63978dc8-183f-4f93-a2ca-c305f8772ccd,BUY,MARKET,4,613.1,4,613.1,
2025-11-07 11:35:00+00:00,FILLED,f55b11a4-9ae0-48bc-95d7-81ed09c226ca,SELL,MARKET,12.0,613.1,12.0,613.1,
2025-11-07 11:36:00+00:00,RISK_PASS,34962552-3e16-4bda-a6c2-d18584cc5afe,BUY,MARKET,12,613.2,0,0.0,All risk checks passed
2025-11-07 11:36:00+00:00,RISK_PASS,b4484e5f-3dc6-4904-b1ac-9adb4741ab9d,SELL,MARKET,4.0,613.2,0,0.0,All risk checks passed
2025-11-07 11:36:00+00:00,FILLED,34962552-3e16-4bda-a6c2-d18584cc5afe,BUY,MARKET,12,613.2,12,613.2,
2025-11-07 11:36:00+00:00,FILLED,b4484e5f-3dc6-4904-b1ac-9adb4741ab9d,SELL,MARKET,4.0,613.2,4.0,613.2,
2025-11-07 11:37:00+00:00,RISK_PASS,37d66065-cf22-4d29-b28f-d3e65ae35fc8,SELL,MARKET,12.0,613.85,0,0.0,All risk checks passed
2025-11-07 11:37:00+00:00,FILLED,37d66065-cf22-4d29-b28f-d3e65ae35fc8,SELL,MARKET,12.0,613.85,12.0,613.85,
2025-11-07 11:50:00+00:00,RISK_PASS,487ab82c-c9dd-4219-b5b0-a232e905e1dd,BUY,MARKET,12,615.78,0,0.0,All risk checks passed
2025-11-07 11:50:00+00:00,FILLED,487ab82c-c9dd-4219-b5b0-a232e905e1dd,BUY,MARKET,12,615.78,12,615.78,
2025-11-07 11:51:00+00:00,RISK_PASS,d8ce243c-f1b0-4d10-84a7-2742c95f4451,SELL,MARKET,12.0,616.4,0,0.0,All risk checks passed
2025-11-07 11:51:00+00:00,FILLED,d8ce243c-f1b0-4d10-84a7-2742c95f4451,SELL,MARKET,12.0,616.4,12.0,616.4,
2025-11-07 11:52:00+00:00,RISK_PASS,cc4006cb-414c-4963-80cf-0bb6c5d83b5b,BUY,MARKET,12,615.93,0,0.0,All risk checks passed
2025-11-07 11:52:00+00:00,FILLED,cc4006cb-414c-4963-80cf-0bb6c5d83b5b,BUY,MARKET,12,615.93,12,615.93,
2025-11-07 11:53:00+00:00,RISK_PASS,fc886357-548c-4b75-9a50-810ec2f8a50f,SELL,MARKET,12.0,615.73,0,0.0,All risk checks passed
2025-11-07 11:53:00+00:00,FILLED,fc886357-548c-4b75-9a50-810ec2f8a50f,SELL,MARKET,12.0,615.73,12.0,615.73,
2025-11-07 11:55:00+00:00,RISK_PASS,07bea6d5-461f-444f-8139-e6d5bf771102,BUY,MARKET,12,616.02,0,0.0,All risk checks passed
2025-11-07 11:55:00+00:00,FILLED,07bea6d5-461f-444f-8139-e6d5bf771102,BUY,MARKET,12,616.02,12,616.02,
2025-11-07 12:05:00+00:00,RISK_PASS,96e9502b-3502-45d4-a34a-df72e2a1f6d6,SELL,MARKET,12.0,617.65,0,0.0,All risk checks passed
2025-11-07 12:05:00+00:00,FILLED,96e9502b-3502-45d4-a34a-df72e2a1f6d6,SELL,MARKET,12.0,617.65,5,617.65,
2025-11-07 12:06:00+00:00,RISK_PASS,d0dce22b-fe1f-4ccd-ba78-2660664a6331,BUY,MARKET,5,617.75,0,0.0,All risk checks passed
2025-11-07 12:06:00+00:00,RISK_PASS,3b9f680b-7c2b-47ed-823b-70c78889dacc,SELL,MARKET,7.0,617.75,0,0.0,All risk checks passed
2025-11-07 12:06:00+00:00,FILLED,d0dce22b-fe1f-4ccd-ba78-2660664a6331,BUY,MARKET,5,617.75,5,617.75,
2025-11-07 12:06:00+00:00,FILLED,3b9f680b-7c2b-47ed-823b-70c78889dacc,SELL,MARKET,7.0,617.75,7.0,617.75,
2025-11-07 12:07:00+00:00,RISK_PASS,64326ad3-f5f2-4a9e-b33f-3b3a05412d8b,BUY,MARKET,7,617.75,0,0.0,All risk checks passed
2025-11-07 12:07:00+00:00,FILLED,64326ad3-f5f2-4a9e-b33f-3b3a05412d8b,BUY,MARKET,7,617.75,7,617.75,
2025-11-07 12:08:00+00:00,RISK_PASS,fe4029e2-8c66-4a38-934b-931ea02d8122,SELL,MARKET,12.0,617.46,0,0.0,All risk checks passed
2025-11-07 12:08:00+00:00,FILLED,fe4029e2-8c66-4a38-934b-931ea02d8122,SELL,MARKET,12.0,617.46,12.0,617.46,
2025-11-07 12:09:00+00:00,RISK_PASS,e135ff31-2a47-4892-a8d0-d98b448c21ac,BUY,MARKET,12,617.0,0,0.0,All risk checks passed
2025-11-07 12:09:00+00:00,FILLED,e135ff31-2a47-4892-a8d0-d98b448c21ac,BUY,MARKET,12,617.0,12,617.0,
2025-11-07 12:11:00+00:00,RISK_PASS,a8709cf4-fcb2-4f78-b895-929951da0c38,SELL,MARKET,12.0,617.37,0,0.0,All risk checks passed
2025-11-07 12:11:00+00:00,FILLED,a8709cf4-fcb2-4f78-b895-929951da0c38,SELL,MARKET,12.0,617.37,12.0,617.37,
2025-11-07 12:12:00+00:00,RISK_PASS,bde8baab-8aa0-4e8f-a567-355296463f4e,BUY,MARKET,12,617.07,0,0.0,All risk checks passed
2025-11-07 12:12:00+00:00,FILLED,bde8baab-8aa0-4e8f-a567-355296463f4e,BUY,MARKET,12,617.07,12,617.07,
2025-11-07 12:19:00+00:00,RISK_PASS,d401bb6e-e100-45f5-bcfd-66f395033039,BUY,MARKET,7,616.21,0,0.0,All risk checks passed
2025-11-07 12:19:00+00:00,FILLED,d401bb6e-e100-45f5-bcfd-66f395033039,BUY,MARKET,7,616.21,7,616.21,
2025-11-07 12:29:00+00:00,RISK_PASS,7e4881c4-0c53-4c16-b4a1-173dea2fbac3,SELL,MARKET,19.0,615.85,0,0.0,All risk checks passed
2025-11-07 12:29:00+00:00,FILLED,7e4881c4-0c53-4c16-b4a1-173dea2fbac3,SELL,MARKET,19.0,615.85,19.0,615.85,
2025-11-07 12:38:00+00:00,RISK_PASS,03b0f4ac-a470-42ad-81df-3bef5d519335,BUY,MARKET,16,615.1,0,0.0,All risk checks passed
2025-11-07 12:38:00+00:00,REJECTED,03b0f4ac-a470-42ad-81df-3bef5d519335,BUY,MARKET,16,615.1,0,0.0,Random engine rejection
2025-11-07 12:40:00+00:00,RISK_PASS,3a7e8c6b-b5fb-45d8-9be1-3125d978f96c,BUY,MARKET,16,615.1,0,0.0,All risk checks passed
2025-11-07 12:40:00+00:00,FILLED,3a7e8c6b-b5fb-45d8-9be1-3125d978f96c,BUY,MARKET,16,615.1,16,615.1,
2025-11-07 12:42:00+00:00,RISK_PASS,58d9461c-af29-4d18-b396-f5a2828cf22f,SELL,MARKET,16.0,615.4,0,0.0,All risk checks passed
2025-11-07 12:42:00+00:00,FILLED,58d9461c-af29-4d18-b396-f5a2828cf22f,SELL,MARKET,16.0,615.4,16.0,615.4,
2025-11-07 12:44:00+00:00,RISK_PASS,7cd35e4d-f84f-4d41-9dd9-6072ecbed0f9,BUY,MARKET,16,614.7,0,0.0,All risk checks passed
2025-11-07 12:44:00+00:00,FILLED,7cd35e4d-f84f-4d41-9dd9-6072ecbed0f9,BUY,MARKET,16,614.7,16,614.7,
2025-11-07 12:45:00+00:00,RISK_PASS,b82ba1cb-52b6-4542-9d6f-eb19e4167391,SELL,MARKET,16.0,614.7,0,0.0,All risk checks passed
2025-11-07 12:45:00+00:00,FILLED,b82ba1cb-52b6-4542-9d6f-eb19e4167391,SELL,MARKET,16.0,614.7,16.0,614.7,
2025-11-07 12:46:00+00:00,RISK_PASS,5282520e-df13-41bb-9235-cae09bb1fc97,BUY,MARKET,16,614.4,0,0.0,All risk checks passed
2025-11-07 12:46:00+00:00,FILLED,5282520e-df13-41bb-9235-cae09bb1fc97,BUY,MARKET,16,614.4,16,614.4,
2025-11-07 12:47:00+00:00,RISK_PASS,7e806ff7-1099-480e-800a-c45d03a2e60f,SELL,MARKET,16.0,614.0,0,0.0,All risk checks passed
2025-11-07 12:47:00+00:00,FILLED,7e806ff7-1099-480e-800a-c45d03a2e60f,SELL,MARKET,16.0,614.0,16.0,614.0,
2025-11-07 12:48:00+00:00,RISK_PASS,c0f08f00-17e0-4c71-abd3-9a787d871e35,BUY,MARKET,16,614.0,0,0.0,All risk checks passed
2025-11-07 12:48:00+00:00,FILLED,c0f08f00-17e0-4c71-abd3-9a787d871e35,BUY,MARKET,16,614.0,9,614.0,
2025-11-07 12:49:00+00:00,RISK_PASS,3b5a790c-cf9e-4e06-880a-f31478b2cf86,BUY,MARKET,7,613.2,0,0.0,All risk checks passed
2025-11-07 12:49:00+00:00,RISK_PASS,20348edc-bd35-4b9d-bb06-87a9fd25056f,SELL,MARKET,9.0,613.2,0,0.0,All risk checks passed
2025-11-07 12:49:00+00:00,FILLED,3b5a790c-cf9e-4e06-880a-f31478b2cf86,BUY,MARKET,7,613.2,7,613.2,
2025-11-07 12:49:00+00:00,FILLED,20348edc-bd35-4b9d-bb06-87a9fd25056f,SELL,MARKET,9.0,613.2,9.0,613.2,
2025-11-07 12:50:00+00:00,RISK_PASS,8589e111-746c-4af3-8e66-06217d443651,BUY,MARKET,9,613.82,0,0.0,All risk checks passed
2025-11-07 12:50:00+00:00,RISK_PASS,5bbfded5-a7e9-48d8-a432-8234b083272b,SELL,MARKET,7.0,613.82,0,0.0,All risk checks passed
2025-11-07 12:50:00+00:00,FILLED,8589e111-746c-4af3-8e66-06217d443651,BUY,MARKET,9,613.82,9,613.82,
2025-11-07 12:50:00+00:00,FILLED,5bbfded5-a7e9-48d8-a432-8234b083272b,SELL,MARKET,7.0,613.82,7.0,613.82,
2025-11-07 12:51:00+00:00,RISK_PASS,0f62d2c2-8fac-458b-964d-d783950b693f,BUY,MARKET,7,613.42,0,0.0,All risk checks passed
2025-11-07 12:51:00+00:00,RISK_PASS,69cf9c42-9f55-4d3e-830d-284a32321427,SELL,MARKET,9.0,613.42,0,0.0,All risk checks passed
2025-11-07 12:51:00+00:00,FILLED,0f62d2c2-8fac-458b-964d-d783950b693f,BUY,MARKET,7,613.42,7,613.42,
2025-11-07 12:51:00+00:00,FILLED,69cf9c42-9f55-4d3e-830d-284a32321427,SELL,MARKET,9.0,613.42,9.0,613.42,
2025-11-07 12:52:00+00:00,RISK_PASS,c4d4b694-4b2e-405c-9290-10b003722995,SELL,MARKET,7.0,614.5,0,0.0,All risk checks passed
2025-11-07 12:52:00+00:00,REJECTED,c4d4b694-4b2e-405c-9290-10b003722995,SELL,MARKET,7.0,614.5,0,0.0,Random engine rejection
2025-11-07 12:53:00+00:00,RISK_PASS,07ae45cf-64b4-421b-aa4f-25138c2e4046,SELL,MARKET,7.0,614.11,0,0.0,All risk checks passed
2025-11-07 12:53:00+00:00,FILLED,07ae45cf-64b4-421b-aa4f-25138c2e4046,SELL,MARKET,7.0,614.11,3,614.11,
2025-11-07 12:54:00+00:00,RISK_PASS,1f4eb0df-0393-4868-8fc5-224c1080a298,SELL,MARKET,4.0,613.8,0,0.0,All risk checks passed
2025-11-07 12:54:00+00:00,FILLED,1f4eb0df-0393-4868-8fc5-224c1080a298,SELL,MARKET,4.0,613.8,4.0,613.8,
2025-11-07 13:09:00+00:00,RISK_PASS,719255a5-142c-4e3c-9b18-d14bf8ff59dd,BUY,MARKET,12,614.669,0,0.0,All risk checks passed
2025-11-07 13:09:00+00:00,FILLED,719255a5-142c-4e3c-9b18-d14bf8ff59dd,BUY,MARKET,12,614.669,12,614.669,
2025-11-07 13:11:00+00:00,RISK_PASS,83a9dcc6-b3a3-4467-9958-5b270b5f26c5,SELL,MARKET,12.0,615.34,0,0.0,All risk checks passed
2025-11-07 13:11:00+00:00,FILLED,83a9dcc6-b3a3-4467-9958-5b270b5f26c5,SELL,MARKET,12.0,615.34,12.0,615.34,
2025-11-07 13:15:00+00:00,RISK_PASS,37763c17-a19b-49a4-a1ad-62a8ef626811,BUY,MARKET,16,614.0,0,0.0,All risk checks passed
2025-11-07 13:15:00+00:00,REJECTED,37763c17-a19b-49a4-a1ad-62a8ef626811,BUY,MARKET,16,614.0,0,0.0,Random engine rejection
2025-11-07 13:52:00+00:00,RISK_PASS,9a316853-bdfc-470b-90cf-7c4f4346242a,BUY,MARKET,12,614.68,0,0.0,All risk checks passed
2025-11-07 13:52:00+00:00,FILLED,9a316853-bdfc-470b-90cf-7c4f4346242a,BUY,MARKET,12,614.68,12,614.68,
2025-11-07 13:56:00+00:00,RISK_PASS,d0210da9-36e2-4b99-b5ca-8538a7416221,BUY,MARKET,1,613.99,0,0.0,All risk checks passed
2025-11-07 13:56:00+00:00,FILLED,d0210da9-36e2-4b99-b5ca-8538a7416221,BUY,MARKET,1,613.99,1,613.99,
2025-11-07 14:01:00+00:00,RISK_PASS,46c55b4c-01ba-4354-8a10-ba29ee1cfb2d,SELL,MARKET,13.0,613.7533,0,0.0,All risk checks passed
2025-11-07 14:01:00+00:00,FILLED,46c55b4c-01ba-4354-8a10-ba29ee1cfb2d,SELL,MARKET,13.0,613.7533,13.0,613.7533,
2025-11-07 14:04:00+00:00,RISK_PASS,ebd677d7-977b-4803-99b9-e4d3c117520a,BUY,MARKET,16,613.06,0,0.0,All risk checks passed
2025-11-07 14:04:00+00:00,FILLED,ebd677d7-977b-4803-99b9-e4d3c117520a,BUY,MARKET,16,613.06,16,613.06,
2025-11-07 14:05:00+00:00,RISK_PASS,6038b2c5-cf61-4ed5-be06-cad80de7e6b2,SELL,MARKET,16.0,613.23,0,0.0,All risk checks passed
2025-11-07 14:05:00+00:00,FILLED,6038b2c5-cf61-4ed5-be06-cad80de7e6b2,SELL,MARKET,16.0,613.23,16.0,613.23,
2025-11-07 14:06:00+00:00,RISK_PASS,424bac9c-e444-4675-a607-bd3325d4aa95,BUY,MARKET,16,612.9,0,0.0,All risk checks passed
2025-11-07 14:06:00+00:00,FILLED,424bac9c-e444-4675-a607-bd3325d4aa95,BUY,MARKET,16,612.9,16,612.9,
2025-11-07 14:07:00+00:00,RISK_PASS,6e2ddc79-1825-4260-b804-22c09539df03,SELL,MARKET,16.0,612.99,0,0.0,All risk checks passed
2025-11-07 14:07:00+00:00,FILLED,6e2ddc79-1825-4260-b804-22c09539df03,SELL,MARKET,16.0,612.99,16.0,612.99,
2025-11-07 14:08:00+00:00,RISK_PASS,9169ab08-aaf4-4a2a-b4f8-6e7e2ada06ea,BUY,MARKET,16,612.8,0,0.0,All risk checks passed
2025-11-07 14:08:00+00:00,FILLED,9169ab08-aaf4-4a2a-b4f8-6e7e2ada06ea,BUY,MARKET,16,612.8,16,612.8,
2025-11-07 14:09:00+00:00,RISK_PASS,04047605-db35-4590-8a98-4b6b6c9c2e38,SELL,MARKET,16.0,612.65,0,0.0,All risk checks passed
2025-11-07 14:09:00+00:00,FILLED,04047605-db35-4590-8a98-4b6b6c9c2e38,SELL,MARKET,16.0,612.65,16.0,612.65,
2025-11-07 14:29:00+00:00,RISK_PASS,9d442731-e47e-48fe-9061-9c960686815d,BUY,MARKET,12,616.25,0,0.0,All risk checks passed
2025-11-07 14:29:00+00:00,FILLED,9d442731-e47e-48fe-9061-9c960686815d,BUY,MARKET,12,616.25,12,616.25,
2025-11-07 14:31:00+00:00,RISK_PASS,0cd66a05-1b16-49cd-a752-a89aa687e124,SELL,MARKET,12.0,614.7099,0,0.0,All risk checks passed
2025-11-07 14:31:00+00:00,FILLED,0cd66a05-1b16-49cd-a752-a89aa687e124,SELL,MARKET,12.0,614.7099,12.0,614.7099,
2025-11-07 14:32:00+00:00,RISK_PASS,110ce37a-5f24-4336-b8ae-bf2962f43f8d,BUY,MARKET,13,613.55,0,0.0,All risk checks passed
2025-11-07 14:32:00+00:00,FILLED,110ce37a-5f24-4336-b8ae-bf2962f43f8d,BUY,MARKET,13,613.55,13,613.55,
2025-11-07 14:38:00+00:00,RISK_PASS,9023446f-c6af-4156-83f5-4362bc1f7775,SELL,MARKET,13.0,609.895,0,0.0,All risk checks passed
2025-11-07 14:38:00+00:00,FILLED,9023446f-c6af-4156-83f5-4362bc1f7775,SELL,MARKET,13.0,609.895,13.0,609.895,
2025-11-07 14:39:00+00:00,RISK_PASS,0ac326d4-97c5-4435-9d00-bdb8f8fe849d,BUY,MARKET,16,607.92,0,0.0,All risk checks passed
2025-11-07 14:39:00+00:00,REJECTED,0ac326d4-97c5-4435-9d00-bdb8f8fe849d,BUY,MARKET,16,607.92,0,0.0,Random engine rejection
2025-11-07 14:40:00+00:00,RISK_PASS,a265b42d-b7ae-456b-b28e-f2b1f2df1a69,BUY,MARKET,16,608.2525,0,0.0,All risk checks passed
2025-11-07 14:40:00+00:00,FILLED,a265b42d-b7ae-456b-b28e-f2b1f2df1a69,BUY,MARKET,16,608.2525,16,608.2525,
2025-11-07 14:41:00+00:00,RISK_PASS,53b889e7-6889-4885-9bef-f8346ceeec7b,SELL,MARKET,16.0,607.29,0,0.0,All risk checks passed
2025-11-07 14:41:00+00:00,FILLED,53b889e7-6889-4885-9bef-f8346ceeec7b,SELL,MARKET,16.0,607.29,5,607.29,
2025-11-07 14:42:00+00:00,RISK_PASS,21affda8-e3ae-4954-be13-79ba50df66c9,BUY,MARKET,5,607.425,0,0.0,All risk checks passed
2025-11-07 14:42:00+00:00,RISK_PASS,2221889d-1e22-48a2-942d-27c8f45820aa,SELL,MARKET,11.0,607.425,0,0.0,All risk checks passed
2025-11-07 14:42:00+00:00,FILLED,21affda8-e3ae-4954-be13-79ba50df66c9,BUY,MARKET,5,607.425,5,607.425,
2025-11-07 14:42:00+00:00,FILLED,2221889d-1e22-48a2-942d-27c8f45820aa,SELL,MARKET,11.0,607.425,11.0,607.425,
2025-11-07 14:43:00+00:00,RISK_PASS,3c803061-3e9a-473b-abf9-cbc0d7707176,BUY,MARKET,11,607.625,0,0.0,All risk checks passed
2025-11-07 14:43:00+00:00,RISK_PASS,c01b46d3-1aa3-4576-b860-099b34853c35,SELL,MARKET,5.0,607.625,0,0.0,All risk checks passed
2025-11-07 14:43:00+00:00,FILLED,3c803061-3e9a-473b-abf9-cbc0d7707176,BUY,MARKET,11,607.625,11,607.625,
2025-11-07 14:43:00+00:00,FILLED,c01b46d3-1aa3-4576-b860-099b34853c35,SELL,MARKET,5.0,607.625,5.0,607.625,
2025-11-07 14:44:00+00:00,RISK_PASS,271d66e5-5f0b-48bd-8ea8-13a00b1dca1b,BUY,MARKET,5,608.35,0,0.0,All risk checks passed
2025-11-07 14:44:00+00:00,RISK_PASS,db680632-8008-45ff-8472-48c5a851db30,SELL,MARKET,11.0,608.35,0,0.0,All risk checks passed
2025-11-07 14:44:00+00:00,FILLED,271d66e5-5f0b-48bd-8ea8-13a00b1dca1b,BUY,MARKET,5,608.35,5,608.35,
2025-11-07 14:44:00+00:00,FILLED,db680632-8008-45ff-8472-48c5a851db30,SELL,MARKET,11.0,608.35,11.0,608.35,
2025-11-07 14:45:00+00:00,RISK_PASS,52ac5a71-e1d5-4913-97b8-5c60e08d4cfb,BUY,MARKET,11,609.35,0,0.0,All risk checks passed
2025-11-07 14:45:00+00:00,RISK_PASS,204a0f0e-001f-489f-8955-904e2ed92cfe,SELL,MARKET,5.0,609.35,0,0.0,All risk checks passed
2025-11-07 14:45:00+00:00,FILLED,52ac5a71-e1d5-4913-97b8-5c60e08d4cfb,BUY,MARKET,11,609.35,11,609.35,
2025-11-07 14:45:00+00:00,FILLED,204a0f0e-001f-489f-8955-904e2ed92cfe,SELL,MARKET,5.0,609.35,1,609.35,
2025-11-07 14:46:00+00:00,RISK_PASS,381afd1f-2054-4fc1-9bd7-6ce2d221084d,BUY,MARKET,1,607.84,0,0.0,All risk checks passed
2025-11-07 14:46:00+00:00,RISK_PASS,8fd876ad-1271-4f13-9038-396f4556f4fe,SELL,MARKET,15.0,607.84,0,0.0,All risk checks passed
2025-11-07 14:46:00+00:00,FILLED,381afd1f-2054-4fc1-9bd7-6ce2d221084d,BUY,MARKET,1,607.84,1,607.84,
2025-11-07 14:46:00+00:00,FILLED,8fd876ad-1271-4f13-9038-396f4556f4fe,SELL,MARKET,15.0,607.84,15.0,607.84,
2025-11-07 14:47:00+00:00,RISK_PASS,4e6ed79e-cb1a-4c06-9c43-4364ef172dc3,SELL,MARKET,1.0,608.145,0,0.0,All risk checks passed
2025-11-07 14:47:00+00:00,FILLED,4e6ed79e-cb1a-4c06-9c43-4364ef172dc3,SELL,MARKET,1.0,608.145,1.0,608.145,
2025-11-07 14:49:00+00:00,RISK_PASS,22d07a35-7ca3-4983-905d-40213dd06f28,BUY,MARKET,16,607.68,0,0.0,All risk checks passed
2025-11-07 14:49:00+00:00,FILLED,22d07a35-7ca3-4983-905d-40213dd06f28,BUY,MARKET,16,607.68,16,607.68,
2025-11-07 14:50:00+00:00,RISK_PASS,bb8a931a-d906-4999-956e-79ee8f0d0dda,SELL,MARKET,16.0,608.695,0,0.0,All risk checks passed
2025-11-07 14:50:00+00:00,FILLED,bb8a931a-d906-4999-956e-79ee8f0d0dda,SELL,MARKET,16.0,608.695,16.0,608.695,
2025-11-07 15:06:00+00:00,RISK_PASS,25083677-474a-4386-9dae-7e788fc93291,BUY,MARKET,16,605.205,0,0.0,All risk checks passed
2025-11-07 15:06:00+00:00,FILLED,25083677-474a-4386-9dae-7e788fc93291,BUY,MARKET,16,605.205,9,605.205,
2025-11-07 15:07:00+00:00,RISK_PASS,46a8a607-16f5-491e-ab11-a5ca9d674a74,BUY,MARKET,7,605.407,0,0.0,All risk checks passed
2025-11-07 15:07:00+00:00,RISK_PASS,af9152d6-7d3f-4c00-935b-8a1bfbbca0dc,SELL,MARKET,9.0,605.407,0,0.0,All risk checks passed
2025-11-07 15:07:00+00:00,FILLED,46a8a607-16f5-491e-ab11-a5ca9d674a74,BUY,MARKET,7,605.407,5,605.407,
2025-11-07 15:07:00+00:00,FILLED,af9152d6-7d3f-4c00-935b-8a1bfbbca0dc,SELL,MARKET,9.0,605.407,9.0,605.407,
2025-11-07 15:08:00+00:00,RISK_PASS,1f44c7e5-6789-479b-a93d-30e69c8e6202,SELL,MARKET,5.0,605.36,0,0.0,All risk checks passed
2025-11-07 15:08:00+00:00,FILLED,1f44c7e5-6789-479b-a93d-30e69c8e6202,SELL,MARKET,5.0,605.36,5.0,605.36,
2025-11-07 15:10:00+00:00,RISK_PASS,1cd32844-6a18-481f-9417-777dffa0cd43,BUY,MARKET,16,605.74,0,0.0,All risk checks passed
2025-11-07 15:10:00+00:00,FILLED,1cd32844-6a18-481f-9417-777dffa0cd43,BUY,MARKET,16,605.74,16,605.74,
2025-11-07 15:11:00+00:00,RISK_PASS,6af8bf5c-df30-4fb7-b8dc-17725030892b,SELL,MARKET,16.0,606.91,0,0.0,All risk checks passed
2025-11-07 15:11:00+00:00,FILLED,6af8bf5c-df30-4fb7-b8dc-17725030892b,SELL,MARKET,16.0,606.91,16.0,606.91,
2025-11-07 15:22:00+00:00,RISK_PASS,a5fc220f-1691-4075-af38-5eafc4222546,BUY,MARKET,13,607.83,0,0.0,All risk checks passed
2025-11-07 15:22:00+00:00,FILLED,a5fc220f-1691-4075-af38-5eafc4222546,BUY,MARKET,13,607.83,13,607.83,
2025-11-07 15:25:00+00:00,RISK_PASS,80bda93a-0ef0-4cfe-888f-895e035d3794,SELL,MARKET,13.0,607.68,0,0.0,All risk checks passed
2025-11-07 15:25:00+00:00,FILLED,80bda93a-0ef0-4cfe-888f-895e035d3794,SELL,MARKET,13.0,607.68,13.0,607.68,
2025-11-07 15:26:00+00:00,RISK_PASS,40df3d5f-4027-4301-8eb3-fe3a92bde514,BUY,MARKET,13,608.19,0,0.0,All risk checks passed
2025-11-07 15:26:00+00:00,FILLED,40df3d5f-4027-4301-8eb3-fe3a92bde514,BUY,MARKET,13,608.19,13,608.19,
2025-11-07 15:27:00+00:00,RISK_PASS,f4f3c91c-2443-4fa5-881b-38c242234be0,SELL,MARKET,13.0,607.97,0,0.0,All risk checks passed
2025-11-07 15:27:00+00:00,FILLED,f4f3c91c-2443-4fa5-881b-38c242234be0,SELL,MARKET,13.0,607.97,9,607.97,
2025-11-07 15:28:00+00:00,RISK_PASS,75cce2b7-c450-4b7b-901c-2f0634a85b1e,BUY,MARKET,9,607.23,0,0.0,All risk checks passed
2025-11-07 15:28:00+00:00,RISK_PASS,528214f8-1d8a-42eb-9fef-ebdf2f86a58a,SELL,MARKET,4.0,607.23,0,0.0,All risk checks passed
2025-11-07 15:28:00+00:00,FILLED,75cce2b7-c450-4b7b-901c-2f0634a85b1e,BUY,MARKET,9,607.23,9,607.23,
2025-11-07 15:28:00+00:00,FILLED,528214f8-1d8a-42eb-9fef-ebdf2f86a58a,SELL,MARKET,4.0,607.23,4.0,607.23,
2025-11-07 15:29:00+00:00,RISK_PASS,e80193cb-5962-4887-9ba1-013a0e64e15f,BUY,MARKET,7,606.5929,0,0.0,All risk checks passed
2025-11-07 15:29:00+00:00,RISK_PASS,c253dc14-415e-4f85-b901-d554922c9045,SELL,MARKET,9.0,606.5929,0,0.0,All risk checks passed
2025-11-07 15:29:00+00:00,FILLED,e80193cb-5962-4887-9ba1-013a0e64e15f,BUY,MARKET,7,606.5929,7,606.5929,
2025-11-07 15:29:00+00:00,FILLED,c253dc14-415e-4f85-b901-d554922c9045,SELL,MARKET,9.0,606.5929,9.0,606.5929,
2025-11-07 15:30:00+00:00,RISK_PASS,342a492d-3b01-4dd7-8f7d-230c1c40b879,SELL,MARKET,7.0,606.8375,0,0.0,All risk checks passed
2025-11-07 15:30:00+00:00,FILLED,342a492d-3b01-4dd7-8f7d-230c1c40b879,SELL,MARKET,7.0,606.8375,7.0,606.8375,
2025-11-07 15:33:00+00:00,RISK_PASS,f2f214d4-0fd6-4bce-982f-987f3de44f98,BUY,MARKET,16,605.16,0,0.0,All risk checks passed
2025-11-07 15:33:00+00:00,FILLED,f2f214d4-0fd6-4bce-982f-987f3de44f98,BUY,MARKET,16,605.16,16,605.16,
2025-11-07 15:34:00+00:00,RISK_PASS,bd0869a4-428c-48eb-8a7a-cbdfcc6f89f4,SELL,MARKET,16.0,605.045,0,0.0,All risk checks passed
2025-11-07 15:34:00+00:00,FILLED,bd0869a4-428c-48eb-8a7a-cbdfcc6f89f4,SELL,MARKET,16.0,605.045,16.0,605.045,
2025-11-07 15:40:00+00:00,RISK_PASS,21f6c305-4857-4686-b421-30c118691abb,BUY,MARKET,16,605.59,0,0.0,All risk checks passed
2025-11-07 15:40:00+00:00,FILLED,21f6c305-4857-4686-b421-30c118691abb,BUY,MARKET,16,605.59,16,605.59,
2025-11-07 15:41:00+00:00,RISK_PASS,fc3ae9d9-25fb-4cad-bc3f-56a836f77727,SELL,MARKET,16.0,604.705,0,0.0,All risk checks passed
2025-11-07 15:41:00+00:00,FILLED,fc3ae9d9-25fb-4cad-bc3f-56a836f77727,SELL,MARKET,16.0,604.705,16.0,604.705,
2025-11-07 15:42:00+00:00,RISK_PASS,1b3c1754-d4c5-4b34-8f4e-90b7480b0146,BUY,MARKET,16,604.39,0,0.0,All risk checks passed
2025-11-07 15:42:00+00:00,FILLED,1b3c1754-d4c5-4b34-8f4e-90b7480b0146,BUY,MARKET,16,604.39,16,604.39,
2025-11-07 15:43:00+00:00,RISK_PASS,a7b161e0-87f6-4b81-b82e-6da4effd76a9,SELL,MARKET,16.0,605.03,0,0.0,All risk checks passed
2025-11-07 15:43:00+00:00,FILLED,a7b161e0-87f6-4b81-b82e-6da4effd76a9,SELL,MARKET,16.0,605.03,16.0,605.03,
2025-11-07 16:12:00+00:00,RISK_PASS,a122c378-adb3-4a77-93eb-a497ac53fd88,BUY,MARKET,16,602.32,0,0.0,All risk checks passed
2025-11-07 16:12:00+00:00,FILLED,a122c378-adb3-4a77-93eb-a497ac53fd88,BUY,MARKET,16,602.32,16,602.32,
2025-11-07 16:13:00+00:00,RISK_PASS,61f95b34-5e46-4ffa-8c8c-b04b375175e6,SELL,MARKET,16.0,603.125,0,0.0,All risk checks passed
2025-11-07 16:13:00+00:00,REJECTED,61f95b34-5e46-4ffa-8c8c-b04b375175e6,SELL,MARKET,16.0,603.125,0,0.0,Random engine rejection
2025-11-07 16:14:00+00:00,RISK_PASS,39b469b0-0cca-4ddb-8278-40ce1a66cb50,SELL,MARKET,16.0,602.77,0,0.0,All risk checks passed
2025-11-07 16:14:00+00:00,FILLED,39b469b0-0cca-4ddb-8278-40ce1a66cb50,SELL,MARKET,16.0,602.77,16.0,602.77,
2025-11-07 16:26:00+00:00,RISK_PASS,2e77df2a-4edc-463c-9eeb-505f487815e1,BUY,MARKET,13,604.15,0,0.0,All risk checks passed
2025-11-07 16:26:00+00:00,FILLED,2e77df2a-4edc-463c-9eeb-505f487815e1,BUY,MARKET,13,604.15,13,604.15,
2025-11-07 16:39:00+00:00,RISK_PASS,64c83521-6363-448a-a008-a7831f8b5e6c,SELL,MARKET,13.0,603.605,0,0.0,All risk checks passed
2025-11-07 16:39:00+00:00,FILLED,64c83521-6363-448a-a008-a7831f8b5e6c,SELL,MARKET,13.0,603.605,13.0,603.605,
2025-11-07 16:43:00+00:00,RISK_PASS,88eba42b-7715-48b9-9a72-af4304c9d312,BUY,MARKET,13,604.19,0,0.0,All risk checks passed
2025-11-07 16:43:00+00:00,FILLED,88eba42b-7715-48b9-9a72-af4304c9d312,BUY,MARKET,13,604.19,13,604.19,
2025-11-07 16:59:00+00:00,RISK_PASS,ea1f8020-620e-40d2-8a54-1b9ec3d97901,SELL,MARKET,13.0,606.21,0,0.0,All risk checks passed
2025-11-07 16:59:00+00:00,FILLED,ea1f8020-620e-40d2-8a54-1b9ec3d97901,SELL,MARKET,13.0,606.21,13.0,606.21,
2025-11-07 17:00:00+00:00,RISK_PASS,2cae3cc2-79ca-4855-bdc4-a7d960f4b1ea,BUY,MARKET,13,605.6638,0,0.0,All risk checks passed
2025-11-07 17:00:00+00:00,REJECTED,2cae3cc2-79ca-4855-bdc4-a7d960f4b1ea,BUY,MARKET,13,605.6638,0,0.0,Random engine rejection
2025-11-07 17:01:00+00:00,RISK_PASS,fe8237b0-b377-498f-b32e-84396d1ec8cd,BUY,MARKET,13,605.34,0,0.0,All risk checks passed
2025-11-07 17:01:00+00:00,FILLED,fe8237b0-b377-498f-b32e-84396d1ec8cd,BUY,MARKET,13,605.34,13,605.34,
2025-11-07 17:02:00+00:00,RISK_PASS,eea75a12-04a9-419a-ba31-a0dbf8661d15,SELL,MARKET,13.0,606.16,0,0.0,All risk checks passed
2025-11-07 17:02:00+00:00,FILLED,eea75a12-04a9-419a-ba31-a0dbf8661d15,SELL,MARKET,13.0,606.16,13.0,606.16,
2025-11-07 17:03:00+00:00,RISK_PASS,0a321cd6-b3c0-4527-aba4-04d255e88f20,BUY,MARKET,13,605.53,0,0.0,All risk checks passed
2025-11-07 17:03:00+00:00,FILLED,0a321cd6-b3c0-4527-aba4-04d255e88f20,BUY,MARKET,13,605.53,11,605.53,
2025-11-07 17:04:00+00:00,RISK_PASS,d69c4fdb-e3f9-4426-a026-0a64bde96864,BUY,MARKET,2,606.3,0,0.0,All risk checks passed
2025-11-07 17:04:00+00:00,FILLED,d69c4fdb-e3f9-4426-a026-0a64bde96864,BUY,MARKET,2,606.3,2,606.3,
2025-11-07 17:49:00+00:00,RISK_PASS,deb372ce-db7f-4b74-b680-c2cc281f0823,BUY,MARKET,3,607.04,0,0.0,All risk checks passed
2025-11-07 17:49:00+00:00,RISK_PASS,ce9f0e74-545f-48cc-a393-3ffcd71d625d,SELL,MARKET,13.0,607.04,0,0.0,All risk checks passed
2025-11-07 17:49:00+00:00,FILLED,deb372ce-db7f-4b74-b680-c2cc281f0823,BUY,MARKET,3,607.04,3,607.04,
2025-11-07 17:49:00+00:00,FILLED,ce9f0e74-545f-48cc-a393-3ffcd71d625d,SELL,MARKET,13.0,607.04,13.0,607.04,
2025-11-07 17:50:00+00:00,RISK_PASS,ff35489a-4559-4ed0-8bb4-9fc6a5cab579,BUY,MARKET,13,606.9101,0,0.0,All risk checks passed
2025-11-07 17:50:00+00:00,RISK_PASS,6893f3e7-1593-4202-8838-ada2b22a8522,SELL,MARKET,3.0,606.9101,0,0.0,All risk checks passed
2025-11-07 17:50:00+00:00,FILLED,ff35489a-4559-4ed0-8bb4-9fc6a5cab579,BUY,MARKET,13,606.9101,13,606.9101,
2025-11-07 17:50:00+00:00,FILLED,6893f3e7-1593-4202-8838-ada2b22a8522,SELL,MARKET,3.0,606.9101,3.0,606.9101,
2025-11-07 17:51:00+00:00,RISK_PASS,88ab49fc-4f94-4b1c-90a0-03dd15b9cb92,SELL,MARKET,13.0,607.69,0,0.0,All risk checks passed
2025-11-07 17:51:00+00:00,FILLED,88ab49fc-4f94-4b1c-90a0-03dd15b9cb92,SELL,MARKET,13.0,607.69,13.0,607.69,
2025-11-07 18:01:00+00:00,RISK_PASS,3e2b8d6c-bd89-4f9d-bc65-206cb8858bc8,BUY,MARKET,13,608.5617,0,0.0,All risk checks passed
2025-11-07 18:01:00+00:00,FILLED,3e2b8d6c-bd89-4f9d-bc65-206cb8858bc8,BUY,MARKET,13,608.5617,13,608.5617,
2025-11-07 18:03:00+00:00,RISK_PASS,e9560ca7-0f99-45e9-b614-3ee8924106e8,SELL,MARKET,13.0,609.005,0,0.0,All risk checks passed
2025-11-07 18:03:00+00:00,FILLED,e9560ca7-0f99-45e9-b614-3ee8924106e8,SELL,MARKET,13.0,609.005,13.0,609.005,
2025-11-07 18:04:00+00:00,RISK_PASS,ff03b8eb-1718-4a98-9e54-de5979c160fe,BUY,MARKET,13,609.0592,0,0.0,All risk checks passed
2025-11-07 18:04:00+00:00,FILLED,ff03b8eb-1718-4a98-9e54-de5979c160fe,BUY,MARKET,13,609.0592,13,609.0592,
2025-11-07 18:06:00+00:00,RISK_PASS,5d6b4155-e2ed-429e-8171-66e443c8bf8d,SELL,MARKET,13.0,608.765,0,0.0,All risk checks passed
2025-11-07 18:06:00+00:00,FILLED,5d6b4155-e2ed-429e-8171-66e443c8bf8d,SELL,MARKET,13.0,608.765,13.0,608.765,
2025-11-07 18:07:00+00:00,RISK_PASS,96d71dfe-67b6-44cc-bc16-b2da913397d5,BUY,MARKET,13,608.645,0,0.0,All risk checks passed
2025-11-07 18:07:00+00:00,FILLED,96d71dfe-67b6-44cc-bc16-b2da913397d5,BUY,MARKET,13,608.645,13,608.645,
2025-11-07 18:19:00+00:00,RISK_PASS,80a760ab-df02-4a9e-b334-5d253e18c9e5,SELL,MARKET,13.0,610.58,0,0.0,All risk checks passed
2025-11-07 18:19:00+00:00,FILLED,80a760ab-df02-4a9e-b334-5d253e18c9e5,SELL,MARKET,13.0,610.58,13.0,610.58,
2025-11-07 18:20:00+00:00,RISK_PASS,76a93fc9-a7e8-4ac8-906f-33bbc0f1a202,BUY,MARKET,13,610.5,0,0.0,All risk checks passed
2025-11-07 18:20:00+00:00,FILLED,76a93fc9-a7e8-4ac8-906f-33bbc0f1a202,BUY,MARKET,13,610.5,13,610.5,
2025-11-07 18:21:00+00:00,RISK_PASS,6e027855-a174-4169-b406-21ed44bea910,SELL,MARKET,13.0,610.48,0,0.0,All risk checks passed
2025-11-07 18:21:00+00:00,FILLED,6e027855-a174-4169-b406-21ed44bea910,SELL,MARKET,13.0,610.48,13.0,610.48,
2025-11-07 18:22:00+00:00,RISK_PASS,dcdcabbb-4b78-4540-a03e-afa6511e9d6b,BUY,MARKET,13,610.5399,0,0.0,All risk checks passed
2025-11-07 18:22:00+00:00,FILLED,dcdcabbb-4b78-4540-a03e-afa6511e9d6b,BUY,MARKET,13,610.5399,13,610.5399,
2025-11-07 18:23:00+00:00,RISK_PASS,000ffb73-257d-4d4e-946e-aad308db0e5d,SELL,MARKET,13.0,610.5338,0,0.0,All risk checks passed
2025-11-07 18:23:00+00:00,FILLED,000ffb73-257d-4d4e-946e-aad308db0e5d,SELL,MARKET,13.0,610.5338,13.0,610.5338,
2025-11-07 18:24:00+00:00,RISK_PASS,4c2844bb-ac08-4753-b6cc-252f493cd84a,BUY,MARKET,13,611.0336,0,0.0,All risk checks passed
2025-11-07 18:24:00+00:00,FILLED,4c2844bb-ac08-4753-b6cc-252f493cd84a,BUY,MARKET,13,611.0336,13,611.0336,
2025-11-07 18:25:00+00:00,RISK_PASS,a8922ac2-738c-4a69-b506-4e80bc2b97cf,SELL,MARKET,13.0,611.5001,0,0.0,All risk checks passed
2025-11-07 18:25:00+00:00,FILLED,a8922ac2-738c-4a69-b506-4e80bc2b97cf,SELL,MARKET,13.0,611.5001,13.0,611.5001,
2025-11-07 18:26:00+00:00,RISK_PASS,58e7f76e-ec9f-4b39-9cec-9d7097153826,BUY,MARKET,13,612.23,0,0.0,All risk checks passed
2025-11-07 18:26:00+00:00,FILLED,58e7f76e-ec9f-4b39-9cec-9d7097153826,BUY,MARKET,13,612.23,13,612.23,
2025-11-07 18:27:00+00:00,RISK_PASS,591dc670-cceb-4e96-af8a-159999055aa0,SELL,MARKET,13.0,612.41,0,0.0,All risk checks passed
2025-11-07 18:27:00+00:00,FILLED,591dc670-cceb-4e96-af8a-159999055aa0,SELL,MARKET,13.0,612.41,13.0,612.41,
2025-11-07 18:28:00+00:00,RISK_PASS,5c642d1f-15a3-4398-bea0-9cf4902248b8,BUY,MARKET,13,612.89,0,0.0,All risk checks passed
2025-11-07 18:28:00+00:00,FILLED,5c642d1f-15a3-4398-bea0-9cf4902248b8,BUY,MARKET,13,612.89,13,612.89,
2025-11-07 18:29:00+00:00,RISK_PASS,42069858-6909-4aa8-9979-7ecb90d9aa51,SELL,MARKET,13.0,612.8027,0,0.0,All risk checks passed
2025-11-07 18:29:00+00:00,FILLED,42069858-6909-4aa8-9979-7ecb90d9aa51,SELL,MARKET,13.0,612.8027,13.0,612.8027,
2025-11-07 18:30:00+00:00,RISK_PASS,5317e12a-133f-405b-9db3-1ac9259ac665,BUY,MARKET,13,612.5,0,0.0,All risk checks passed
2025-11-07 18:30:00+00:00,FILLED,5317e12a-133f-405b-9db3-1ac9259ac665,BUY,MARKET,13,612.5,13,612.5,
2025-11-07 18:31:00+00:00,RISK_PASS,55a1eb6c-f840-4d6d-944f-f0fe3da39fda,SELL,MARKET,13.0,612.03,0,0.0,All risk checks passed
2025-11-07 18:31:00+00:00,FILLED,55a1eb6c-f840-4d6d-944f-f0fe3da39fda,SELL,MARKET,13.0,612.03,13.0,612.03,
2025-11-07 18:32:00+00:00,RISK_PASS,22fb1934-0bfd-4a91-a57e-30d7ccc2fb99,BUY,MARKET,13,612.8581,0,0.0,All risk checks passed
2025-11-07 18:32:00+00:00,FILLED,22fb1934-0bfd-4a91-a57e-30d7ccc2fb99,BUY,MARKET,13,612.8581,13,612.8581,
2025-11-07 18:33:00+00:00,RISK_PASS,f81fdc2d-a221-4d15-8aac-4bc6890aaf87,SELL,MARKET,13.0,612.6,0,0.0,All risk checks passed
2025-11-07 18:33:00+00:00,FILLED,f81fdc2d-a221-4d15-8aac-4bc6890aaf87,SELL,MARKET,13.0,612.6,13.0,612.6,
2025-11-07 18:34:00+00:00,RISK_PASS,e19ab4f5-5d89-4569-bcea-ed435ac5accd,BUY,MARKET,13,612.4,0,0.0,All risk checks passed
2025-11-07 18:34:00+00:00,FILLED,e19ab4f5-5d89-4569-bcea-ed435ac5accd,BUY,MARKET,13,612.4,13,612.4,
2025-11-07 18:39:00+00:00,RISK_PASS,a6d77e3e-8b36-49d3-a8b6-fba676d1f3aa,SELL,MARKET,13.0,614.295,0,0.0,All risk checks passed
2025-11-07 18:39:00+00:00,FILLED,a6d77e3e-8b36-49d3-a8b6-fba676d1f3aa,SELL,MARKET,13.0,614.295,13.0,614.295,
2025-11-07 18:40:00+00:00,RISK_PASS,4303e082-2ddb-4ce0-9fde-723cad0556bd,BUY,MARKET,19,614.2351,0,0.0,All risk checks passed
2025-11-07 18:40:00+00:00,FILLED,4303e082-2ddb-4ce0-9fde-723cad0556bd,BUY,MARKET,19,614.2351,19,614.2351,
2025-11-07 19:07:00+00:00,RISK_PASS,f6269444-6b16-455f-ab4d-235726eb3c45,SELL,MARKET,19.0,614.27,0,0.0,All risk checks passed
2025-11-07 19:07:00+00:00,FILLED,f6269444-6b16-455f-ab4d-235726eb3c45,SELL,MARKET,19.0,614.27,19.0,614.27,
2025-11-07 19:08:00+00:00,RISK_PASS,bd674646-181f-4ba9-baeb-e924716cb1d4,BUY,MARKET,12,614.4,0,0.0,All risk checks passed
2025-11-07 19:08:00+00:00,FILLED,bd674646-181f-4ba9-baeb-e924716cb1d4,BUY,MARKET,12,614.4,12,614.4,
2025-11-07 19:09:00+00:00,RISK_PASS,90a0c16d-49e9-4544-b4df-b6dba652d431,BUY,MARKET,1,614.135,0,0.0,All risk checks passed
2025-11-07 19:09:00+00:00,FILLED,90a0c16d-49e9-4544-b4df-b6dba652d431,BUY,MARKET,1,614.135,1,614.135,
2025-11-07 19:30:00+00:00,RISK_PASS,38ce7124-e6f5-4fa6-95f9-420ad339a2c8,SELL,MARKET,13.0,615.35,0,0.0,All risk checks passed
2025-11-07 19:30:00+00:00,REJECTED,38ce7124-e6f5-4fa6-95f9-420ad339a2c8,SELL,MARKET,13.0,615.35,0,0.0,Random engine rejection
2025-11-07 19:33:00+00:00,RISK_PASS,2031afb7-67a3-418e-8068-c30c5066a945,SELL,MARKET,13.0,615.85,0,0.0,All risk checks passed
2025-11-07 19:33:00+00:00,FILLED,2031afb7-67a3-418e-8068-c30c5066a945,SELL,MARKET,13.0,615.85,13.0,615.85,
2025-11-07 19:34:00+00:00,RISK_PASS,fe1b9de9-67ad-4e14-9f7e-200e3048a688,BUY,MARKET,12,615.6339,0,0.0,All risk checks passed
2025-11-07 19:34:00+00:00,FILLED,fe1b9de9-67ad-4e14-9f7e-200e3048a688,BUY,MARKET,12,615.6339,12,615.6339,
2025-11-07 19:35:00+00:00,RISK_PASS,3209b773-afce-48e3-8905-c212d92e2131,SELL,MARKET,12.0,615.85,0,0.0,All risk checks passed
2025-11-07 19:35:00+00:00,FILLED,3209b773-afce-48e3-8905-c212d92e2131,SELL,MARKET,12.0,615.85,12.0,615.85,
2025-11-07 19:36:00+00:00,RISK_PASS,576a51a9-5643-449d-b07f-ec8c46bc318e,BUY,MARKET,12,615.845,0,0.0,All risk checks passed
2025-11-07 19:36:00+00:00,FILLED,576a51a9-5643-449d-b07f-ec8c46bc318e,BUY,MARKET,12,615.845,12,615.845,
2025-11-07 19:37:00+00:00,RISK_PASS,3407fb2b-cd4d-4186-8730-0b4e07bd28c0,SELL,MARKET,12.0,615.82,0,0.0,All risk checks passed
2025-11-07 19:37:00+00:00,FILLED,3407fb2b-cd4d-4186-8730-0b4e07bd28c0,SELL,MARKET,12.0,615.82,12.0,615.82,
2025-11-07 19:38:00+00:00,RISK_PASS,b9ae0c11-84a9-4a52-9c5c-566ea49a34b8,BUY,MARKET,12,616.275,0,0.0,All risk checks passed
2025-11-07 19:38:00+00:00,FILLED,b9ae0c11-84a9-4a52-9c5c-566ea49a34b8,BUY,MARKET,12,616.275,12,616.275,
2025-11-07 19:39:00+00:00,RISK_PASS,1b2468a0-651f-4ed5-a15a-a60ee4e985b7,SELL,MARKET,12.0,616.53,0,0.0,All risk checks passed
2025-11-07 19:39:00+00:00,FILLED,1b2468a0-651f-4ed5-a15a-a60ee4e985b7,SELL,MARKET,12.0,616.53,12.0,616.53,
2025-11-07 19:40:00+00:00,RISK_PASS,da26ccfa-9d55-4019-9007-c34f4efa36f1,BUY,MARKET,12,617.07,0,0.0,All risk checks passed
2025-11-07 19:40:00+00:00,FILLED,da26ccfa-9d55-4019-9007-c34f4efa36f1,BUY,MARKET,12,617.07,12,617.07,
2025-11-07 19:41:00+00:00,RISK_PASS,69380060-17ce-4857-b064-ba9bfbe9751d,SELL,MARKET,12.0,616.7743,0,0.0,All risk checks passed
2025-11-07 19:41:00+00:00,FILLED,69380060-17ce-4857-b064-ba9bfbe9751d,SELL,MARKET,12.0,616.7743,12.0,616.7743,
2025-11-07 19:42:00+00:00,RISK_PASS,4be78254-ca74-4163-9fd6-9431e0d05875,BUY,MARKET,12,617.0868,0,0.0,All risk checks passed
2025-11-07 19:42:00+00:00,FILLED,4be78254-ca74-4163-9fd6-9431e0d05875,BUY,MARKET,12,617.0868,12,617.0868,
2025-11-07 19:43:00+00:00,RISK_PASS,8677c50d-29b0-4706-ab9c-b3d57b1ff5ab,SELL,MARKET,12.0,617.44,0,0.0,All risk checks passed
2025-11-07 19:43:00+00:00,FILLED,8677c50d-29b0-4706-ab9c-b3d57b1ff5ab,SELL,MARKET,12.0,617.44,12.0,617.44,
2025-11-07 19:44:00+00:00,RISK_PASS,d1d28c55-e948-47bc-98af-b0113ea42fb1,BUY,MARKET,12,617.94,0,0.0,All risk checks passed
2025-11-07 19:44:00+00:00,REJECTED,d1d28c55-e948-47bc-98af-b0113ea42fb1,BUY,MARKET,12,617.94,0,0.0,Random engine rejection
2025-11-07 19:45:00+00:00,RISK_PASS,f13f0096-1b5a-4688-894f-256ab642510e,BUY,MARKET,12,617.425,0,0.0,All risk checks passed
2025-11-07 19:45:00+00:00,FILLED,f13f0096-1b5a-4688-894f-256ab642510e,BUY,MARKET,12,617.425,12,617.425,
2025-11-07 19:59:00+00:00,RISK_PASS,f4a6487c-e944-4261-aafe-c99bcecea894,BUY,MARKET,7,619.465,0,0.0,All risk checks passed
2025-11-07 19:59:00+00:00,FILLED,f4a6487c-e944-4261-aafe-c99bcecea894,BUY,MARKET,7,619.465,7,619.465,
2025-11-07 20:03:00+00:00,RISK_PASS,3e06cdc2-5d62-455b-90d4-c096bef75e07,SELL,MARKET,19.0,619.3,0,0.0,All risk checks passed
2025-11-07 20:03:00+00:00,FILLED,3e06cdc2-5d62-455b-90d4-c096bef75e07,SELL,MARKET,19.0,619.3,19.0,619.3,
2025-11-07 20:04:00+00:00,RISK_PASS,ecfb9231-183d-4001-b004-692d2b9002a0,BUY,MARKET,12,619.0601,0,0.0,All risk checks passed
2025-11-07 20:04:00+00:00,FILLED,ecfb9231-183d-4001-b004-692d2b9002a0,BUY,MARKET,12,619.0601,12,619.0601,
2025-11-07 20:23:00+00:00,RISK_PASS,95f9ba55-338e-4400-8898-795f5b7c370b,BUY,MARKET,7,617.88,0,0.0,All risk checks passed
2025-11-07 20:23:00+00:00,FILLED,95f9ba55-338e-4400-8898-795f5b7c370b,BUY,MARKET,7,617.88,7,617.88,
2025-11-07 20:24:00+00:00,RISK_PASS,f24d82b9-fd97-49c2-875b-31666fdb64d8,SELL,MARKET,19.0,617.94,0,0.0,All risk checks passed
2025-11-07 20:24:00+00:00,FILLED,f24d82b9-fd97-49c2-875b-31666fdb64d8,SELL,MARKET,19.0,617.94,19.0,617.94,
2025-11-07 20:25:00+00:00,RISK_PASS,ef868acb-7f56-4600-b023-bff7d552cb8f,BUY,MARKET,16,617.3701,0,0.0,All risk checks passed
2025-11-07 20:25:00+00:00,FILLED,ef868acb-7f56-4600-b023-bff7d552cb8f,BUY,MARKET,16,617.3701,16,617.3701,
2025-11-07 20:26:00+00:00,RISK_PASS,63d315ce-bbfb-43c0-8619-a9f7d2e1e700,SELL,MARKET,16.0,617.71,0,0.0,All risk checks passed
2025-11-07 20:26:00+00:00,FILLED,63d315ce-bbfb-43c0-8619-a9f7d2e1e700,SELL,MARKET,16.0,617.71,13,617.71,
2025-11-07 20:27:00+00:00,RISK_PASS,9ec60dbd-5550-4a03-92ba-bc093d371477,SELL,MARKET,3.0,618.44,0,0.0,All risk checks passed
2025-11-07 20:27:00+00:00,FILLED,9ec60dbd-5550-4a03-92ba-bc093d371477,SELL,MARKET,3.0,618.44,3.0,618.44,
2025-11-07 20:33:00+00:00,RISK_PASS,9327bf56-dfb6-4bfa-9e1b-2b8464fd1144,BUY,MARKET,12,618.29,0,0.0,All risk checks passed
2025-11-07 20:33:00+00:00,FILLED,9327bf56-dfb6-4bfa-9e1b-2b8464fd1144,BUY,MARKET,12,618.29,12,618.29,
2025-11-07 20:40:00+00:00,RISK_PASS,07f2113a-5954-464c-9bdf-53a8d9343c7b,SELL,MARKET,12.0,618.7801,0,0.0,All risk checks passed
2025-11-07 20:40:00+00:00,FILLED,07f2113a-5954-464c-9bdf-53a8d9343c7b,SELL,MARKET,12.0,618.7801,12.0,618.7801,
2025-11-07 20:44:00+00:00,RISK_PASS,7733bb04-c526-4953-9a4c-d70e06fa0927,BUY,MARKET,12,619.66,0,0.0,All risk checks passed
2025-11-07 20:44:00+00:00,FILLED,7733bb04-c526-4953-9a4c-d70e06fa0927,BUY,MARKET,12,619.66,12,619.66,
2025-11-07 21:01:00+00:00,RISK_PASS,ceb90604-5ee8-4b4b-8f3e-f040582eac66,SELL,MARKET,12.0,622.62,0,0.0,All risk checks passed
2025-11-07 21:01:00+00:00,FILLED,ceb90604-5ee8-4b4b-8f3e-f040582eac66,SELL,MARKET,12.0,622.62,12.0,622.62,
2025-11-07 21:02:00+00:00,RISK_PASS,87a779b6-68f9-4c95-81f5-02090c6294a3,BUY,MARKET,12,622.76,0,0.0,All risk checks passed
2025-11-07 21:02:00+00:00,FILLED,87a779b6-68f9-4c95-81f5-02090c6294a3,BUY,MARKET,12,622.76,3,622.76,
2025-11-07 21:03:00+00:00,RISK_PASS,fe159b64-3c43-43d6-81cd-64777763a0ba,BUY,MARKET,9,622.5,0,0.0,All risk checks passed
2025-11-07 21:03:00+00:00,RISK_PASS,e8d1dbb6-0ba7-406d-b462-9ab25141c3fb,SELL,MARKET,3.0,622.5,0,0.0,All risk checks passed
2025-11-07 21:03:00+00:00,FILLED,fe159b64-3c43-43d6-81cd-64777763a0ba,BUY,MARKET,9,622.5,9,622.5,
2025-11-07 21:03:00+00:00,FILLED,e8d1dbb6-0ba7-406d-b462-9ab25141c3fb,SELL,MARKET,3.0,622.5,1,622.5,
2025-11-07 21:04:00+00:00,RISK_PASS,10d8ffe0-a9a4-4443-a673-cb88b0f9909c,BUY,MARKET,1,622.81,0,0.0,All risk checks passed
2025-11-07 21:04:00+00:00,RISK_PASS,e7f46378-c876-40ac-bb90-6df9847fac9c,SELL,MARKET,11.0,622.81,0,0.0,All risk checks passed
2025-11-07 21:04:00+00:00,FILLED,10d8ffe0-a9a4-4443-a673-cb88b0f9909c,BUY,MARKET,1,622.81,1,622.81,
2025-11-07 21:04:00+00:00,FILLED,e7f46378-c876-40ac-bb90-6df9847fac9c,SELL,MARKET,11.0,622.81,11.0,622.81,
2025-11-07 21:05:00+00:00,RISK_PASS,154deed2-d3e2-4bb6-9c2f-4158a0b8b503,BUY,MARKET,11,622.2301,0,0.0,All risk checks passed
2025-11-07 21:05:00+00:00,FILLED,154deed2-d3e2-4bb6-9c2f-4158a0b8b503,BUY,MARKET,11,622.2301,11,622.2301,
2025-11-07 21:07:00+00:00,RISK_PASS,268f1afd-6a52-4d3f-ac22-b1857df95d74,SELL,MARKET,12.0,623.42,0,0.0,All risk checks passed
2025-11-07 21:07:00+00:00,FILLED,268f1afd-6a52-4d3f-ac22-b1857df95d74,SELL,MARKET,12.0,623.42,12.0,623.42,
2025-11-07 21:08:00+00:00,RISK_PASS,6d14ba5f-2671-4387-9f8e-79f2290272f0,BUY,MARKET,12,623.48,0,0.0,All risk checks passed
2025-11-07 21:08:00+00:00,FILLED,6d14ba5f-2671-4387-9f8e-79f2290272f0,BUY,MARKET,12,623.48,12,623.48,
2025-11-07 21:09:00+00:00,RISK_PASS,0736db5d-5eeb-4ff1-aa57-91c8ba3a29fb,SELL,MARKET,12.0,623.26,0,0.0,All risk checks passed
2025-11-07 21:09:00+00:00,FILLED,0736db5d-5eeb-4ff1-aa57-91c8ba3a29fb,SELL,MARKET,12.0,623.26,12.0,623.26,
2025-11-07 21:10:00+00:00,RISK_PASS,13eb75c6-9c9c-4aee-ba52-c6efcd743116,BUY,MARKET,12,623.35,0,0.0,All risk checks passed
2025-11-07 21:10:00+00:00,FILLED,13eb75c6-9c9c-4aee-ba52-c6efcd743116,BUY,MARKET,12,623.35,12,623.35,
2025-11-07 21:11:00+00:00,RISK_PASS,3484604e-2890-4cee-aea9-765c6f98ae5d,SELL,MARKET,12.0,623.6,0,0.0,All risk checks passed
2025-11-07 21:11:00+00:00,FILLED,3484604e-2890-4cee-aea9-765c6f98ae5d,SELL,MARKET,12.0,623.6,12.0,623.6,
2025-11-07 21:12:00+00:00,RISK_PASS,114d351c-afdd-4fcd-a4d8-48245b00ea0c,BUY,MARKET,12,623.5,0,0.0,All risk checks passed
2025-11-07 21:12:00+00:00,FILLED,114d351c-afdd-4fcd-a4d8-48245b00ea0c,BUY,MARKET,12,623.5,12,623.5,
2025-11-07 21:13:00+00:00,RISK_PASS,267c1208-fa33-4103-a023-92290b108023,SELL,MARKET,12.0,623.5045,0,0.0,All risk checks passed
2025-11-07 21:13:00+00:00,FILLED,267c1208-fa33-4103-a023-92290b108023,SELL,MARKET,12.0,623.5045,2,623.5045,
2025-11-07 21:14:00+00:00,RISK_PASS,8df66852-f3aa-4146-ae92-a231e909afe8,BUY,MARKET,2,623.5,0,0.0,All risk checks passed
2025-11-07 21:14:00+00:00,RISK_PASS,8d1c002c-b64e-4998-a432-6b249305f131,SELL,MARKET,10.0,623.5,0,0.0,All risk checks passed
2025-11-07 21:14:00+00:00,REJECTED,8df66852-f3aa-4146-ae92-a231e909afe8,BUY,MARKET,2,623.5,0,0.0,Random engine rejection
2025-11-07 21:14:00+00:00,FILLED,8d1c002c-b64e-4998-a432-6b249305f131,SELL,MARKET,10.0,623.5,10.0,623.5,
2025-11-07 21:15:00+00:00,RISK_PASS,7c48bf70-c69a-4674-a4b6-1f37350006dd,BUY,MARKET,12,623.45,0,0.0,All risk checks passed
2025-11-07 21:15:00+00:00,FILLED,7c48bf70-c69a-4674-a4b6-1f37350006dd,BUY,MARKET,12,623.45,12,623.45,
2025-11-07 21:18:00+00:00,RISK_PASS,bc603597-330b-469d-a8db-c018a13d67dc,BUY,MARKET,7,623.69,0,0.0,All risk checks passed
2025-11-07 21:18:00+00:00,FILLED,bc603597-330b-469d-a8db-c018a13d67dc,BUY,MARKET,7,623.69,7,623.69,
2025-11-07 21:19:00+00:00,RISK_PASS,99e7baf8-71aa-4973-93d4-92fb5268fd1b,SELL,MARKET,19.0,623.5,0,0.0,All risk checks passed
2025-11-07 21:19:00+00:00,FILLED,99e7baf8-71aa-4973-93d4-92fb5268fd1b,SELL,MARKET,19.0,623.5,19.0,623.5,
2025-11-07 21:20:00+00:00,RISK_PASS,bfce7ed5-4fd1-47e2-b2b1-144b873e7b19,BUY,MARKET,19,623.63,0,0.0,All risk checks passed
2025-11-07 21:20:00+00:00,FILLED,bfce7ed5-4fd1-47e2-b2b1-144b873e7b19,BUY,MARKET,19,623.63,19,623.63,
2025-11-07 21:56:00+00:00,RISK_PASS,25798384-15c2-4b2a-a337-bb3b1911f9ca,SELL,MARKET,19.0,623.76,0,0.0,All risk checks passed
2025-11-07 21:56:00+00:00,FILLED,25798384-15c2-4b2a-a337-bb3b1911f9ca,SELL,MARKET,19.0,623.76,19.0,623.76,
2025-11-07 21:57:00+00:00,RISK_PASS,68acfa64-38a5-42d8-a24e-9f09afd54a2f,BUY,MARKET,12,623.68,0,0.0,All risk checks passed
2025-11-07 21:57:00+00:00,FILLED,68acfa64-38a5-42d8-a24e-9f09afd54a2f,BUY,MARKET,12,623.68,12,623.68,
2025-11-07 22:07:00+00:00,RISK_PASS,e38d5f7f-4860-4878-b193-f7d02515b10e,SELL,MARKET,12.0,624.38,0,0.0,All risk checks passed
2025-11-07 22:07:00+00:00,FILLED,e38d5f7f-4860-4878-b193-f7d02515b10e,SELL,MARKET,12.0,624.38,12.0,624.38,
2025-11-07 22:08:00+00:00,RISK_PASS,86cf60f7-80b0-44bb-b901-a08e4770e07e,BUY,MARKET,12,624.43,0,0.0,All risk checks passed
2025-11-07 22:08:00+00:00,FILLED,86cf60f7-80b0-44bb-b901-a08e4770e07e,BUY,MARKET,12,624.43,12,624.43,
2025-11-07 22:09:00+00:00,RISK_PASS,4ab95a26-ae1f-4a98-ac24-3632162fd9fa,SELL,MARKET,12.0,624.4,0,0.0,All risk checks passed
2025-11-07 22:09:00+00:00,FILLED,4ab95a26-ae1f-4a98-ac24-3632162fd9fa,SELL,MARKET,12.0,624.4,12.0,624.4,
2025-11-07 22:10:00+00:00,RISK_PASS,89e6efc2-3ea6-4c8e-a8f5-c205b9a05e56,BUY,MARKET,12,624.45,0,0.0,All risk checks passed
2025-11-07 22:10:00+00:00,FILLED,89e6efc2-3ea6-4c8e-a8f5-c205b9a05e56,BUY,MARKET,12,624.45,12,624.45,
2025-11-07 22:11:00+00:00,RISK_PASS,955315b0-5436-4b95-893c-f89699532e10,SELL,MARKET,12.0,624.47,0,0.0,All risk checks passed
2025-11-07 22:11:00+00:00,FILLED,955315b0-5436-4b95-893c-f89699532e10,SELL,MARKET,12.0,624.47,12.0,624.47,
2025-11-07 22:12:00+00:00,RISK_PASS,60190570-bfc4-4464-80f7-0868bce3d033,BUY,MARKET,12,624.25,0,0.0,All risk checks passed
2025-11-07 22:12:00+00:00,FILLED,60190570-bfc4-4464-80f7-0868bce3d033,BUY,MARKET,12,624.25,6,624.25,
2025-11-07 22:13:00+00:00,RISK_PASS,29f30ec1-f5d8-40d4-8659-9aedbf54e840,BUY,MARKET,6,624.4,0,0.0,All risk checks passed
2025-11-07 22:13:00+00:00,RISK_PASS,62a0c40c-2c88-4ea9-af9b-ceb9d6a017ef,SELL,MARKET,6.0,624.4,0,0.0,All risk checks passed
2025-11-07 22:13:00+00:00,FILLED,29f30ec1-f5d8-40d4-8659-9aedbf54e840,BUY,MARKET,6,624.4,6,624.4,
2025-11-07 22:13:00+00:00,FILLED,62a0c40c-2c88-4ea9-af9b-ceb9d6a017ef,SELL,MARKET,6.0,624.4,6.0,624.4,
2025-11-07 22:14:00+00:00,RISK_PASS,bb4a314e-15f2-4878-96c2-15c9e0ccb0e8,BUY,MARKET,6,624.38,0,0.0,All risk checks passed
2025-11-07 22:14:00+00:00,RISK_PASS,b83eae61-f6f9-4ef0-9f1e-cab338c34292,SELL,MARKET,6.0,624.38,0,0.0,All risk checks passed
2025-11-07 22:14:00+00:00,FILLED,bb4a314e-15f2-4878-96c2-15c9e0ccb0e8,BUY,MARKET,6,624.38,6,624.38,
2025-11-07 22:14:00+00:00,FILLED,b83eae61-f6f9-4ef0-9f1e-cab338c34292,SELL,MARKET,6.0,624.38,6.0,624.38,
2025-11-07 22:16:00+00:00,RISK_PASS,f7e33a6b-217a-412f-b1e9-1fd4dfa695d1,BUY,MARKET,6,624.47,0,0.0,All risk checks passed
2025-11-07 22:16:00+00:00,RISK_PASS,43979679-88c5-40d3-b0cf-bfe25bf81f7c,SELL,MARKET,6.0,624.47,0,0.0,All risk checks passed
2025-11-07 22:16:00+00:00,FILLED,f7e33a6b-217a-412f-b1e9-1fd4dfa695d1,BUY,MARKET,6,624.47,6,624.47,
2025-11-07 22:16:00+00:00,FILLED,43979679-88c5-40d3-b0cf-bfe25bf81f7c,SELL,MARKET,6.0,624.47,6.0,624.47,
2025-11-07 22:17:00+00:00,RISK_PASS,75c71863-6b36-4979-a700-6ea5ab510744,BUY,MARKET,6,624.33,0,0.0,All risk checks passed
2025-11-07 22:17:00+00:00,FILLED,75c71863-6b36-4979-a700-6ea5ab510744,BUY,MARKET,6,624.33,6,624.33,
2025-11-07 22:18:00+00:00,RISK_PASS,4fcf070f-412d-439f-b2b3-3fa955bad27a,SELL,MARKET,12.0,624.43,0,0.0,All risk checks passed
2025-11-07 22:18:00+00:00,FILLED,4fcf070f-412d-439f-b2b3-3fa955bad27a,SELL,MARKET,12.0,624.43,12.0,624.43,
2025-11-07 22:19:00+00:00,RISK_PASS,f3d360a3-999e-40d5-874a-a2f0637bb726,BUY,MARKET,12,624.26,0,0.0,All risk checks passed
2025-11-07 22:19:00+00:00,FILLED,f3d360a3-999e-40d5-874a-a2f0637bb726,BUY,MARKET,12,624.26,12,624.26,
2025-11-07 22:31:00+00:00,RISK_PASS,d625bf45-10d5-4637-987b-9a230ea22913,SELL,MARKET,12.0,625.35,0,0.0,All risk checks passed
2025-11-07 22:31:00+00:00,FILLED,d625bf45-10d5-4637-987b-9a230ea22913,SELL,MARKET,12.0,625.35,12.0,625.35,
2025-11-07 22:32:00+00:00,RISK_PASS,dd90fc05-00d8-4679-b0bf-85b064dc5b88,BUY,MARKET,12,625.46,0,0.0,All risk checks passed
2025-11-07 22:32:00+00:00,FILLED,dd90fc05-00d8-4679-b0bf-85b064dc5b88,BUY,MARKET,12,625.46,12,625.46,
2025-11-07 22:33:00+00:00,RISK_PASS,d7f18017-e395-40fb-98ff-735bcd335009,SELL,MARKET,12.0,625.3852,0,0.0,All risk checks passed
2025-11-07 22:33:00+00:00,FILLED,d7f18017-e395-40fb-98ff-735bcd335009,SELL,MARKET,12.0,625.3852,12.0,625.3852,
2025-11-07 22:34:00+00:00,RISK_PASS,cbea819e-3a52-489f-a89a-9fd109fadd8e,BUY,MARKET,12,625.35,0,0.0,All risk checks passed
2025-11-07 22:34:00+00:00,FILLED,cbea819e-3a52-489f-a89a-9fd109fadd8e,BUY,MARKET,12,625.35,12,625.35,
2025-11-07 22:38:00+00:00,RISK_PASS,11041c1d-f474-4b4d-8db8-f2dc655ada41,SELL,MARKET,12.0,625.2,0,0.0,All risk checks passed
2025-11-07 22:38:00+00:00,FILLED,11041c1d-f474-4b4d-8db8-f2dc655ada41,SELL,MARKET,12.0,625.2,12.0,625.2,
2025-11-07 22:39:00+00:00,RISK_PASS,752f41b7-c882-48b3-be4f-e9b518e518c7,BUY,MARKET,12,625.2,0,0.0,All risk checks passed
2025-11-07 22:39:00+00:00,FILLED,752f41b7-c882-48b3-be4f-e9b518e518c7,BUY,MARKET,12,625.2,12,625.2,
2025-11-07 22:40:00+00:00,RISK_PASS,28a1fd08-d29c-4dad-bb6b-334210f9bdd0,SELL,MARKET,12.0,625.25,0,0.0,All risk checks passed
2025-11-07 22:40:00+00:00,FILLED,28a1fd08-d29c-4dad-bb6b-334210f9bdd0,SELL,MARKET,12.0,625.25,12.0,625.25,
2025-11-07 22:42:00+00:00,RISK_PASS,ff35ea4c-7c52-4e09-90c8-0fc62047d79b,BUY,MARKET,12,625.25,0,0.0,All risk checks passed
2025-11-07 22:42:00+00:00,FILLED,ff35ea4c-7c52-4e09-90c8-0fc62047d79b,BUY,MARKET,12,625.25,12,625.25,
2025-11-07 22:50:00+00:00,RISK_PASS,ec6000e4-b82b-4bf0-8d09-998d877cabf9,SELL,MARKET,12.0,625.4791,0,0.0,All risk checks passed
2025-11-07 22:50:00+00:00,FILLED,ec6000e4-b82b-4bf0-8d09-998d877cabf9,SELL,MARKET,12.0,625.4791,12.0,625.4791,
2025-11-07 22:51:00+00:00,RISK_PASS,c194d3d4-6c71-43c8-a60c-e095048128cc,BUY,MARKET,12,625.55,0,0.0,All risk checks passed
2025-11-07 22:51:00+00:00,FILLED,c194d3d4-6c71-43c8-a60c-e095048128cc,BUY,MARKET,12,625.55,12,625.55,
2025-11-07 23:09:00+00:00,RISK_PASS,257e8afc-444b-41cb-8228-b08e5c1f31f8,SELL,MARKET,12.0,624.51,0,0.0,All risk checks passed
2025-11-07 23:09:00+00:00,FILLED,257e8afc-444b-41cb-8228-b08e5c1f31f8,SELL,MARKET,12.0,624.51,12.0,624.51,
2025-11-07 23:27:00+00:00,RISK_PASS,0311d36d-2af4-47ba-aa92-c4883aae3834,BUY,MARKET,12,625.2299,0,0.0,All risk checks passed
2025-11-07 23:27:00+00:00,FILLED,0311d36d-2af4-47ba-aa92-c4883aae3834,BUY,MARKET,12,625.2299,12,625.2299,
2025-11-07 23:28:00+00:00,RISK_PASS,78b5ef89-778f-4b77-a30e-d66156b132c7,SELL,MARKET,12.0,625.35,0,0.0,All risk checks passed
2025-11-07 23:28:00+00:00,FILLED,78b5ef89-778f-4b77-a30e-d66156b132c7,SELL,MARKET,12.0,625.35,12.0,625.35,
2025-11-07 23:30:00+00:00,RISK_PASS,286088b4-5783-4f6c-825b-5fce4b9b4e7e,BUY,MARKET,12,625.1,0,0.0,All risk checks passed
2025-11-07 23:30:00+00:00,FILLED,286088b4-5783-4f6c-825b-5fce4b9b4e7e,BUY,MARKET,12,625.1,12,625.1,
2025-11-07 23:40:00+00:00,RISK_PASS,eee7f8d3-05d9-45ac-8637-edd1d2a735b8,SELL,MARKET,12.0,624.99,0,0.0,All risk checks passed
2025-11-07 23:40:00+00:00,FILLED,eee7f8d3-05d9-45ac-8637-edd1d2a735b8,SELL,MARKET,12.0,624.99,12.0,624.99,
2025-11-07 23:42:00+00:00,RISK_PASS,a7d513bf-6017-4a3a-892c-2f207ec0acd8,BUY,MARKET,12,625.1424,0,0.0,All risk checks passed
2025-11-07 23:42:00+00:00,FILLED,a7d513bf-6017-4a3a-892c-2f207ec0acd8,BUY,MARKET,12,625.1424,12,625.1424,
2025-11-08 00:08:00+00:00,RISK_PASS,0ecba779-95ac-4093-91da-1ba244f3b72c,SELL,MARKET,12.0,624.88,0,0.0,All risk checks passed
2025-11-08 00:08:00+00:00,FILLED,0ecba779-95ac-4093-91da-1ba244f3b72c,SELL,MARKET,12.0,624.88,12.0,624.88,
2025-11-08 00:22:00+00:00,RISK_PASS,146aa640-25bd-4e06-8c2b-5d2276973397,BUY,MARKET,12,625.28,0,0.0,All risk checks passed
2025-11-08 00:22:00+00:00,REJECTED,146aa640-25bd-4e06-8c2b-5d2276973397,BUY,MARKET,12,625.28,0,0.0,Random engine rejection
2025-11-08 00:23:00+00:00,RISK_PASS,b199b9b5-3036-4b06-a800-95e2247acf75,BUY,MARKET,12,625.24,0,0.0,All risk checks passed
2025-11-08 00:23:00+00:00,FILLED,b199b9b5-3036-4b06-a800-95e2247acf75,BUY,MARKET,12,625.24,12,625.24,
2025-11-08 00:25:00+00:00,RISK_PASS,f1ffae03-e4e2-42c1-81e6-8b9fe076927d,SELL,MARKET,12.0,625.4001,0,0.0,All risk checks passed
2025-11-08 00:25:00+00:00,FILLED,f1ffae03-e4e2-42c1-81e6-8b9fe076927d,SELL,MARKET,12.0,625.4001,12.0,625.4001,
2025-11-08 00:26:00+00:00,RISK_PASS,390efa96-0603-4da0-9209-a4b814e0a8b2,BUY,MARKET,12,625.4,0,0.0,All risk checks passed
2025-11-08 00:26:00+00:00,FILLED,390efa96-0603-4da0-9209-a4b814e0a8b2,BUY,MARKET,12,625.4,12,625.4,
2025-11-08 00:30:00+00:00,RISK_PASS,3fa9efa7-0376-4d62-86ac-7d33b537736c,SELL,MARKET,12.0,625.44,0,0.0,All risk checks passed
2025-11-08 00:30:00+00:00,FILLED,3fa9efa7-0376-4d62-86ac-7d33b537736c,SELL,MARKET,12.0,625.44,12.0,625.44,
2025-11-08 00:31:00+00:00,RISK_PASS,cd7bc79d-950c-47aa-b374-8db2362ff1a9,BUY,MARKET,12,625.39,0,0.0,All risk checks passed
2025-11-08 00:31:00+00:00,FILLED,cd7bc79d-950c-47aa-b374-8db2362ff1a9,BUY,MARKET,12,625.39,12,625.39,
2025-11-08 00:35:00+00:00,RISK_PASS,d1ad697a-2290-471b-958d-b9cc3759b82d,SELL,MARKET,12.0,625.6099,0,0.0,All risk checks passed
2025-11-08 00:35:00+00:00,REJECTED,d1ad697a-2290-471b-958d-b9cc3759b82d,SELL,MARKET,12.0,625.6099,0,0.0,Random engine rejection
2025-11-08 00:36:00+00:00,RISK_PASS,7ee07f80-c5fd-40c4-8c27-62691dd21f21,SELL,MARKET,12.0,625.61,0,0.0,All risk checks passed
2025-11-08 00:36:00+00:00,FILLED,7ee07f80-c5fd-40c4-8c27-62691dd21f21,SELL,MARKET,12.0,625.61,12.0,625.61,
2025-11-08 00:37:00+00:00,RISK_PASS,ec922c4e-f8a2-41dd-8e62-d63f8184a4ab,BUY,MARKET,12,625.56,0,0.0,All risk checks passed
2025-11-08 00:37:00+00:00,FILLED,ec922c4e-f8a2-41dd-8e62-d63f8184a4ab,BUY,MARKET,12,625.56,12,625.56,
2025-11-10 09:00:00+00:00,RISK_PASS,7ed3f9eb-adfb-416a-a3f5-44b6140d7d75,BUY,MARKET,6,633.84,0,0.0,All risk checks passed
2025-11-10 09:00:00+00:00,RISK_PASS,4e75c985-f693-45bb-b39d-6587cebdea6f,SELL,MARKET,12.0,633.84,0,0.0,All risk checks passed
2025-11-10 09:00:00+00:00,FILLED,7ed3f9eb-adfb-416a-a3f5-44b6140d7d75,BUY,MARKET,6,633.84,4,633.84,
2025-11-10 09:00:00+00:00,REJECTED,4e75c985-f693-45bb-b39d-6587cebdea6f,SELL,MARKET,12.0,633.84,0,0.0,Random engine rejection
2025-11-10 09:01:00+00:00,RISK_PASS,b07923f3-3a69-4e43-8c72-2d0486a2136c,BUY,MARKET,2,634.25,0,0.0,All risk checks passed
2025-11-10 09:01:00+00:00,RISK_PASS,3112ceed-4bb8-4a2d-b235-904444da12db,SELL,MARKET,16.0,634.25,0,0.0,All risk checks passed
2025-11-10 09:01:00+00:00,FILLED,b07923f3-3a69-4e43-8c72-2d0486a2136c,BUY,MARKET,2,634.25,2,634.25,
2025-11-10 09:01:00+00:00,FILLED,3112ceed-4bb8-4a2d-b235-904444da12db,SELL,MARKET,16.0,634.25,16.0,634.25,
2025-11-10 09:02:00+00:00,RISK_PASS,37e2f13c-8b8e-4aea-9f17-b6718a494f0c,BUY,MARKET,16,634.03,0,0.0,All risk checks passed
2025-11-10 09:02:00+00:00,RISK_PASS,f4991a95-7a6a-4cc4-a8cc-b175fac0b1de,SELL,MARKET,2.0,634.03,0,0.0,All risk checks passed
2025-11-10 09:02:00+00:00,FILLED,37e2f13c-8b8e-4aea-9f17-b6718a494f0c,BUY,MARKET,16,634.03,16,634.03,
2025-11-10 09:02:00+00:00,FILLED,f4991a95-7a6a-4cc4-a8cc-b175fac0b1de,SELL,MARKET,2.0,634.03,2.0,634.03,
2025-11-10 09:03:00+00:00,RISK_PASS,31e1ca46-a505-433d-b842-4312e8dd6c21,BUY,MARKET,2,634.55,0,0.0,All risk checks passed
2025-11-10 09:03:00+00:00,RISK_PASS,d69471b3-a360-40a5-a169-0cadced75c4f,SELL,MARKET,16.0,634.55,0,0.0,All risk checks passed
2025-11-10 09:03:00+00:00,FILLED,31e1ca46-a505-433d-b842-4312e8dd6c21,BUY,MARKET,2,634.55,2,634.55,
2025-11-10 09:03:00+00:00,FILLED,d69471b3-a360-40a5-a169-0cadced75c4f,SELL,MARKET,16.0,634.55,16.0,634.55,
2025-11-10 09:04:00+00:00,RISK_PASS,4666199d-5935-41d5-9aee-f1992211bb63,BUY,MARKET,16,633.57,0,0.0,All risk checks passed
2025-11-10 09:04:00+00:00,RISK_PASS,b9c9061f-b5f8-4d5f-85a2-5e67b01548bc,SELL,MARKET,2.0,633.57,0,0.0,All risk checks passed
2025-11-10 09:04:00+00:00,FILLED,4666199d-5935-41d5-9aee-f1992211bb63,BUY,MARKET,16,633.57,16,633.57,
2025-11-10 09:04:00+00:00,FILLED,b9c9061f-b5f8-4d5f-85a2-5e67b01548bc,SELL,MARKET,2.0,633.57,2.0,633.57,
2025-11-10 09:05:00+00:00,RISK_PASS,488d5ad4-9280-45b0-b6a2-21b192d9adf5,BUY,MARKET,2,634.34,0,0.0,All risk checks passed
2025-11-10 09:05:00+00:00,RISK_PASS,bf3ac835-30d2-4789-9624-00ac5df7c019,SELL,MARKET,16.0,634.34,0,0.0,All risk checks passed
2025-11-10 09:05:00+00:00,FILLED,488d5ad4-9280-45b0-b6a2-21b192d9adf5,BUY,MARKET,2,634.34,2,634.34,
2025-11-10 09:05:00+00:00,FILLED,bf3ac835-30d2-4789-9624-00ac5df7c019,SELL,MARKET,16.0,634.34,16.0,634.34,
2025-11-10 09:07:00+00:00,RISK_PASS,05aa32fe-3220-496d-b66e-bcb5ac18b0eb,BUY,MARKET,16,633.57,0,0.0,All risk checks passed
2025-11-10 09:07:00+00:00,RISK_PASS,970815fe-b14b-4771-8718-d2b2cfbca835,SELL,MARKET,2.0,633.57,0,0.0,All risk checks passed
2025-11-10 09:07:00+00:00,FILLED,05aa32fe-3220-496d-b66e-bcb5ac18b0eb,BUY,MARKET,16,633.57,16,633.57,
2025-11-10 09:07:00+00:00,FILLED,970815fe-b14b-4771-8718-d2b2cfbca835,SELL,MARKET,2.0,633.57,2.0,633.57,
2025-11-10 09:08:00+00:00,RISK_PASS,5549903b-1c28-4776-8f59-d513606b6edf,BUY,MARKET,2,633.57,0,0.0,All risk checks passed
2025-11-10 09:08:00+00:00,RISK_PASS,cf0d0218-1750-4469-94fc-e003b37e9512,SELL,MARKET,16.0,633.57,0,0.0,All risk checks passed
2025-11-10 09:08:00+00:00,FILLED,5549903b-1c28-4776-8f59-d513606b6edf,BUY,MARKET,2,633.57,1,633.57,
2025-11-10 09:08:00+00:00,FILLED,cf0d0218-1750-4469-94fc-e003b37e9512,SELL,MARKET,16.0,633.57,16.0,633.57,
2025-11-10 09:09:00+00:00,RISK_PASS,0777d086-6a88-420d-b60e-eb9e0257fb55,BUY,MARKET,17,633.88,0,0.0,All risk checks passed
2025-11-10 09:09:00+00:00,RISK_PASS,c65d74f5-e2b3-4ef4-a3f0-7a24bd876386,SELL,MARKET,1.0,633.88,0,0.0,All risk checks passed
2025-11-10 09:09:00+00:00,FILLED,0777d086-6a88-420d-b60e-eb9e0257fb55,BUY,MARKET,17,633.88,17,633.88,
2025-11-10 09:09:00+00:00,FILLED,c65d74f5-e2b3-4ef4-a3f0-7a24bd876386,SELL,MARKET,1.0,633.88,1.0,633.88,
2025-11-10 09:10:00+00:00,RISK_PASS,aa81ed4f-3863-4f25-925f-118a5e073b39,BUY,MARKET,1,633.86,0,0.0,All risk checks passed
2025-11-10 09:10:00+00:00,RISK_PASS,fd6d9f82-fb73-4687-baa3-fd6cd0bd01dc,SELL,MARKET,17.0,633.86,0,0.0,All risk checks passed
2025-11-10 09:10:00+00:00,FILLED,aa81ed4f-3863-4f25-925f-118a5e073b39,BUY,MARKET,1,633.86,1,633.86,
2025-11-10 09:10:00+00:00,FILLED,fd6d9f82-fb73-4687-baa3-fd6cd0bd01dc,SELL,MARKET,17.0,633.86,17.0,633.86,
2025-11-10 09:11:00+00:00,RISK_PASS,52de2653-6310-4577-bf73-ceef1ecbe211,BUY,MARKET,17,633.79,0,0.0,All risk checks passed
2025-11-10 09:11:00+00:00,RISK_PASS,fe6a5485-64d0-4544-ae3e-e9a50eb1f7be,SELL,MARKET,1.0,633.79,0,0.0,All risk checks passed
2025-11-10 09:11:00+00:00,FILLED,52de2653-6310-4577-bf73-ceef1ecbe211,BUY,MARKET,17,633.79,17,633.79,
2025-11-10 09:11:00+00:00,FILLED,fe6a5485-64d0-4544-ae3e-e9a50eb1f7be,SELL,MARKET,1.0,633.79,1.0,633.79,
2025-11-10 09:12:00+00:00,RISK_PASS,79f2e964-5236-4088-aebf-fe08f6f751dd,BUY,MARKET,1,634.04,0,0.0,All risk checks passed
2025-11-10 09:12:00+00:00,RISK_PASS,8db6dbae-2a3e-4c92-8152-1814ac3dcc74,SELL,MARKET,17.0,634.04,0,0.0,All risk checks passed
2025-11-10 09:12:00+00:00,FILLED,79f2e964-5236-4088-aebf-fe08f6f751dd,BUY,MARKET,1,634.04,1,634.04,
2025-11-10 09:12:00+00:00,FILLED,8db6dbae-2a3e-4c92-8152-1814ac3dcc74,SELL,MARKET,17.0,634.04,17.0,634.04,
2025-11-10 09:13:00+00:00,RISK_PASS,bfa6ea22-9328-4e4c-8d37-402909eb0a72,BUY,MARKET,17,634.02,0,0.0,All risk checks passed
2025-11-10 09:13:00+00:00,RISK_PASS,a55fd632-1d62-4174-89a4-1cbeca4d2cd4,SELL,MARKET,1.0,634.02,0,0.0,All risk checks passed
2025-11-10 09:13:00+00:00,FILLED,bfa6ea22-9328-4e4c-8d37-402909eb0a72,BUY,MARKET,17,634.02,17,634.02,
2025-11-10 09:13:00+00:00,FILLED,a55fd632-1d62-4174-89a4-1cbeca4d2cd4,SELL,MARKET,1.0,634.02,1.0,634.02,
2025-11-10 09:14:00+00:00,RISK_PASS,72f8e155-bc85-47b6-9594-eb310157b604,BUY,MARKET,1,634.02,0,0.0,All risk checks passed
2025-11-10 09:14:00+00:00,RISK_PASS,4c48d02e-044d-4a3f-bb29-03b6a9561af1,SELL,MARKET,17.0,634.02,0,0.0,All risk checks passed
2025-11-10 09:14:00+00:00,FILLED,72f8e155-bc85-47b6-9594-eb310157b604,BUY,MARKET,1,634.02,1,634.02,
2025-11-10 09:14:00+00:00,FILLED,4c48d02e-044d-4a3f-bb29-03b6a9561af1,SELL,MARKET,17.0,634.02,17.0,634.02,
2025-11-10 09:15:00+00:00,RISK_PASS,df2d507e-6526-49df-abbe-534cb9b048d4,BUY,MARKET,17,634.0,0,0.0,All risk checks passed
2025-11-10 09:15:00+00:00,FILLED,df2d507e-6526-49df-abbe-534cb9b048d4,BUY,MARKET,17,634.0,17,634.0,
2025-11-10 09:31:00+00:00,RISK_PASS,ef4460e2-7a91-408d-a1e9-035ce06e60a3,BUY,MARKET,7,632.68,0,0.0,All risk checks passed
2025-11-10 09:31:00+00:00,FILLED,ef4460e2-7a91-408d-a1e9-035ce06e60a3,BUY,MARKET,7,632.68,7,632.68,
2025-11-10 09:49:00+00:00,RISK_PASS,9119cadc-7ade-4eb0-bb86-343bbcb09249,SELL,MARKET,25.0,634.3,0,0.0,All risk checks passed
2025-11-10 09:49:00+00:00,FILLED,9119cadc-7ade-4eb0-bb86-343bbcb09249,SELL,MARKET,25.0,634.3,25.0,634.3,
2025-11-10 09:51:00+00:00,RISK_PASS,260ab1a6-5569-4235-aa0d-1a9e58393238,BUY,MARKET,18,634.18,0,0.0,All risk checks passed
2025-11-10 09:51:00+00:00,FILLED,260ab1a6-5569-4235-aa0d-1a9e58393238,BUY,MARKET,18,634.18,18,634.18,
2025-11-10 10:36:00+00:00,RISK_PASS,0907f657-9686-4bb4-ba99-7501e5897c93,SELL,MARKET,18.0,634.7,0,0.0,All risk checks passed
2025-11-10 10:36:00+00:00,FILLED,0907f657-9686-4bb4-ba99-7501e5897c93,SELL,MARKET,18.0,634.7,18.0,634.7,
2025-11-10 10:38:00+00:00,RISK_PASS,09c0ddd9-d7d7-412b-a5ac-5390478da10a,BUY,MARKET,12,634.4,0,0.0,All risk checks passed
2025-11-10 10:38:00+00:00,FILLED,09c0ddd9-d7d7-412b-a5ac-5390478da10a,BUY,MARKET,12,634.4,12,634.4,
2025-11-10 10:56:00+00:00,RISK_PASS,8612716d-17e6-4553-ae82-dcf8e23e1ad4,SELL,MARKET,12.0,634.22,0,0.0,All risk checks passed
2025-11-10 10:56:00+00:00,FILLED,8612716d-17e6-4553-ae82-dcf8e23e1ad4,SELL,MARKET,12.0,634.22,12.0,634.22,
2025-11-10 11:14:00+00:00,RISK_PASS,d7497dac-d661-41c9-bdce-b06fb8a9d4ad,BUY,MARKET,15,633.2,0,0.0,All risk checks passed
2025-11-10 11:14:00+00:00,FILLED,d7497dac-d661-41c9-bdce-b06fb8a9d4ad,BUY,MARKET,15,633.2,15,633.2,
2025-11-10 11:15:00+00:00,RISK_PASS,063c3853-c9aa-400a-96cf-08eba3d5fa05,SELL,MARKET,15.0,633.28,0,0.0,All risk checks passed
2025-11-10 11:15:00+00:00,FILLED,063c3853-c9aa-400a-96cf-08eba3d5fa05,SELL,MARKET,15.0,633.28,15.0,633.28,
2025-11-10 11:20:00+00:00,RISK_PASS,993ad2f7-3807-4024-8bce-17ae2f9da3fd,BUY,MARKET,15,633.3,0,0.0,All risk checks passed
2025-11-10 11:20:00+00:00,FILLED,993ad2f7-3807-4024-8bce-17ae2f9da3fd,BUY,MARKET,15,633.3,15,633.3,
2025-11-10 11:21:00+00:00,RISK_PASS,f86ece72-9c00-483e-84d0-47c4e45ec043,SELL,MARKET,15.0,633.89,0,0.0,All risk checks passed
2025-11-10 11:21:00+00:00,FILLED,f86ece72-9c00-483e-84d0-47c4e45ec043,SELL,MARKET,15.0,633.89,15.0,633.89,
2025-11-10 11:45:00+00:00,RISK_PASS,0243e500-4517-4fe4-93fa-e0c55a897d43,BUY,MARKET,12,634.01,0,0.0,All risk checks passed
2025-11-10 11:45:00+00:00,FILLED,0243e500-4517-4fe4-93fa-e0c55a897d43,BUY,MARKET,12,634.01,12,634.01,
2025-11-10 11:46:00+00:00,RISK_PASS,d33f01b8-3387-4f2e-bb4e-20355e7dc591,SELL,MARKET,12.0,634.43,0,0.0,All risk checks passed
2025-11-10 11:46:00+00:00,FILLED,d33f01b8-3387-4f2e-bb4e-20355e7dc591,SELL,MARKET,12.0,634.43,12.0,634.43,
2025-11-10 11:47:00+00:00,RISK_PASS,0de51c14-e7e0-4553-bcc4-cf4514381cc9,BUY,MARKET,12,634.16,0,0.0,All risk checks passed
2025-11-10 11:47:00+00:00,FILLED,0de51c14-e7e0-4553-bcc4-cf4514381cc9,BUY,MARKET,12,634.16,12,634.16,
2025-11-10 12:01:00+00:00,RISK_PASS,c9303e24-1e06-45c1-85bc-1e4106383165,SELL,MARKET,12.0,633.1,0,0.0,All risk checks passed
2025-11-10 12:01:00+00:00,FILLED,c9303e24-1e06-45c1-85bc-1e4106383165,SELL,MARKET,12.0,633.1,12.0,633.1,
2025-11-10 12:02:00+00:00,RISK_PASS,125d14c5-f215-4cc3-bbb0-2b2b16c7c19f,BUY,MARKET,15,632.88,0,0.0,All risk checks passed
2025-11-10 12:02:00+00:00,FILLED,125d14c5-f215-4cc3-bbb0-2b2b16c7c19f,BUY,MARKET,15,632.88,15,632.88,
2025-11-10 12:03:00+00:00,RISK_PASS,513a85e4-f1f5-4cd0-b61d-a31ea2f8b889,SELL,MARKET,15.0,632.75,0,0.0,All risk checks passed
2025-11-10 12:03:00+00:00,FILLED,513a85e4-f1f5-4cd0-b61d-a31ea2f8b889,SELL,MARKET,15.0,632.75,15.0,632.75,
2025-11-10 12:04:00+00:00,RISK_PASS,7da1c876-2925-44bd-b0c5-f8e8a2b61268,BUY,MARKET,15,632.6,0,0.0,All risk checks passed
2025-11-10 12:04:00+00:00,FILLED,7da1c876-2925-44bd-b0c5-f8e8a2b61268,BUY,MARKET,15,632.6,15,632.6,
2025-11-10 12:05:00+00:00,RISK_PASS,f6cd552d-3efc-4327-baff-c8ff1f7b4a62,SELL,MARKET,15.0,632.5,0,0.0,All risk checks passed
2025-11-10 12:05:00+00:00,FILLED,f6cd552d-3efc-4327-baff-c8ff1f7b4a62,SELL,MARKET,15.0,632.5,15.0,632.5,
2025-11-10 12:06:00+00:00,RISK_PASS,99c2325f-961e-4aab-bd4d-025ebb495531,BUY,MARKET,15,632.5,0,0.0,All risk checks passed
2025-11-10 12:06:00+00:00,FILLED,99c2325f-961e-4aab-bd4d-025ebb495531,BUY,MARKET,15,632.5,15,632.5,
2025-11-10 12:07:00+00:00,RISK_PASS,d7f9e521-79fd-44ee-988c-75f80b1da058,SELL,MARKET,15.0,632.25,0,0.0,All risk checks passed
2025-11-10 12:07:00+00:00,FILLED,d7f9e521-79fd-44ee-988c-75f80b1da058,SELL,MARKET,15.0,632.25,15.0,632.25,
2025-11-10 12:08:00+00:00,RISK_PASS,fddae7c0-7df2-4735-b59e-303f41553590,BUY,MARKET,15,632.45,0,0.0,All risk checks passed
2025-11-10 12:08:00+00:00,FILLED,fddae7c0-7df2-4735-b59e-303f41553590,BUY,MARKET,15,632.45,15,632.45,
2025-11-10 12:09:00+00:00,RISK_PASS,e2dc8152-34b4-429f-ba6a-604710111ea2,SELL,MARKET,15.0,632.26,0,0.0,All risk checks passed
2025-11-10 12:09:00+00:00,FILLED,e2dc8152-34b4-429f-ba6a-604710111ea2,SELL,MARKET,15.0,632.26,15.0,632.26,
2025-11-10 12:10:00+00:00,RISK_PASS,3e21bebb-e574-4244-baa0-654b6e44579c,BUY,MARKET,15,632.2,0,0.0,All risk checks passed
2025-11-10 12:10:00+00:00,FILLED,3e21bebb-e574-4244-baa0-654b6e44579c,BUY,MARKET,15,632.2,15,632.2,
2025-11-10 12:11:00+00:00,RISK_PASS,1da77c13-1eac-49aa-82b3-04ccaa38ce72,SELL,MARKET,15.0,632.17,0,0.0,All risk checks passed
2025-11-10 12:11:00+00:00,REJECTED,1da77c13-1eac-49aa-82b3-04ccaa38ce72,SELL,MARKET,15.0,632.17,0,0.0,Random engine rejection
2025-11-10 12:12:00+00:00,RISK_PASS,7a63cd4b-ada5-4873-b956-43e5de7a7072,SELL,MARKET,15.0,631.97,0,0.0,All risk checks passed
2025-11-10 12:12:00+00:00,FILLED,7a63cd4b-ada5-4873-b956-43e5de7a7072,SELL,MARKET,15.0,631.97,15.0,631.97,
2025-11-10 12:13:00+00:00,RISK_PASS,23815813-9e5e-4c95-a885-4d6f352eacbc,BUY,MARKET,15,631.2,0,0.0,All risk checks passed
2025-11-10 12:13:00+00:00,FILLED,23815813-9e5e-4c95-a885-4d6f352eacbc,BUY,MARKET,15,631.2,15,631.2,
2025-11-10 12:14:00+00:00,RISK_PASS,2e3dd729-cf5b-4827-8cdb-21c917741b82,SELL,MARKET,15.0,630.5,0,0.0,All risk checks passed
2025-11-10 12:14:00+00:00,FILLED,2e3dd729-cf5b-4827-8cdb-21c917741b82,SELL,MARKET,15.0,630.5,6,630.5,
2025-11-10 12:15:00+00:00,RISK_PASS,d882664e-fa01-4a47-9a8f-b420f4d945d8,BUY,MARKET,6,629.9,0,0.0,All risk checks passed
2025-11-10 12:15:00+00:00,RISK_PASS,0b57c04f-8f0a-41ee-9ab6-fc00e46834d5,SELL,MARKET,9.0,629.9,0,0.0,All risk checks passed
2025-11-10 12:15:00+00:00,FILLED,d882664e-fa01-4a47-9a8f-b420f4d945d8,BUY,MARKET,6,629.9,6,629.9,
2025-11-10 12:15:00+00:00,FILLED,0b57c04f-8f0a-41ee-9ab6-fc00e46834d5,SELL,MARKET,9.0,629.9,9.0,629.9,
2025-11-10 12:16:00+00:00,RISK_PASS,c5da06b9-4b8d-4ea2-8559-40b361dd09a9,BUY,MARKET,9,629.37,0,0.0,All risk checks passed
2025-11-10 12:16:00+00:00,RISK_PASS,504cd3c6-7db9-4a86-a6af-6aefbc7d6b9c,SELL,MARKET,6.0,629.37,0,0.0,All risk checks passed
2025-11-10 12:16:00+00:00,FILLED,c5da06b9-4b8d-4ea2-8559-40b361dd09a9,BUY,MARKET,9,629.37,9,629.37,
2025-11-10 12:16:00+00:00,REJECTED,504cd3c6-7db9-4a86-a6af-6aefbc7d6b9c,SELL,MARKET,6.0,629.37,0,0.0,Random engine rejection
2025-11-10 12:17:00+00:00,RISK_PASS,fbb5d0d2-93ae-4db7-a3ea-8dc64a0a9da0,SELL,MARKET,15.0,629.0,0,0.0,All risk checks passed
2025-11-10 12:17:00+00:00,FILLED,fbb5d0d2-93ae-4db7-a3ea-8dc64a0a9da0,SELL,MARKET,15.0,629.0,15.0,629.0,
2025-11-10 12:18:00+00:00,RISK_PASS,40d5daef-8ef5-4b0b-a5c0-8423540b0e4b,BUY,MARKET,15,628.8,0,0.0,All risk checks passed
2025-11-10 12:18:00+00:00,FILLED,40d5daef-8ef5-4b0b-a5c0-8423540b0e4b,BUY,MARKET,15,628.8,8,628.8,
2025-11-10 12:19:00+00:00,RISK_PASS,d73fb218-cef8-4391-a835-aa68d4dde617,BUY,MARKET,7,629.69,0,0.0,All risk checks passed
2025-11-10 12:19:00+00:00,RISK_PASS,1c56d0e8-7bc7-4389-a7be-28ce28ceb12e,SELL,MARKET,8.0,629.69,0,0.0,All risk checks passed
2025-11-10 12:19:00+00:00,FILLED,d73fb218-cef8-4391-a835-aa68d4dde617,BUY,MARKET,7,629.69,7,629.69,
2025-11-10 12:19:00+00:00,FILLED,1c56d0e8-7bc7-4389-a7be-28ce28ceb12e,SELL,MARKET,8.0,629.69,8.0,629.69,
2025-11-10 12:20:00+00:00,RISK_PASS,13a710ee-5684-4b07-a30c-d0ad55fab265,SELL,MARKET,7.0,630.61,0,0.0,All risk checks passed
2025-11-10 12:20:00+00:00,FILLED,13a710ee-5684-4b07-a30c-d0ad55fab265,SELL,MARKET,7.0,630.61,7.0,630.61,
2025-11-10 13:01:00+00:00,RISK_PASS,5c013290-f3a1-4af0-810a-712c7ec2af82,BUY,MARKET,12,630.36,0,0.0,All risk checks passed
2025-11-10 13:01:00+00:00,FILLED,5c013290-f3a1-4af0-810a-712c7ec2af82,BUY,MARKET,12,630.36,12,630.36,
2025-11-10 13:04:00+00:00,RISK_PASS,3a287f7b-a2b6-4296-ae17-1db16cdaeca2,SELL,MARKET,12.0,630.3,0,0.0,All risk checks passed
2025-11-10 13:04:00+00:00,FILLED,3a287f7b-a2b6-4296-ae17-1db16cdaeca2,SELL,MARKET,12.0,630.3,12.0,630.3,
2025-11-10 13:06:00+00:00,RISK_PASS,58ec96ab-cfc3-4b4a-92b4-3b2f9e064a83,BUY,MARKET,12,630.5,0,0.0,All risk checks passed
2025-11-10 13:06:00+00:00,FILLED,58ec96ab-cfc3-4b4a-92b4-3b2f9e064a83,BUY,MARKET,12,630.5,12,630.5,
2025-11-10 13:10:00+00:00,RISK_PASS,ffea22f0-8aca-4af9-a234-cb6cd8d4b394,SELL,MARKET,12.0,630.17,0,0.0,All risk checks passed
2025-11-10 13:10:00+00:00,FILLED,ffea22f0-8aca-4af9-a234-cb6cd8d4b394,SELL,MARKET,12.0,630.17,12.0,630.17,
2025-11-10 13:21:00+00:00,RISK_PASS,94b900c1-26c0-41fc-ab7d-8e69852afd91,BUY,MARKET,15,629.4893,0,0.0,All risk checks passed
2025-11-10 13:21:00+00:00,FILLED,94b900c1-26c0-41fc-ab7d-8e69852afd91,BUY,MARKET,15,629.4893,15,629.4893,
2025-11-10 13:22:00+00:00,RISK_PASS,5914d1e6-810a-4fa0-84c4-de7ea53093b2,SELL,MARKET,15.0,629.43,0,0.0,All risk checks passed
2025-11-10 13:22:00+00:00,FILLED,5914d1e6-810a-4fa0-84c4-de7ea53093b2,SELL,MARKET,15.0,629.43,6,629.43,
2025-11-10 13:23:00+00:00,RISK_PASS,4b9a7ef4-b626-4006-8029-e2eb74a965c4,SELL,MARKET,9.0,629.7,0,0.0,All risk checks passed
2025-11-10 13:23:00+00:00,FILLED,4b9a7ef4-b626-4006-8029-e2eb74a965c4,SELL,MARKET,9.0,629.7,9.0,629.7,
2025-11-10 13:33:00+00:00,RISK_PASS,4c12be12-588a-40ce-8434-2c277c175ca0,BUY,MARKET,12,631.15,0,0.0,All risk checks passed
2025-11-10 13:33:00+00:00,FILLED,4c12be12-588a-40ce-8434-2c277c175ca0,BUY,MARKET,12,631.15,12,631.15,
2025-11-10 13:34:00+00:00,RISK_PASS,417706d7-1a42-439f-8ade-c92ff4b1deac,SELL,MARKET,12.0,631.07,0,0.0,All risk checks passed
2025-11-10 13:34:00+00:00,FILLED,417706d7-1a42-439f-8ade-c92ff4b1deac,SELL,MARKET,12.0,631.07,12.0,631.07,
2025-11-10 13:35:00+00:00,RISK_PASS,23c050c2-79ea-4f22-8e12-b985e10457f1,BUY,MARKET,12,631.27,0,0.0,All risk checks passed
2025-11-10 13:35:00+00:00,FILLED,23c050c2-79ea-4f22-8e12-b985e10457f1,BUY,MARKET,12,631.27,12,631.27,
2025-11-10 13:36:00+00:00,RISK_PASS,bcf00235-37ae-47d5-815a-7dcf0af6f3f8,SELL,MARKET,12.0,631.1846,0,0.0,All risk checks passed
2025-11-10 13:36:00+00:00,FILLED,bcf00235-37ae-47d5-815a-7dcf0af6f3f8,SELL,MARKET,12.0,631.1846,12.0,631.1846,
2025-11-10 13:37:00+00:00,RISK_PASS,03f02843-453d-49c1-9f12-c158ab0bcfe8,BUY,MARKET,12,630.9999,0,0.0,All risk checks passed
2025-11-10 13:37:00+00:00,REJECTED,03f02843-453d-49c1-9f12-c158ab0bcfe8,BUY,MARKET,12,630.9999,0,0.0,Random engine rejection
2025-11-10 13:38:00+00:00,RISK_PASS,d8d5a2d1-0aad-4503-a01a-31e8d611cd43,BUY,MARKET,12,630.91,0,0.0,All risk checks passed
2025-11-10 13:38:00+00:00,FILLED,d8d5a2d1-0aad-4503-a01a-31e8d611cd43,BUY,MARKET,12,630.91,12,630.91,
2025-11-10 13:49:00+00:00,RISK_PASS,a1f53d75-0f4a-4d4b-a0f8-3ccabbf31b19,BUY,MARKET,7,630.3,0,0.0,All risk checks passed
2025-11-10 13:49:00+00:00,FILLED,a1f53d75-0f4a-4d4b-a0f8-3ccabbf31b19,BUY,MARKET,7,630.3,7,630.3,
2025-11-10 13:55:00+00:00,RISK_PASS,b8863220-98a5-45ca-98f2-e178be3570b1,SELL,MARKET,19.0,631.24,0,0.0,All risk checks passed
2025-11-10 13:55:00+00:00,FILLED,b8863220-98a5-45ca-98f2-e178be3570b1,SELL,MARKET,19.0,631.24,19.0,631.24,
2025-11-10 13:56:00+00:00,RISK_PASS,f3b6624d-d7c3-4c65-b510-9f4489f5dd2c,BUY,MARKET,12,631.74,0,0.0,All risk checks passed
2025-11-10 13:56:00+00:00,FILLED,f3b6624d-d7c3-4c65-b510-9f4489f5dd2c,BUY,MARKET,12,631.74,12,631.74,
2025-11-10 13:57:00+00:00,RISK_PASS,631257ce-d5bc-4d03-98e4-a9187baea086,SELL,MARKET,12.0,631.96,0,0.0,All risk checks passed
2025-11-10 13:57:00+00:00,FILLED,631257ce-d5bc-4d03-98e4-a9187baea086,SELL,MARKET,12.0,631.96,12.0,631.96,
2025-11-10 13:58:00+00:00,RISK_PASS,a6184d37-5997-409f-9db5-9784f8426c0a,BUY,MARKET,12,631.74,0,0.0,All risk checks passed
2025-11-10 13:58:00+00:00,FILLED,a6184d37-5997-409f-9db5-9784f8426c0a,BUY,MARKET,12,631.74,12,631.74,
2025-11-10 13:59:00+00:00,RISK_PASS,9948fdb1-e316-4a3e-a9a5-5027c46df59f,SELL,MARKET,12.0,631.95,0,0.0,All risk checks passed
2025-11-10 13:59:00+00:00,FILLED,9948fdb1-e316-4a3e-a9a5-5027c46df59f,SELL,MARKET,12.0,631.95,12.0,631.95,
2025-11-10 14:00:00+00:00,RISK_PASS,65099c86-94be-4a42-bf78-ab18683d3e9d,BUY,MARKET,12,631.8367,0,0.0,All risk checks passed
2025-11-10 14:00:00+00:00,FILLED,65099c86-94be-4a42-bf78-ab18683d3e9d,BUY,MARKET,12,631.8367,12,631.8367,
2025-11-10 14:01:00+00:00,RISK_PASS,f0e4b324-a95f-4b87-9cb2-66db9d1611c0,SELL,MARKET,12.0,631.55,0,0.0,All risk checks passed
2025-11-10 14:01:00+00:00,FILLED,f0e4b324-a95f-4b87-9cb2-66db9d1611c0,SELL,MARKET,12.0,631.55,12.0,631.55,
2025-11-10 14:02:00+00:00,RISK_PASS,f5f86db2-61c0-4896-a014-cbb2ed1ed627,BUY,MARKET,12,631.15,0,0.0,All risk checks passed
2025-11-10 14:02:00+00:00,FILLED,f5f86db2-61c0-4896-a014-cbb2ed1ed627,BUY,MARKET,12,631.15,12,631.15,
2025-11-10 14:20:00+00:00,RISK_PASS,87c01337-eafa-4b0d-9a8a-d3ade5334143,SELL,MARKET,12.0,632.1,0,0.0,All risk checks passed
2025-11-10 14:20:00+00:00,FILLED,87c01337-eafa-4b0d-9a8a-d3ade5334143,SELL,MARKET,12.0,632.1,12.0,632.1,
2025-11-10 14:21:00+00:00,RISK_PASS,de5ad720-24f4-45e1-9ddf-ab6e7ccc051a,BUY,MARKET,12,632.24,0,0.0,All risk checks passed
2025-11-10 14:21:00+00:00,FILLED,de5ad720-24f4-45e1-9ddf-ab6e7ccc051a,BUY,MARKET,12,632.24,12,632.24,
2025-11-10 14:22:00+00:00,RISK_PASS,c725b2e7-9e0c-4772-914e-0e4c1950dc62,SELL,MARKET,12.0,631.88,0,0.0,All risk checks passed
2025-11-10 14:22:00+00:00,FILLED,c725b2e7-9e0c-4772-914e-0e4c1950dc62,SELL,MARKET,12.0,631.88,12.0,631.88,
2025-11-10 14:23:00+00:00,RISK_PASS,c736df9b-ce26-4857-9597-bb881d1ec0f3,BUY,MARKET,12,632.17,0,0.0,All risk checks passed
2025-11-10 14:23:00+00:00,FILLED,c736df9b-ce26-4857-9597-bb881d1ec0f3,BUY,MARKET,12,632.17,2,632.17,
2025-11-10 14:24:00+00:00,RISK_PASS,d27ce91f-a5ca-4a66-a240-20c1d24e8dd1,BUY,MARKET,10,632.21,0,0.0,All risk checks passed
2025-11-10 14:24:00+00:00,FILLED,d27ce91f-a5ca-4a66-a240-20c1d24e8dd1,BUY,MARKET,10,632.21,10,632.21,
2025-11-10 14:25:00+00:00,RISK_PASS,034f5345-32ec-404a-a788-273f0e5c107e,SELL,MARKET,12.0,633.7,0,0.0,All risk checks passed
2025-11-10 14:25:00+00:00,FILLED,034f5345-32ec-404a-a788-273f0e5c107e,SELL,MARKET,12.0,633.7,12.0,633.7,
2025-11-10 14:26:00+00:00,RISK_PASS,5471f621-6993-4571-b584-23eb181f6677,BUY,MARKET,12,633.54,0,0.0,All risk checks passed
2025-11-10 14:26:00+00:00,FILLED,5471f621-6993-4571-b584-23eb181f6677,BUY,MARKET,12,633.54,12,633.54,
2025-11-10 14:32:00+00:00,RISK_PASS,21b49500-714e-4594-804f-ed4c4d9de11d,BUY,MARKET,7,627.04,0,0.0,All risk checks passed
2025-11-10 14:32:00+00:00,FILLED,21b49500-714e-4594-804f-ed4c4d9de11d,BUY,MARKET,7,627.04,7,627.04,
2025-11-10 14:33:00+00:00,RISK_PASS,c2d81b6f-45ca-41f6-9e6a-9488c1061d7f,SELL,MARKET,19.0,627.25,0,0.0,All risk checks passed
2025-11-10 14:33:00+00:00,FILLED,c2d81b6f-45ca-41f6-9e6a-9488c1061d7f,SELL,MARKET,19.0,627.25,19.0,627.25,
2025-11-10 14:34:00+00:00,RISK_PASS,ab519e30-39d7-481d-ab8e-8852b13c5af8,BUY,MARKET,15,625.46,0,0.0,All risk checks passed
2025-11-10 14:34:00+00:00,FILLED,ab519e30-39d7-481d-ab8e-8852b13c5af8,BUY,MARKET,15,625.46,15,625.46,
2025-11-10 14:35:00+00:00,RISK_PASS,e00fc1c9-3e83-46c1-989d-fb30205c1c78,SELL,MARKET,15.0,624.97,0,0.0,All risk checks passed
2025-11-10 14:35:00+00:00,FILLED,e00fc1c9-3e83-46c1-989d-fb30205c1c78,SELL,MARKET,15.0,624.97,15.0,624.97,
2025-11-10 14:36:00+00:00,RISK_PASS,0d819080-bc59-4036-8ede-a6b1d8b34c6b,BUY,MARKET,16,624.09,0,0.0,All risk checks passed
2025-11-10 14:36:00+00:00,FILLED,0d819080-bc59-4036-8ede-a6b1d8b34c6b,BUY,MARKET,16,624.09,16,624.09,
2025-11-10 14:37:00+00:00,RISK_PASS,2985014e-d457-4b02-bb43-deabd5d7a5af,SELL,MARKET,16.0,625.5,0,0.0,All risk checks passed
2025-11-10 14:37:00+00:00,FILLED,2985014e-d457-4b02-bb43-deabd5d7a5af,SELL,MARKET,16.0,625.5,16.0,625.5,
2025-11-10 14:54:00+00:00,RISK_PASS,93299ec8-2e13-405c-863e-00fcbb730a92,BUY,MARKET,12,630.715,0,0.0,All risk checks passed
2025-11-10 14:54:00+00:00,FILLED,93299ec8-2e13-405c-863e-00fcbb730a92,BUY,MARKET,12,630.715,12,630.715,
2025-11-10 15:04:00+00:00,RISK_PASS,7d28d3ee-3211-4754-ab29-f320f2d281ac,SELL,MARKET,12.0,633.14,0,0.0,All risk checks passed
2025-11-10 15:04:00+00:00,FILLED,7d28d3ee-3211-4754-ab29-f320f2d281ac,SELL,MARKET,12.0,633.14,12.0,633.14,
2025-11-10 15:05:00+00:00,RISK_PASS,d63240a9-164a-4ac9-9e86-069921c588a2,BUY,MARKET,12,633.28,0,0.0,All risk checks passed
2025-11-10 15:05:00+00:00,REJECTED,d63240a9-164a-4ac9-9e86-069921c588a2,BUY,MARKET,12,633.28,0,0.0,Random engine rejection
2025-11-10 15:06:00+00:00,RISK_PASS,36069331-f1bc-450f-afba-cf74da4ecf95,BUY,MARKET,12,633.41,0,0.0,All risk checks passed
2025-11-10 15:06:00+00:00,FILLED,36069331-f1bc-450f-afba-cf74da4ecf95,BUY,MARKET,12,633.41,12,633.41,
2025-11-10 15:07:00+00:00,RISK_PASS,38bfdc6a-cc38-402f-85d6-eab0b391e1ed,SELL,MARKET,12.0,633.6835,0,0.0,All risk checks passed
2025-11-10 15:07:00+00:00,FILLED,38bfdc6a-cc38-402f-85d6-eab0b391e1ed,SELL,MARKET,12.0,633.6835,12.0,633.6835,
2025-11-10 15:08:00+00:00,RISK_PASS,70ace3c2-95c1-4a9d-b219-c7a733fe8d4f,BUY,MARKET,12,634.255,0,0.0,All risk checks passed
2025-11-10 15:08:00+00:00,FILLED,70ace3c2-95c1-4a9d-b219-c7a733fe8d4f,BUY,MARKET,12,634.255,12,634.255,
2025-11-10 15:09:00+00:00,RISK_PASS,87722169-ace3-4a51-a22e-66ae22598ac8,SELL,MARKET,12.0,634.12,0,0.0,All risk checks passed
2025-11-10 15:09:00+00:00,FILLED,87722169-ace3-4a51-a22e-66ae22598ac8,SELL,MARKET,12.0,634.12,12.0,634.12,
2025-11-10 15:10:00+00:00,RISK_PASS,87c1d283-9f26-4ec7-b1c8-41fc70862e33,BUY,MARKET,12,634.0699,0,0.0,All risk checks passed
2025-11-10 15:10:00+00:00,FILLED,87c1d283-9f26-4ec7-b1c8-41fc70862e33,BUY,MARKET,12,634.0699,12,634.0699,
2025-11-10 15:11:00+00:00,RISK_PASS,bbdb95d0-8f87-4112-846b-bb49343cc456,SELL,MARKET,12.0,633.91,0,0.0,All risk checks passed
2025-11-10 15:11:00+00:00,FILLED,bbdb95d0-8f87-4112-846b-bb49343cc456,SELL,MARKET,12.0,633.91,12.0,633.91,
2025-11-10 15:12:00+00:00,RISK_PASS,994b1a8e-93cd-4cef-ada7-dabd769e2385,BUY,MARKET,12,634.151,0,0.0,All risk checks passed
2025-11-10 15:12:00+00:00,FILLED,994b1a8e-93cd-4cef-ada7-dabd769e2385,BUY,MARKET,12,634.151,12,634.151,
2025-11-10 15:13:00+00:00,RISK_PASS,c24580e4-b47a-490d-bc69-dd0fd664d7ca,SELL,MARKET,12.0,634.21,0,0.0,All risk checks passed
2025-11-10 15:13:00+00:00,FILLED,c24580e4-b47a-490d-bc69-dd0fd664d7ca,SELL,MARKET,12.0,634.21,12.0,634.21,
2025-11-10 15:14:00+00:00,RISK_PASS,8b2688f9-cf57-464c-8e63-d20b289288ff,BUY,MARKET,12,633.5101,0,0.0,All risk checks passed
2025-11-10 15:14:00+00:00,FILLED,8b2688f9-cf57-464c-8e63-d20b289288ff,BUY,MARKET,12,633.5101,4,633.5101,
2025-11-10 15:15:00+00:00,RISK_PASS,96867d4a-f8f1-4d85-bfc8-d98497845f0a,BUY,MARKET,8,633.65,0,0.0,All risk checks passed
2025-11-10 15:15:00+00:00,RISK_PASS,19461a10-b563-4755-8991-ee7d0b6fff02,SELL,MARKET,4.0,633.65,0,0.0,All risk checks passed
2025-11-10 15:15:00+00:00,FILLED,96867d4a-f8f1-4d85-bfc8-d98497845f0a,BUY,MARKET,8,633.65,8,633.65,
2025-11-10 15:15:00+00:00,FILLED,19461a10-b563-4755-8991-ee7d0b6fff02,SELL,MARKET,4.0,633.65,4.0,633.65,
2025-11-10 15:16:00+00:00,RISK_PASS,d487cc2d-18e3-4d46-b911-f656f92f6450,BUY,MARKET,4,634.1348,0,0.0,All risk checks passed
2025-11-10 15:16:00+00:00,RISK_PASS,0b39e0e5-d5a9-43fb-ac3c-f7c044987b5f,SELL,MARKET,8.0,634.1348,0,0.0,All risk checks passed
2025-11-10 15:16:00+00:00,FILLED,d487cc2d-18e3-4d46-b911-f656f92f6450,BUY,MARKET,4,634.1348,4,634.1348,
2025-11-10 15:16:00+00:00,FILLED,0b39e0e5-d5a9-43fb-ac3c-f7c044987b5f,SELL,MARKET,8.0,634.1348,8.0,634.1348,
2025-11-10 15:17:00+00:00,RISK_PASS,46789105-88ee-4c95-8aa1-5b4b036d2d9c,BUY,MARKET,8,633.8589,0,0.0,All risk checks passed
2025-11-10 15:17:00+00:00,RISK_PASS,b6f07876-3157-49f2-a4ec-b78095f7419c,SELL,MARKET,4.0,633.8589,0,0.0,All risk checks passed
2025-11-10 15:17:00+00:00,FILLED,46789105-88ee-4c95-8aa1-5b4b036d2d9c,BUY,MARKET,8,633.8589,8,633.8589,
2025-11-10 15:17:00+00:00,FILLED,b6f07876-3157-49f2-a4ec-b78095f7419c,SELL,MARKET,4.0,633.8589,4.0,633.8589,
2025-11-10 15:18:00+00:00,RISK_PASS,2c85d006-968a-4b9d-a752-5362ae55008a,BUY,MARKET,4,634.19,0,0.0,All risk checks passed
2025-11-10 15:18:00+00:00,FILLED,2c85d006-968a-4b9d-a752-5362ae55008a,BUY,MARKET,4,634.19,4,634.19,
2025-11-10 15:32:00+00:00,RISK_PASS,05988acb-8e3c-4738-bc32-5462a0d72e40,BUY,MARKET,6,633.69,0,0.0,All risk checks passed
2025-11-10 15:32:00+00:00,FILLED,05988acb-8e3c-4738-bc32-5462a0d72e40,BUY,MARKET,6,633.69,1,633.69,
2025-11-10 15:34:00+00:00,RISK_PASS,ce5dc756-8b7f-45f9-9591-b55394e99651,BUY,MARKET,5,633.22,0,0.0,All risk checks passed
2025-11-10 15:34:00+00:00,FILLED,ce5dc756-8b7f-45f9-9591-b55394e99651,BUY,MARKET,5,633.22,5,633.22,
2025-11-10 15:36:00+00:00,RISK_PASS,bb96b554-5189-4d69-b35d-9d3a0d5d7d51,BUY,MARKET,7,631.92,0,0.0,All risk checks passed
2025-11-10 15:36:00+00:00,FILLED,bb96b554-5189-4d69-b35d-9d3a0d5d7d51,BUY,MARKET,7,631.92,7,631.92,
2025-11-10 15:38:00+00:00,RISK_PASS,e92ef79a-d367-4fc1-9aac-ff6bbf1e12ac,SELL,MARKET,25.0,631.46,0,0.0,All risk checks passed
2025-11-10 15:38:00+00:00,FILLED,e92ef79a-d367-4fc1-9aac-ff6bbf1e12ac,SELL,MARKET,25.0,631.46,25.0,631.46,
2025-11-10 15:43:00+00:00,RISK_PASS,fde548bb-787f-4993-a933-a077e75d396d,BUY,MARKET,15,630.7685,0,0.0,All risk checks passed
2025-11-10 15:43:00+00:00,FILLED,fde548bb-787f-4993-a933-a077e75d396d,BUY,MARKET,15,630.7685,15,630.7685,
2025-11-10 15:44:00+00:00,RISK_PASS,ed169736-c9da-4462-b688-6f9ee42967f8,SELL,MARKET,15.0,631.336,0,0.0,All risk checks passed
2025-11-10 15:44:00+00:00,FILLED,ed169736-c9da-4462-b688-6f9ee42967f8,SELL,MARKET,15.0,631.336,15.0,631.336,
2025-11-10 15:53:00+00:00,RISK_PASS,74884561-6ee7-4ae1-92f0-774b3b99cf38,BUY,MARKET,15,628.5,0,0.0,All risk checks passed
2025-11-10 15:53:00+00:00,FILLED,74884561-6ee7-4ae1-92f0-774b3b99cf38,BUY,MARKET,15,628.5,15,628.5,
2025-11-10 15:54:00+00:00,RISK_PASS,e37bf63d-606c-4d96-8bcd-52e00b9a511c,SELL,MARKET,15.0,629.0,0,0.0,All risk checks passed
2025-11-10 15:54:00+00:00,FILLED,e37bf63d-606c-4d96-8bcd-52e00b9a511c,SELL,MARKET,15.0,629.0,6,629.0,
2025-11-10 15:55:00+00:00,RISK_PASS,d7ebec42-9053-4526-b1b7-2b7b2d680d12,BUY,MARKET,6,628.6321,0,0.0,All risk checks passed
2025-11-10 15:55:00+00:00,RISK_PASS,6c207fe9-d759-40c0-9969-02e5b60a7ba3,SELL,MARKET,9.0,628.6321,0,0.0,All risk checks passed
2025-11-10 15:55:00+00:00,FILLED,d7ebec42-9053-4526-b1b7-2b7b2d680d12,BUY,MARKET,6,628.6321,6,628.6321,
2025-11-10 15:55:00+00:00,FILLED,6c207fe9-d759-40c0-9969-02e5b60a7ba3,SELL,MARKET,9.0,628.6321,9.0,628.6321,
2025-11-10 15:56:00+00:00,RISK_PASS,2a2ffbe6-0888-4e4e-89b6-4499ce988f45,BUY,MARKET,9,628.72,0,0.0,All risk checks passed
2025-11-10 15:56:00+00:00,RISK_PASS,cb362b78-1f45-4966-8e05-cbc47f16d196,SELL,MARKET,6.0,628.72,0,0.0,All risk checks passed
2025-11-10 15:56:00+00:00,FILLED,2a2ffbe6-0888-4e4e-89b6-4499ce988f45,BUY,MARKET,9,628.72,9,628.72,
2025-11-10 15:56:00+00:00,FILLED,cb362b78-1f45-4966-8e05-cbc47f16d196,SELL,MARKET,6.0,628.72,6.0,628.72,
2025-11-10 15:57:00+00:00,RISK_PASS,db5ef69a-21f4-40e0-9a7e-f9b90a085655,SELL,MARKET,9.0,628.51,0,0.0,All risk checks passed
2025-11-10 15:57:00+00:00,FILLED,db5ef69a-21f4-40e0-9a7e-f9b90a085655,SELL,MARKET,9.0,628.51,9.0,628.51,
2025-11-10 15:58:00+00:00,RISK_PASS,126ad45d-14ec-4cf6-8eae-4479602658ad,BUY,MARKET,15,628.44,0,0.0,All risk checks passed
2025-11-10 15:58:00+00:00,FILLED,126ad45d-14ec-4cf6-8eae-4479602658ad,BUY,MARKET,15,628.44,15,628.44,
2025-11-10 15:59:00+00:00,RISK_PASS,36f4933d-11bf-4ecf-9b82-ae874db0356d,SELL,MARKET,15.0,627.9,0,0.0,All risk checks passed
2025-11-10 15:59:00+00:00,FILLED,36f4933d-11bf-4ecf-9b82-ae874db0356d,SELL,MARKET,15.0,627.9,15.0,627.9,
2025-11-10 16:00:00+00:00,RISK_PASS,3050ecb5-a3d1-4319-9ede-eb11a133af21,BUY,MARKET,15,627.58,0,0.0,All risk checks passed
2025-11-10 16:00:00+00:00,FILLED,3050ecb5-a3d1-4319-9ede-eb11a133af21,BUY,MARKET,15,627.58,15,627.58,
2025-11-10 16:01:00+00:00,RISK_PASS,ade1c243-586c-479e-9940-822d7d01b16c,SELL,MARKET,15.0,627.8033,0,0.0,All risk checks passed
2025-11-10 16:01:00+00:00,FILLED,ade1c243-586c-479e-9940-822d7d01b16c,SELL,MARKET,15.0,627.8033,15.0,627.8033,
2025-11-10 16:02:00+00:00,RISK_PASS,acbd95e3-f4f8-4509-967b-6cd816f65bbd,BUY,MARKET,15,628.0008,0,0.0,All risk checks passed
2025-11-10 16:02:00+00:00,FILLED,acbd95e3-f4f8-4509-967b-6cd816f65bbd,BUY,MARKET,15,628.0008,15,628.0008,
2025-11-10 16:03:00+00:00,RISK_PASS,038f5f74-af88-466d-8deb-f4cfc804fa49,SELL,MARKET,15.0,627.68,0,0.0,All risk checks passed
2025-11-10 16:03:00+00:00,FILLED,038f5f74-af88-466d-8deb-f4cfc804fa49,SELL,MARKET,15.0,627.68,15.0,627.68,
2025-11-10 16:04:00+00:00,RISK_PASS,717f56f5-6892-4556-90dc-1b7cb4aec0b8,BUY,MARKET,15,627.5401,0,0.0,All risk checks passed
2025-11-10 16:04:00+00:00,FILLED,717f56f5-6892-4556-90dc-1b7cb4aec0b8,BUY,MARKET,15,627.5401,15,627.5401,
2025-11-10 16:05:00+00:00,RISK_PASS,31fb4023-9b1b-4e5b-a1ce-c0b2cc63e410,SELL,MARKET,15.0,626.5701,0,0.0,All risk checks passed
2025-11-10 16:05:00+00:00,FILLED,31fb4023-9b1b-4e5b-a1ce-c0b2cc63e410,SELL,MARKET,15.0,626.5701,15.0,626.5701,
2025-11-10 16:26:00+00:00,RISK_PASS,0ac138f3-16e7-41dc-bbd9-562c2efd9c05,BUY,MARKET,12,630.16,0,0.0,All risk checks passed
2025-11-10 16:26:00+00:00,FILLED,0ac138f3-16e7-41dc-bbd9-562c2efd9c05,BUY,MARKET,12,630.16,12,630.16,
2025-11-10 16:27:00+00:00,RISK_PASS,eee872d7-f6f3-4c7f-8e33-758ac3492e67,SELL,MARKET,12.0,630.54,0,0.0,All risk checks passed
2025-11-10 16:27:00+00:00,FILLED,eee872d7-f6f3-4c7f-8e33-758ac3492e67,SELL,MARKET,12.0,630.54,12.0,630.54,
2025-11-10 16:28:00+00:00,RISK_PASS,83e46518-8431-4cdd-9421-763d91c412c8,BUY,MARKET,12,630.565,0,0.0,All risk checks passed
2025-11-10 16:28:00+00:00,FILLED,83e46518-8431-4cdd-9421-763d91c412c8,BUY,MARKET,12,630.565,12,630.565,
2025-11-10 16:29:00+00:00,RISK_PASS,6760016a-9a35-4bb2-b5d0-1dc15c697249,SELL,MARKET,12.0,630.41,0,0.0,All risk checks passed
2025-11-10 16:29:00+00:00,FILLED,6760016a-9a35-4bb2-b5d0-1dc15c697249,SELL,MARKET,12.0,630.41,12.0,630.41,
2025-11-10 16:30:00+00:00,RISK_PASS,b55ae0f8-d01b-4eb3-9b32-bfb4cbeaaad6,BUY,MARKET,12,630.63,0,0.0,All risk checks passed
2025-11-10 16:30:00+00:00,FILLED,b55ae0f8-d01b-4eb3-9b32-bfb4cbeaaad6,BUY,MARKET,12,630.63,12,630.63,
2025-11-10 16:31:00+00:00,RISK_PASS,98d0e111-488f-4b93-b5cf-3acdd1d9f3aa,SELL,MARKET,12.0,630.66,0,0.0,All risk checks passed
2025-11-10 16:31:00+00:00,FILLED,98d0e111-488f-4b93-b5cf-3acdd1d9f3aa,SELL,MARKET,12.0,630.66,12.0,630.66,
2025-11-10 16:32:00+00:00,RISK_PASS,addc6ca4-ae40-4efa-aa9b-75376f52eca1,BUY,MARKET,12,630.805,0,0.0,All risk checks passed
2025-11-10 16:32:00+00:00,REJECTED,addc6ca4-ae40-4efa-aa9b-75376f52eca1,BUY,MARKET,12,630.805,0,0.0,Random engine rejection
2025-11-10 16:33:00+00:00,RISK_PASS,79254a21-cb2e-42a7-9e31-ed37431030e8,BUY,MARKET,12,631.08,0,0.0,All risk checks passed
2025-11-10 16:33:00+00:00,REJECTED,79254a21-cb2e-42a7-9e31-ed37431030e8,BUY,MARKET,12,631.08,0,0.0,Random engine rejection
2025-11-10 16:34:00+00:00,RISK_PASS,cf3f8f1b-4dac-4bd3-92e3-b1a62de0d314,BUY,MARKET,12,630.94,0,0.0,All risk checks passed
2025-11-10 16:34:00+00:00,FILLED,cf3f8f1b-4dac-4bd3-92e3-b1a62de0d314,BUY,MARKET,12,630.94,12,630.94,
2025-11-10 16:38:00+00:00,RISK_PASS,db9f1440-80e8-4e35-88cd-f953c00f49fe,SELL,MARKET,12.0,631.66,0,0.0,All risk checks passed
2025-11-10 16:38:00+00:00,FILLED,db9f1440-80e8-4e35-88cd-f953c00f49fe,SELL,MARKET,12.0,631.66,12.0,631.66,
2025-11-10 16:39:00+00:00,RISK_PASS,40308806-806d-4a0d-9abc-45952a360cc4,BUY,MARKET,12,631.33,0,0.0,All risk checks passed
2025-11-10 16:39:00+00:00,FILLED,40308806-806d-4a0d-9abc-45952a360cc4,BUY,MARKET,12,631.33,12,631.33,
2025-11-10 17:00:00+00:00,RISK_PASS,c8a15b33-e6e2-4250-a80b-ecdc436f2298,SELL,MARKET,12.0,632.62,0,0.0,All risk checks passed
2025-11-10 17:00:00+00:00,FILLED,c8a15b33-e6e2-4250-a80b-ecdc436f2298,SELL,MARKET,12.0,632.62,12.0,632.62,
2025-11-10 17:01:00+00:00,RISK_PASS,484222df-ed0a-4958-b974-870288e2193b,BUY,MARKET,12,632.69,0,0.0,All risk checks passed
2025-11-10 17:01:00+00:00,FILLED,484222df-ed0a-4958-b974-870288e2193b,BUY,MARKET,12,632.69,12,632.69,
2025-11-10 17:02:00+00:00,RISK_PASS,7a1b3309-1248-4440-bf30-d5d2bc0d1f77,SELL,MARKET,12.0,633.088,0,0.0,All risk checks passed
2025-11-10 17:02:00+00:00,FILLED,7a1b3309-1248-4440-bf30-d5d2bc0d1f77,SELL,MARKET,12.0,633.088,7,633.088,
2025-11-10 17:03:00+00:00,RISK_PASS,3cb1dcad-f628-420a-a8e5-733f19d6cfd9,BUY,MARKET,7,633.76,0,0.0,All risk checks passed
2025-11-10 17:03:00+00:00,RISK_PASS,f946b417-5885-48ad-ac52-97a22fa5c02c,SELL,MARKET,5.0,633.76,0,0.0,All risk checks passed
2025-11-10 17:03:00+00:00,FILLED,3cb1dcad-f628-420a-a8e5-733f19d6cfd9,BUY,MARKET,7,633.76,7,633.76,
2025-11-10 17:03:00+00:00,FILLED,f946b417-5885-48ad-ac52-97a22fa5c02c,SELL,MARKET,5.0,633.76,5.0,633.76,
2025-11-10 17:04:00+00:00,RISK_PASS,b1bcead9-81ae-4cf7-a5a5-94ac74ad1ea5,BUY,MARKET,5,633.685,0,0.0,All risk checks passed
2025-11-10 17:04:00+00:00,RISK_PASS,3db36c8e-eced-4191-ae8c-df50109acc7b,SELL,MARKET,7.0,633.685,0,0.0,All risk checks passed
2025-11-10 17:04:00+00:00,FILLED,b1bcead9-81ae-4cf7-a5a5-94ac74ad1ea5,BUY,MARKET,5,633.685,5,633.685,
2025-11-10 17:04:00+00:00,FILLED,3db36c8e-eced-4191-ae8c-df50109acc7b,SELL,MARKET,7.0,633.685,7.0,633.685,
2025-11-10 17:05:00+00:00,RISK_PASS,fef9c459-7dbc-4a5d-aafe-f64858cf90c9,BUY,MARKET,13,634.0838,0,0.0,All risk checks passed
2025-11-10 17:05:00+00:00,RISK_PASS,605dd87c-a431-4706-8d35-54558e2e984d,SELL,MARKET,5.0,634.0838,0,0.0,All risk checks passed
2025-11-10 17:05:00+00:00,FILLED,fef9c459-7dbc-4a5d-aafe-f64858cf90c9,BUY,MARKET,13,634.0838,13,634.0838,
2025-11-10 17:05:00+00:00,FILLED,605dd87c-a431-4706-8d35-54558e2e984d,SELL,MARKET,5.0,634.0838,5.0,634.0838,
2025-11-10 17:06:00+00:00,RISK_PASS,76053baa-aa6c-48d9-bad5-0dbb65b69f99,BUY,MARKET,5,633.98,0,0.0,All risk checks passed
2025-11-10 17:06:00+00:00,RISK_PASS,45e17573-9394-4011-8ded-b21d0f84b901,SELL,MARKET,13.0,633.98,0,0.0,All risk checks passed
2025-11-10 17:06:00+00:00,FILLED,76053baa-aa6c-48d9-bad5-0dbb65b69f99,BUY,MARKET,5,633.98,5,633.98,
2025-11-10 17:06:00+00:00,FILLED,45e17573-9394-4011-8ded-b21d0f84b901,SELL,MARKET,13.0,633.98,13.0,633.98,
2025-11-10 17:07:00+00:00,RISK_PASS,e95fab1e-f72b-444a-a13b-8d74476067f4,BUY,MARKET,7,634.0247,0,0.0,All risk checks passed
2025-11-10 17:07:00+00:00,RISK_PASS,db3dfb89-3868-4b8c-bbad-b2474b95cd15,SELL,MARKET,5.0,634.0247,0,0.0,All risk checks passed
2025-11-10 17:07:00+00:00,FILLED,e95fab1e-f72b-444a-a13b-8d74476067f4,BUY,MARKET,7,634.0247,7,634.0247,
2025-11-10 17:07:00+00:00,FILLED,db3dfb89-3868-4b8c-bbad-b2474b95cd15,SELL,MARKET,5.0,634.0247,5.0,634.0247,
2025-11-10 17:08:00+00:00,RISK_PASS,5aa9d2b1-8dba-4952-8e43-804f891f7340,BUY,MARKET,5,633.52,0,0.0,All risk checks passed
2025-11-10 17:08:00+00:00,RISK_PASS,e7280ddd-61af-4703-ba98-9a07efcf8b5d,SELL,MARKET,7.0,633.52,0,0.0,All risk checks passed
2025-11-10 17:08:00+00:00,FILLED,5aa9d2b1-8dba-4952-8e43-804f891f7340,BUY,MARKET,5,633.52,5,633.52,
2025-11-10 17:08:00+00:00,FILLED,e7280ddd-61af-4703-ba98-9a07efcf8b5d,SELL,MARKET,7.0,633.52,7.0,633.52,
2025-11-10 17:09:00+00:00,RISK_PASS,895a441b-53ac-462e-ac52-d5e247b59d86,BUY,MARKET,7,633.7292,0,0.0,All risk checks passed
2025-11-10 17:09:00+00:00,RISK_PASS,1da9c545-842f-4b5e-ba14-180e937d0591,SELL,MARKET,5.0,633.7292,0,0.0,All risk checks passed
2025-11-10 17:09:00+00:00,FILLED,895a441b-53ac-462e-ac52-d5e247b59d86,BUY,MARKET,7,633.7292,7,633.7292,
2025-11-10 17:09:00+00:00,FILLED,1da9c545-842f-4b5e-ba14-180e937d0591,SELL,MARKET,5.0,633.7292,5.0,633.7292,
2025-11-10 17:10:00+00:00,RISK_PASS,f27ab301-1640-45e2-bfb0-af99c1792b2a,BUY,MARKET,5,633.755,0,0.0,All risk checks passed
2025-11-10 17:10:00+00:00,RISK_PASS,0e48a6c2-eb8e-4227-acf4-c22efd06f3ca,SELL,MARKET,7.0,633.755,0,0.0,All risk checks passed
2025-11-10 17:10:00+00:00,FILLED,f27ab301-1640-45e2-bfb0-af99c1792b2a,BUY,MARKET,5,633.755,5,633.755,
2025-11-10 17:10:00+00:00,FILLED,0e48a6c2-eb8e-4227-acf4-c22efd06f3ca,SELL,MARKET,7.0,633.755,7.0,633.755,
2025-11-10 17:11:00+00:00,RISK_PASS,78246354-c1bd-4ef7-add1-863407f05ac4,BUY,MARKET,7,633.17,0,0.0,All risk checks passed
2025-11-10 17:11:00+00:00,FILLED,78246354-c1bd-4ef7-add1-863407f05ac4,BUY,MARKET,7,633.17,7,633.17,
2025-11-10 17:27:00+00:00,RISK_PASS,7ec4781f-e8c0-4eae-9068-b0bbb1453976,SELL,MARKET,12.0,633.99,0,0.0,All risk checks passed
2025-11-10 17:27:00+00:00,FILLED,7ec4781f-e8c0-4eae-9068-b0bbb1453976,SELL,MARKET,12.0,633.99,12.0,633.99,
2025-11-10 17:28:00+00:00,RISK_PASS,32234008-98cb-4d76-af50-ac57d2619ce5,BUY,MARKET,12,634.0,0,0.0,All risk checks passed
2025-11-10 17:28:00+00:00,FILLED,32234008-98cb-4d76-af50-ac57d2619ce5,BUY,MARKET,12,634.0,12,634.0,
2025-11-10 17:30:00+00:00,RISK_PASS,c47b7860-d279-4137-8af3-59020216a74b,SELL,MARKET,12.0,634.17,0,0.0,All risk checks passed
2025-11-10 17:30:00+00:00,FILLED,c47b7860-d279-4137-8af3-59020216a74b,SELL,MARKET,12.0,634.17,12.0,634.17,
2025-11-10 17:31:00+00:00,RISK_PASS,9f87125d-744a-492f-9f44-e45fdc4f8d59,BUY,MARKET,12,634.05,0,0.0,All risk checks passed
2025-11-10 17:31:00+00:00,FILLED,9f87125d-744a-492f-9f44-e45fdc4f8d59,BUY,MARKET,12,634.05,12,634.05,
2025-11-10 17:37:00+00:00,RISK_PASS,b08bbe6c-1edd-4a2a-a4ec-7a4ca515fbc7,SELL,MARKET,12.0,634.8,0,0.0,All risk checks passed
2025-11-10 17:37:00+00:00,FILLED,b08bbe6c-1edd-4a2a-a4ec-7a4ca515fbc7,SELL,MARKET,12.0,634.8,12.0,634.8,
2025-11-10 17:38:00+00:00,RISK_PASS,ab45f76c-1b8a-42f5-93a7-32c6fe13f040,BUY,MARKET,12,634.67,0,0.0,All risk checks passed
2025-11-10 17:38:00+00:00,FILLED,ab45f76c-1b8a-42f5-93a7-32c6fe13f040,BUY,MARKET,12,634.67,12,634.67,
2025-11-10 18:07:00+00:00,RISK_PASS,e7f06290-5a06-41fa-97e9-56fcbca73a03,SELL,MARKET,12.0,633.4459,0,0.0,All risk checks passed
2025-11-10 18:07:00+00:00,FILLED,e7f06290-5a06-41fa-97e9-56fcbca73a03,SELL,MARKET,12.0,633.4459,12.0,633.4459,
2025-11-10 18:14:00+00:00,RISK_PASS,3d6223a1-8943-4474-a011-c0688bfd943f,BUY,MARKET,15,632.72,0,0.0,All risk checks passed
2025-11-10 18:14:00+00:00,FILLED,3d6223a1-8943-4474-a011-c0688bfd943f,BUY,MARKET,15,632.72,15,632.72,
2025-11-10 18:15:00+00:00,RISK_PASS,fa19d10c-64d5-4289-90ab-7eef785871e9,SELL,MARKET,15.0,632.887,0,0.0,All risk checks passed
2025-11-10 18:15:00+00:00,REJECTED,fa19d10c-64d5-4289-90ab-7eef785871e9,SELL,MARKET,15.0,632.887,0,0.0,Random engine rejection
2025-11-10 18:16:00+00:00,RISK_PASS,58d7de53-1d65-4205-a91d-c93bc2316ba5,SELL,MARKET,15.0,632.59,0,0.0,All risk checks passed
2025-11-10 18:16:00+00:00,FILLED,58d7de53-1d65-4205-a91d-c93bc2316ba5,SELL,MARKET,15.0,632.59,15.0,632.59,
2025-11-10 18:17:00+00:00,RISK_PASS,0942d798-b777-4618-a34c-720402137dc0,BUY,MARKET,15,632.69,0,0.0,All risk checks passed
2025-11-10 18:17:00+00:00,FILLED,0942d798-b777-4618-a34c-720402137dc0,BUY,MARKET,15,632.69,15,632.69,
2025-11-10 18:18:00+00:00,RISK_PASS,e0197006-61ad-4925-93a6-fb57a727d663,SELL,MARKET,15.0,632.713,0,0.0,All risk checks passed
2025-11-10 18:18:00+00:00,REJECTED,e0197006-61ad-4925-93a6-fb57a727d663,SELL,MARKET,15.0,632.713,0,0.0,Random engine rejection
2025-11-10 18:19:00+00:00,RISK_PASS,5e0c7186-0e46-495f-86fe-8d567424b994,SELL,MARKET,15.0,632.8626,0,0.0,All risk checks passed
2025-11-10 18:19:00+00:00,FILLED,5e0c7186-0e46-495f-86fe-8d567424b994,SELL,MARKET,15.0,632.8626,5,632.8626,
2025-11-10 18:20:00+00:00,RISK_PASS,6384d020-f172-4881-8dff-954539faa228,BUY,MARKET,5,633.015,0,0.0,All risk checks passed
2025-11-10 18:20:00+00:00,RISK_PASS,768b6a65-6095-4bd8-9537-c1a364678a82,SELL,MARKET,10.0,633.015,0,0.0,All risk checks passed
2025-11-10 18:20:00+00:00,FILLED,6384d020-f172-4881-8dff-954539faa228,BUY,MARKET,5,633.015,5,633.015,
2025-11-10 18:20:00+00:00,FILLED,768b6a65-6095-4bd8-9537-c1a364678a82,SELL,MARKET,10.0,633.015,10.0,633.015,
2025-11-10 18:21:00+00:00,RISK_PASS,56013f61-3566-41bd-888a-54f1d6fd39bf,SELL,MARKET,5.0,633.29,0,0.0,All risk checks passed
2025-11-10 18:21:00+00:00,FILLED,56013f61-3566-41bd-888a-54f1d6fd39bf,SELL,MARKET,5.0,633.29,5.0,633.29,
2025-11-10 18:39:00+00:00,RISK_PASS,388e31cc-65be-4784-bb89-467ea4deddde,BUY,MARKET,12,634.245,0,0.0,All risk checks passed
2025-11-10 18:39:00+00:00,FILLED,388e31cc-65be-4784-bb89-467ea4deddde,BUY,MARKET,12,634.245,12,634.245,
2025-11-10 18:59:00+00:00,RISK_PASS,0200e1dc-02de-4eff-828a-545dbdb88941,SELL,MARKET,12.0,632.9,0,0.0,All risk checks passed
2025-11-10 18:59:00+00:00,FILLED,0200e1dc-02de-4eff-828a-545dbdb88941,SELL,MARKET,12.0,632.9,12.0,632.9,
2025-11-10 19:21:00+00:00,RISK_PASS,3588804d-4a21-4fbf-b9d4-7ea5412b8272,BUY,MARKET,15,632.7,0,0.0,All risk checks passed
2025-11-10 19:21:00+00:00,FILLED,3588804d-4a21-4fbf-b9d4-7ea5412b8272,BUY,MARKET,15,632.7,15,632.7,
2025-11-10 19:22:00+00:00,RISK_PASS,40a3c8a4-d030-496c-bbc3-52fef5488fbd,SELL,MARKET,15.0,632.49,0,0.0,All risk checks passed
2025-11-10 19:22:00+00:00,FILLED,40a3c8a4-d030-496c-bbc3-52fef5488fbd,SELL,MARKET,15.0,632.49,15.0,632.49,
2025-11-10 19:25:00+00:00,RISK_PASS,16cc1d5a-b1ca-4214-aa8d-5078c40dc985,BUY,MARKET,15,632.33,0,0.0,All risk checks passed
2025-11-10 19:25:00+00:00,FILLED,16cc1d5a-b1ca-4214-aa8d-5078c40dc985,BUY,MARKET,15,632.33,15,632.33,
2025-11-10 19:26:00+00:00,RISK_PASS,d16011c2-8e52-47fe-a061-a236afb5d87e,SELL,MARKET,15.0,632.1,0,0.0,All risk checks passed
2025-11-10 19:26:00+00:00,FILLED,d16011c2-8e52-47fe-a061-a236afb5d87e,SELL,MARKET,15.0,632.1,3,632.1,
2025-11-10 19:27:00+00:00,RISK_PASS,293e3df9-1c92-487a-b527-36c94ec1f1c2,SELL,MARKET,12.0,632.315,0,0.0,All risk checks passed
2025-11-10 19:27:00+00:00,FILLED,293e3df9-1c92-487a-b527-36c94ec1f1c2,SELL,MARKET,12.0,632.315,12.0,632.315,
2025-11-10 19:54:00+00:00,RISK_PASS,a4d14dc6-caba-49b2-995e-e59b14c8d61a,BUY,MARKET,12,633.96,0,0.0,All risk checks passed
2025-11-10 19:54:00+00:00,FILLED,a4d14dc6-caba-49b2-995e-e59b14c8d61a,BUY,MARKET,12,633.96,12,633.96,
2025-11-10 19:55:00+00:00,RISK_PASS,59017deb-a421-4de7-8eee-1598a989176b,SELL,MARKET,12.0,634.0499,0,0.0,All risk checks passed
2025-11-10 19:55:00+00:00,FILLED,59017deb-a421-4de7-8eee-1598a989176b,SELL,MARKET,12.0,634.0499,12.0,634.0499,
2025-11-10 19:56:00+00:00,RISK_PASS,dc9a13cf-3fb6-49be-be64-f3fbd330bacc,BUY,MARKET,12,634.1,0,0.0,All risk checks passed
2025-11-10 19:56:00+00:00,FILLED,dc9a13cf-3fb6-49be-be64-f3fbd330bacc,BUY,MARKET,12,634.1,12,634.1,
2025-11-10 19:57:00+00:00,RISK_PASS,d4dad8e2-b751-41a2-9684-d1b0e3875c1d,SELL,MARKET,12.0,633.8649,0,0.0,All risk checks passed
2025-11-10 19:57:00+00:00,FILLED,d4dad8e2-b751-41a2-9684-d1b0e3875c1d,SELL,MARKET,12.0,633.8649,12.0,633.8649,
2025-11-10 19:58:00+00:00,RISK_PASS,708cc59d-c143-4aee-a579-42fb9eebacde,BUY,MARKET,12,633.695,0,0.0,All risk checks passed
2025-11-10 19:58:00+00:00,FILLED,708cc59d-c143-4aee-a579-42fb9eebacde,BUY,MARKET,12,633.695,12,633.695,
2025-11-10 19:59:00+00:00,RISK_PASS,19d93e57-cc40-4247-b57f-75e5798cfe99,SELL,MARKET,12.0,633.73,0,0.0,All risk checks passed
2025-11-10 19:59:00+00:00,FILLED,19d93e57-cc40-4247-b57f-75e5798cfe99,SELL,MARKET,12.0,633.73,12.0,633.73,
2025-11-10 20:00:00+00:00,RISK_PASS,d14a58f3-a8c3-4507-90d8-569fa0478507,BUY,MARKET,12,634.18,0,0.0,All risk checks passed
2025-11-10 20:00:00+00:00,FILLED,d14a58f3-a8c3-4507-90d8-569fa0478507,BUY,MARKET,12,634.18,12,634.18,
2025-11-10 20:01:00+00:00,RISK_PASS,b49a2635-3eea-4274-82ad-78b1ecb1dc7c,SELL,MARKET,12.0,634.205,0,0.0,All risk checks passed
2025-11-10 20:01:00+00:00,FILLED,b49a2635-3eea-4274-82ad-78b1ecb1dc7c,SELL,MARKET,12.0,634.205,12.0,634.205,
2025-11-10 20:02:00+00:00,RISK_PASS,58e0b1e2-6b1b-46fd-9ff5-18e592dba81d,BUY,MARKET,12,633.95,0,0.0,All risk checks passed
2025-11-10 20:02:00+00:00,FILLED,58e0b1e2-6b1b-46fd-9ff5-18e592dba81d,BUY,MARKET,12,633.95,5,633.95,
2025-11-10 20:03:00+00:00,RISK_PASS,a8d1f1c2-a69a-4d64-9ce1-03fa7db4ab32,BUY,MARKET,7,633.635,0,0.0,All risk checks passed
2025-11-10 20:03:00+00:00,RISK_PASS,4883b332-e5d2-49cf-8d4c-23857b19a895,SELL,MARKET,5.0,633.635,0,0.0,All risk checks passed
2025-11-10 20:03:00+00:00,FILLED,a8d1f1c2-a69a-4d64-9ce1-03fa7db4ab32,BUY,MARKET,7,633.635,7,633.635,
2025-11-10 20:03:00+00:00,FILLED,4883b332-e5d2-49cf-8d4c-23857b19a895,SELL,MARKET,5.0,633.635,1,633.635,
2025-11-10 20:04:00+00:00,RISK_PASS,a2f2d635-36b9-4560-8625-53ebc1b90cd7,BUY,MARKET,1,633.53,0,0.0,All risk checks passed
2025-11-10 20:04:00+00:00,FILLED,a2f2d635-36b9-4560-8625-53ebc1b90cd7,BUY,MARKET,1,633.53,1,633.53,
2025-11-10 20:29:00+00:00,RISK_PASS,27f8a8a2-5f62-4a14-b6e6-bc13db0a5966,SELL,MARKET,12.0,632.632,0,0.0,All risk checks passed
2025-11-10 20:29:00+00:00,FILLED,27f8a8a2-5f62-4a14-b6e6-bc13db0a5966,SELL,MARKET,12.0,632.632,12.0,632.632,
2025-11-10 20:30:00+00:00,RISK_PASS,db520317-c1a2-4514-8f92-d4139b68fccf,BUY,MARKET,15,631.76,0,0.0,All risk checks passed
2025-11-10 20:30:00+00:00,FILLED,db520317-c1a2-4514-8f92-d4139b68fccf,BUY,MARKET,15,631.76,15,631.76,
2025-11-10 20:31:00+00:00,RISK_PASS,bb3030ee-fbd3-47e8-8f40-780546543181,SELL,MARKET,15.0,631.8545,0,0.0,All risk checks passed
2025-11-10 20:31:00+00:00,FILLED,bb3030ee-fbd3-47e8-8f40-780546543181,SELL,MARKET,15.0,631.8545,15.0,631.8545,
2025-11-10 20:33:00+00:00,RISK_PASS,1f086176-cd3c-4cbd-b8ad-9ce9ad6d9855,BUY,MARKET,15,631.76,0,0.0,All risk checks passed
2025-11-10 20:33:00+00:00,FILLED,1f086176-cd3c-4cbd-b8ad-9ce9ad6d9855,BUY,MARKET,15,631.76,15,631.76,
2025-11-10 20:34:00+00:00,RISK_PASS,cefe0d4a-4564-45d1-a71d-58ea3c7e0ed4,SELL,MARKET,15.0,631.87,0,0.0,All risk checks passed
2025-11-10 20:34:00+00:00,FILLED,cefe0d4a-4564-45d1-a71d-58ea3c7e0ed4,SELL,MARKET,15.0,631.87,15.0,631.87,
2025-11-10 20:35:00+00:00,RISK_PASS,787b271d-2c56-4d4f-bf8f-2921cb2ae954,BUY,MARKET,15,631.32,0,0.0,All risk checks passed
2025-11-10 20:35:00+00:00,FILLED,787b271d-2c56-4d4f-bf8f-2921cb2ae954,BUY,MARKET,15,631.32,15,631.32,
2025-11-10 20:36:00+00:00,RISK_PASS,da4a9eb4-ce4c-442e-bf68-1ec9937b1948,SELL,MARKET,15.0,631.5,0,0.0,All risk checks passed
2025-11-10 20:36:00+00:00,FILLED,da4a9eb4-ce4c-442e-bf68-1ec9937b1948,SELL,MARKET,15.0,631.5,15.0,631.5,
2025-11-10 20:50:00+00:00,RISK_PASS,2ed2af36-1c06-43fb-aa3b-a9062702883d,BUY,MARKET,12,633.29,0,0.0,All risk checks passed
2025-11-10 20:50:00+00:00,FILLED,2ed2af36-1c06-43fb-aa3b-a9062702883d,BUY,MARKET,12,633.29,12,633.29,
2025-11-10 20:51:00+00:00,RISK_PASS,2cb9fedb-9f2c-4d08-a251-71591ede2bae,SELL,MARKET,12.0,633.51,0,0.0,All risk checks passed
2025-11-10 20:51:00+00:00,FILLED,2cb9fedb-9f2c-4d08-a251-71591ede2bae,SELL,MARKET,12.0,633.51,7,633.51,
2025-11-10 20:52:00+00:00,RISK_PASS,f1a65737-a601-4454-b370-e77b4d99fb01,BUY,MARKET,7,634.08,0,0.0,All risk checks passed
2025-11-10 20:52:00+00:00,RISK_PASS,2ed2fcfa-3599-4154-9070-792b0436339d,SELL,MARKET,5.0,634.08,0,0.0,All risk checks passed
2025-11-10 20:52:00+00:00,FILLED,f1a65737-a601-4454-b370-e77b4d99fb01,BUY,MARKET,7,634.08,7,634.08,
2025-11-10 20:52:00+00:00,FILLED,2ed2fcfa-3599-4154-9070-792b0436339d,SELL,MARKET,5.0,634.08,5.0,634.08,
2025-11-10 20:53:00+00:00,RISK_PASS,b5c56eab-6ba7-4053-b76c-39389e635a1c,BUY,MARKET,5,634.62,0,0.0,All risk checks passed
2025-11-10 20:53:00+00:00,RISK_PASS,c3e11aac-ff53-4930-996b-1b65a58f34a5,SELL,MARKET,7.0,634.62,0,0.0,All risk checks passed
2025-11-10 20:53:00+00:00,FILLED,b5c56eab-6ba7-4053-b76c-39389e635a1c,BUY,MARKET,5,634.62,5,634.62,
2025-11-10 20:53:00+00:00,REJECTED,c3e11aac-ff53-4930-996b-1b65a58f34a5,SELL,MARKET,7.0,634.62,0,0.0,Random engine rejection
2025-11-10 20:54:00+00:00,RISK_PASS,add19137-6f83-4e60-93b7-bd17cc1b34d7,SELL,MARKET,12.0,634.57,0,0.0,All risk checks passed
2025-11-10 20:54:00+00:00,FILLED,add19137-6f83-4e60-93b7-bd17cc1b34d7,SELL,MARKET,12.0,634.57,12.0,634.57,
2025-11-10 20:55:00+00:00,RISK_PASS,91966f61-39db-496d-925b-b08e47a1b549,BUY,MARKET,12,633.82,0,0.0,All risk checks passed
2025-11-10 20:55:00+00:00,REJECTED,91966f61-39db-496d-925b-b08e47a1b549,BUY,MARKET,12,633.82,0,0.0,Random engine rejection
2025-11-10 20:56:00+00:00,RISK_PASS,8bd7710f-7c0e-4530-99cf-ed29ab5c4a26,BUY,MARKET,12,633.265,0,0.0,All risk checks passed
2025-11-10 20:56:00+00:00,FILLED,8bd7710f-7c0e-4530-99cf-ed29ab5c4a26,BUY,MARKET,12,633.265,12,633.265,
2025-11-10 21:02:00+00:00,RISK_PASS,59ca98eb-94f6-483d-8724-9aefe888106d,BUY,MARKET,3,631.4,0,0.0,All risk checks passed
2025-11-10 21:02:00+00:00,RISK_PASS,defba4de-d864-429a-aac0-d98c076b2bae,SELL,MARKET,12.0,631.4,0,0.0,All risk checks passed
2025-11-10 21:02:00+00:00,FILLED,59ca98eb-94f6-483d-8724-9aefe888106d,BUY,MARKET,3,631.4,3,631.4,
2025-11-10 21:02:00+00:00,FILLED,defba4de-d864-429a-aac0-d98c076b2bae,SELL,MARKET,12.0,631.4,12.0,631.4,
2025-11-10 21:03:00+00:00,RISK_PASS,a5b49a33-0ae9-427a-bf49-780ce77bb0e8,SELL,MARKET,3.0,631.9,0,0.0,All risk checks passed
2025-11-10 21:03:00+00:00,FILLED,a5b49a33-0ae9-427a-bf49-780ce77bb0e8,SELL,MARKET,3.0,631.9,3.0,631.9,
2025-11-10 21:06:00+00:00,RISK_PASS,22c1c245-fdde-449f-8d21-1b76b800b33f,BUY,MARKET,15,631.85,0,0.0,All risk checks passed
2025-11-10 21:06:00+00:00,FILLED,22c1c245-fdde-449f-8d21-1b76b800b33f,BUY,MARKET,15,631.85,15,631.85,
2025-11-10 21:07:00+00:00,RISK_PASS,60f2fc3c-eb98-4aaa-b539-2a910d87fa31,SELL,MARKET,15.0,631.9984,0,0.0,All risk checks passed
2025-11-10 21:07:00+00:00,FILLED,60f2fc3c-eb98-4aaa-b539-2a910d87fa31,SELL,MARKET,15.0,631.9984,4,631.9984,
2025-11-10 21:08:00+00:00,RISK_PASS,de1b5c6b-39c5-4d45-b157-e721f446e63b,BUY,MARKET,4,632.24,0,0.0,All risk checks passed
2025-11-10 21:08:00+00:00,RISK_PASS,c2b98b17-87a3-477f-99d1-b939d8426e55,SELL,MARKET,11.0,632.24,0,0.0,All risk checks passed
2025-11-10 21:08:00+00:00,REJECTED,de1b5c6b-39c5-4d45-b157-e721f446e63b,BUY,MARKET,4,632.24,0,0.0,Random engine rejection
2025-11-10 21:08:00+00:00,FILLED,c2b98b17-87a3-477f-99d1-b939d8426e55,SELL,MARKET,11.0,632.24,11.0,632.24,
2025-11-10 21:16:00+00:00,RISK_PASS,4a4169e4-bf5f-428d-b4d2-060fd1457f05,BUY,MARKET,12,632.68,0,0.0,All risk checks passed
2025-11-10 21:16:00+00:00,REJECTED,4a4169e4-bf5f-428d-b4d2-060fd1457f05,BUY,MARKET,12,632.68,0,0.0,Random engine rejection
2025-11-10 21:17:00+00:00,RISK_PASS,c8279364-1120-4ac8-883f-b7b33ed9290d,BUY,MARKET,12,633.25,0,0.0,All risk checks passed
2025-11-10 21:17:00+00:00,REJECTED,c8279364-1120-4ac8-883f-b7b33ed9290d,BUY,MARKET,12,633.25,0,0.0,Random engine rejection
2025-11-10 21:18:00+00:00,RISK_PASS,4a144509-150f-4fd7-b695-08fe28a3ab7a,BUY,MARKET,12,633.0,0,0.0,All risk checks passed
2025-11-10 21:18:00+00:00,REJECTED,4a144509-150f-4fd7-b695-08fe28a3ab7a,BUY,MARKET,12,633.0,0,0.0,Random engine rejection
2025-11-10 21:19:00+00:00,RISK_PASS,dba172fe-f127-4cfa-b24c-a1fe997859ce,BUY,MARKET,12,632.98,0,0.0,All risk checks passed
2025-11-10 21:19:00+00:00,FILLED,dba172fe-f127-4cfa-b24c-a1fe997859ce,BUY,MARKET,12,632.98,12,632.98,
2025-11-10 21:20:00+00:00,RISK_PASS,db84be04-2680-404e-8588-51988b52933f,SELL,MARKET,12.0,633.0,0,0.0,All risk checks passed
2025-11-10 21:20:00+00:00,FILLED,db84be04-2680-404e-8588-51988b52933f,SELL,MARKET,12.0,633.0,12.0,633.0,
2025-11-10 21:21:00+00:00,RISK_PASS,fbf1d41e-0bfa-44a6-bba7-6c8ae4706bda,BUY,MARKET,12,632.83,0,0.0,All risk checks passed
2025-11-10 21:21:00+00:00,FILLED,fbf1d41e-0bfa-44a6-bba7-6c8ae4706bda,BUY,MARKET,12,632.83,12,632.83,
2025-11-10 21:32:00+00:00,RISK_PASS,2637f6a3-db7c-43c4-aee5-ce0d42f7630e,BUY,MARKET,6,632.28,0,0.0,All risk checks passed
2025-11-10 21:32:00+00:00,FILLED,2637f6a3-db7c-43c4-aee5-ce0d42f7630e,BUY,MARKET,6,632.28,6,632.28,
2025-11-10 21:35:00+00:00,RISK_PASS,576b84a5-1d45-45b4-aff3-9ec172a992fd,SELL,MARKET,18.0,632.13,0,0.0,All risk checks passed
2025-11-10 21:35:00+00:00,FILLED,576b84a5-1d45-45b4-aff3-9ec172a992fd,SELL,MARKET,18.0,632.13,18.0,632.13,
2025-11-10 21:38:00+00:00,RISK_PASS,9a7d115f-a5e7-478e-ab9b-aeaff773cb81,BUY,MARKET,15,631.9,0,0.0,All risk checks passed
2025-11-10 21:38:00+00:00,REJECTED,9a7d115f-a5e7-478e-ab9b-aeaff773cb81,BUY,MARKET,15,631.9,0,0.0,Random engine rejection
2025-11-10 21:39:00+00:00,RISK_PASS,042c8710-b0a9-47d8-9191-81106360e948,BUY,MARKET,15,632.0,0,0.0,All risk checks passed
2025-11-10 21:39:00+00:00,FILLED,042c8710-b0a9-47d8-9191-81106360e948,BUY,MARKET,15,632.0,15,632.0,
2025-11-10 21:40:00+00:00,RISK_PASS,57817daf-1a81-4f38-aaf8-eca9d42bb615,SELL,MARKET,15.0,632.15,0,0.0,All risk checks passed
2025-11-10 21:40:00+00:00,FILLED,57817daf-1a81-4f38-aaf8-eca9d42bb615,SELL,MARKET,15.0,632.15,15.0,632.15,
2025-11-10 21:42:00+00:00,RISK_PASS,6910fa62-6646-4526-8748-a3212a45dd53,BUY,MARKET,15,632.2,0,0.0,All risk checks passed
2025-11-10 21:42:00+00:00,REJECTED,6910fa62-6646-4526-8748-a3212a45dd53,BUY,MARKET,15,632.2,0,0.0,Random engine rejection
2025-11-10 22:27:00+00:00,RISK_PASS,19ee4245-825d-470f-b0e0-24a502ba568a,BUY,MARKET,12,632.15,0,0.0,All risk checks passed
2025-11-10 22:27:00+00:00,FILLED,19ee4245-825d-470f-b0e0-24a502ba568a,BUY,MARKET,12,632.15,12,632.15,
2025-11-10 22:47:00+00:00,RISK_PASS,622bd194-107d-4ca8-ab91-bf234a51006e,SELL,MARKET,12.0,632.73,0,0.0,All risk checks passed
2025-11-10 22:47:00+00:00,FILLED,622bd194-107d-4ca8-ab91-bf234a51006e,SELL,MARKET,12.0,632.73,12.0,632.73,
2025-11-10 22:48:00+00:00,RISK_PASS,6085e727-50d8-4679-b22e-c41135b59f63,BUY,MARKET,12,632.95,0,0.0,All risk checks passed
2025-11-10 22:48:00+00:00,FILLED,6085e727-50d8-4679-b22e-c41135b59f63,BUY,MARKET,12,632.95,12,632.95,
2025-11-10 22:49:00+00:00,RISK_PASS,84a0f409-6028-4837-a71b-6e36a7ba6c49,SELL,MARKET,12.0,632.9981,0,0.0,All risk checks passed
2025-11-10 22:49:00+00:00,FILLED,84a0f409-6028-4837-a71b-6e36a7ba6c49,SELL,MARKET,12.0,632.9981,12.0,632.9981,
2025-11-10 22:50:00+00:00,RISK_PASS,34bc2428-1cc0-4828-92f5-d12a10eaeb32,BUY,MARKET,12,633.0,0,0.0,All risk checks passed
2025-11-10 22:50:00+00:00,FILLED,34bc2428-1cc0-4828-92f5-d12a10eaeb32,BUY,MARKET,12,633.0,12,633.0,
2025-11-10 22:51:00+00:00,RISK_PASS,031717e8-32fa-4f25-8ae8-e436c5bb7f8e,SELL,MARKET,12.0,633.25,0,0.0,All risk checks passed
2025-11-10 22:51:00+00:00,FILLED,031717e8-32fa-4f25-8ae8-e436c5bb7f8e,SELL,MARKET,12.0,633.25,12.0,633.25,
2025-11-10 22:52:00+00:00,RISK_PASS,ed903176-a069-44ab-bb51-e8d80562498d,BUY,MARKET,12,633.5,0,0.0,All risk checks passed
2025-11-10 22:52:00+00:00,FILLED,ed903176-a069-44ab-bb51-e8d80562498d,BUY,MARKET,12,633.5,12,633.5,
2025-11-10 22:53:00+00:00,RISK_PASS,a6dc95d3-2bb2-4de9-b0cb-6eec3080b4cb,SELL,MARKET,12.0,633.9,0,0.0,All risk checks passed
2025-11-10 22:53:00+00:00,FILLED,a6dc95d3-2bb2-4de9-b0cb-6eec3080b4cb,SELL,MARKET,12.0,633.9,12.0,633.9,
2025-11-10 22:54:00+00:00,RISK_PASS,1cfd15b7-48d2-4e7a-b5d5-37d6c3e3aca6,BUY,MARKET,12,633.69,0,0.0,All risk checks passed
2025-11-10 22:54:00+00:00,FILLED,1cfd15b7-48d2-4e7a-b5d5-37d6c3e3aca6,BUY,MARKET,12,633.69,3,633.69,
2025-11-10 22:55:00+00:00,RISK_PASS,5f7dc305-15aa-4050-b173-674b2d36ee59,BUY,MARKET,9,633.6899,0,0.0,All risk checks passed
2025-11-10 22:55:00+00:00,RISK_PASS,3a3e9a46-1412-4b70-a813-c073145df090,SELL,MARKET,3.0,633.6899,0,0.0,All risk checks passed
2025-11-10 22:55:00+00:00,REJECTED,5f7dc305-15aa-4050-b173-674b2d36ee59,BUY,MARKET,9,633.6899,0,0.0,Random engine rejection
2025-11-10 22:55:00+00:00,FILLED,3a3e9a46-1412-4b70-a813-c073145df090,SELL,MARKET,3.0,633.6899,3.0,633.6899,
2025-11-10 22:56:00+00:00,RISK_PASS,4adbcd7f-67a7-4e64-a2cd-f7d2475d2491,BUY,MARKET,12,633.68,0,0.0,All risk checks passed
2025-11-10 22:56:00+00:00,FILLED,4adbcd7f-67a7-4e64-a2cd-f7d2475d2491,BUY,MARKET,12,633.68,12,633.68,
2025-11-10 22:57:00+00:00,RISK_PASS,5b5bfe45-641e-4ee3-ae45-040a8995f7cd,SELL,MARKET,12.0,633.55,0,0.0,All risk checks passed
2025-11-10 22:57:00+00:00,FILLED,5b5bfe45-641e-4ee3-ae45-040a8995f7cd,SELL,MARKET,12.0,633.55,12.0,633.55,
2025-11-10 22:58:00+00:00,RISK_PASS,3f4158a9-b539-40a4-b854-0c0f0c448f4f,BUY,MARKET,12,633.59,0,0.0,All risk checks passed
2025-11-10 22:58:00+00:00,FILLED,3f4158a9-b539-40a4-b854-0c0f0c448f4f,BUY,MARKET,12,633.59,12,633.59,
2025-11-10 22:59:00+00:00,RISK_PASS,a311cdd4-e343-4246-8cb8-363a80da4a41,SELL,MARKET,12.0,633.63,0,0.0,All risk checks passed
2025-11-10 22:59:00+00:00,FILLED,a311cdd4-e343-4246-8cb8-363a80da4a41,SELL,MARKET,12.0,633.63,12.0,633.63,
2025-11-10 23:00:00+00:00,RISK_PASS,7bb4b784-9257-4979-93a8-db59f3b5b566,BUY,MARKET,12,633.5,0,0.0,All risk checks passed
2025-11-10 23:00:00+00:00,FILLED,7bb4b784-9257-4979-93a8-db59f3b5b566,BUY,MARKET,12,633.5,12,633.5,
2025-11-10 23:07:00+00:00,RISK_PASS,83b60f6b-b7f8-49ec-ab6e-57c7a5800692,BUY,MARKET,6,632.4999,0,0.0,All risk checks passed
2025-11-10 23:07:00+00:00,FILLED,83b60f6b-b7f8-49ec-ab6e-57c7a5800692,BUY,MARKET,6,632.4999,6,632.4999,
2025-11-10 23:17:00+00:00,RISK_PASS,090343ab-b247-4ad2-8664-b3b633fda914,SELL,MARKET,18.0,632.6,0,0.0,All risk checks passed
2025-11-10 23:17:00+00:00,FILLED,090343ab-b247-4ad2-8664-b3b633fda914,SELL,MARKET,18.0,632.6,18.0,632.6,
2025-11-10 23:21:00+00:00,RISK_PASS,c13ef47e-c3bd-46c6-925f-5d578d712f2d,BUY,MARKET,12,632.6,0,0.0,All risk checks passed
2025-11-10 23:21:00+00:00,FILLED,c13ef47e-c3bd-46c6-925f-5d578d712f2d,BUY,MARKET,12,632.6,12,632.6,
2025-11-10 23:22:00+00:00,RISK_PASS,aafd3d5b-422e-4cec-9764-2522bbd63e76,SELL,MARKET,12.0,632.62,0,0.0,All risk checks passed
2025-11-10 23:22:00+00:00,FILLED,aafd3d5b-422e-4cec-9764-2522bbd63e76,SELL,MARKET,12.0,632.62,12.0,632.62,
2025-11-10 23:56:00+00:00,RISK_PASS,edfb4667-20fa-455c-81e7-7ef2861012e7,BUY,MARKET,12,632.95,0,0.0,All risk checks passed
2025-11-10 23:56:00+00:00,FILLED,edfb4667-20fa-455c-81e7-7ef2861012e7,BUY,MARKET,12,632.95,12,632.95,
2025-11-11 00:01:00+00:00,RISK_PASS,2434eb26-8d91-4ad9-8edf-0114f4b979e5,SELL,MARKET,12.0,633.49,0,0.0,All risk checks passed
2025-11-11 00:01:00+00:00,FILLED,2434eb26-8d91-4ad9-8edf-0114f4b979e5,SELL,MARKET,12.0,633.49,12.0,633.49,
2025-11-11 00:02:00+00:00,RISK_PASS,9316541d-ff43-4aa8-8c15-c57203d5fdde,BUY,MARKET,12,633.4991,0,0.0,All risk checks passed
2025-11-11 00:02:00+00:00,FILLED,9316541d-ff43-4aa8-8c15-c57203d5fdde,BUY,MARKET,12,633.4991,12,633.4991,
2025-11-11 00:03:00+00:00,RISK_PASS,1d158c2a-47ba-4704-85d2-a1a63817c22b,SELL,MARKET,12.0,633.5,0,0.0,All risk checks passed
2025-11-11 00:03:00+00:00,FILLED,1d158c2a-47ba-4704-85d2-a1a63817c22b,SELL,MARKET,12.0,633.5,12.0,633.5,
2025-11-11 00:04:00+00:00,RISK_PASS,baaa7f76-5473-479f-8cc0-edce67d598c2,BUY,MARKET,12,633.5,0,0.0,All risk checks passed
2025-11-11 00:04:00+00:00,FILLED,baaa7f76-5473-479f-8cc0-edce67d598c2,BUY,MARKET,12,633.5,12,633.5,
2025-11-11 00:05:00+00:00,RISK_PASS,93935826-5609-427e-b620-f7aebdc2f62c,SELL,MARKET,12.0,633.59,0,0.0,All risk checks passed
2025-11-11 00:05:00+00:00,FILLED,93935826-5609-427e-b620-f7aebdc2f62c,SELL,MARKET,12.0,633.59,12.0,633.59,
2025-11-11 00:08:00+00:00,RISK_PASS,4f7c7304-82d2-4b38-af18-7ce9fe80a546,BUY,MARKET,12,633.5,0,0.0,All risk checks passed
2025-11-11 00:08:00+00:00,FILLED,4f7c7304-82d2-4b38-af18-7ce9fe80a546,BUY,MARKET,12,633.5,12,633.5,
2025-11-11 00:09:00+00:00,RISK_PASS,a124691c-c2b7-48bd-8075-f63b7c4bf262,SELL,MARKET,12.0,633.5,0,0.0,All risk checks passed
2025-11-11 00:09:00+00:00,FILLED,a124691c-c2b7-48bd-8075-f63b7c4bf262,SELL,MARKET,12.0,633.5,12.0,633.5,
2025-11-11 00:10:00+00:00,RISK_PASS,baf83ea2-62b5-4528-a3e5-ebe974bc6de1,BUY,MARKET,12,633.5,0,0.0,All risk checks passed
2025-11-11 00:10:00+00:00,FILLED,baf83ea2-62b5-4528-a3e5-ebe974bc6de1,BUY,MARKET,12,633.5,4,633.5,
2025-11-11 00:11:00+00:00,RISK_PASS,db0fd6e1-2e06-4580-a408-b74902ad865c,BUY,MARKET,8,633.4,0,0.0,All risk checks passed
2025-11-11 00:11:00+00:00,RISK_PASS,2b3e4ac0-fef7-43d1-80de-df9c6479adb4,SELL,MARKET,4.0,633.4,0,0.0,All risk checks passed
2025-11-11 00:11:00+00:00,FILLED,db0fd6e1-2e06-4580-a408-b74902ad865c,BUY,MARKET,8,633.4,8,633.4,
2025-11-11 00:11:00+00:00,FILLED,2b3e4ac0-fef7-43d1-80de-df9c6479adb4,SELL,MARKET,4.0,633.4,4.0,633.4,
2025-11-11 00:12:00+00:00,RISK_PASS,497cf82f-7322-4686-af86-e88c47e5c0c2,BUY,MARKET,4,633.3,0,0.0,All risk checks passed
2025-11-11 00:12:00+00:00,FILLED,497cf82f-7322-4686-af86-e88c47e5c0c2,BUY,MARKET,4,633.3,4,633.3,
2025-11-11 00:13:00+00:00,RISK_PASS,4893b11d-9561-4fda-958f-7f3ebcc4c481,SELL,MARKET,12.0,633.39,0,0.0,All risk checks passed
2025-11-11 00:13:00+00:00,FILLED,4893b11d-9561-4fda-958f-7f3ebcc4c481,SELL,MARKET,12.0,633.39,12.0,633.39,
2025-11-11 00:14:00+00:00,RISK_PASS,b9c49bfd-891d-425d-bbd1-f3278d25a53e,BUY,MARKET,12,633.48,0,0.0,All risk checks passed
2025-11-11 00:14:00+00:00,FILLED,b9c49bfd-891d-425d-bbd1-f3278d25a53e,BUY,MARKET,12,633.48,12,633.48,
2025-11-11 00:47:00+00:00,RISK_PASS,f70b154b-94a2-4991-97bc-2c849113a08d,BUY,MARKET,6,632.91,0,0.0,All risk checks passed
2025-11-11 00:47:00+00:00,FILLED,f70b154b-94a2-4991-97bc-2c849113a08d,BUY,MARKET,6,632.91,6,632.91,
2025-11-11 00:49:00+00:00,RISK_PASS,0af7ca90-316e-4655-82c2-869002888bcd,SELL,MARKET,18.0,632.9352,0,0.0,All risk checks passed
2025-11-11 00:49:00+00:00,FILLED,0af7ca90-316e-4655-82c2-869002888bcd,SELL,MARKET,18.0,632.9352,18.0,632.9352,
2025-11-11 00:50:00+00:00,RISK_PASS,8041e7a5-0455-440d-8334-6cc8d791262d,BUY,MARKET,15,633.04,0,0.0,All risk checks passed
2025-11-11 00:50:00+00:00,FILLED,8041e7a5-0455-440d-8334-6cc8d791262d,BUY,MARKET,15,633.04,15,633.04,
2025-11-11 00:51:00+00:00,RISK_PASS,daf68da9-b78d-4a36-a927-12fdb6d4647e,SELL,MARKET,15.0,632.9999,0,0.0,All risk checks passed
2025-11-11 00:51:00+00:00,FILLED,daf68da9-b78d-4a36-a927-12fdb6d4647e,SELL,MARKET,15.0,632.9999,15.0,632.9999,
2025-11-11 00:52:00+00:00,RISK_PASS,f877c1f7-a784-4354-aaf3-e89dc555cb33,BUY,MARKET,15,632.91,0,0.0,All risk checks passed
2025-11-11 00:52:00+00:00,FILLED,f877c1f7-a784-4354-aaf3-e89dc555cb33,BUY,MARKET,15,632.91,15,632.91,
2025-11-11 00:53:00+00:00,RISK_PASS,b59a972c-1dd9-4bf2-b946-ed840a06953c,SELL,MARKET,15.0,633.0,0,0.0,All risk checks passed
2025-11-11 00:53:00+00:00,FILLED,b59a972c-1dd9-4bf2-b946-ed840a06953c,SELL,MARKET,15.0,633.0,9,633.0,
2025-11-11 00:54:00+00:00,RISK_PASS,ca54da71-8622-4f56-b76b-40c18c759c28,BUY,MARKET,9,632.7,0,0.0,All risk checks passed
2025-11-11 00:54:00+00:00,RISK_PASS,240de2a4-24f1-44a6-90d4-031f7a110c56,SELL,MARKET,6.0,632.7,0,0.0,All risk checks passed
2025-11-11 00:54:00+00:00,REJECTED,ca54da71-8622-4f56-b76b-40c18c759c28,BUY,MARKET,9,632.7,0,0.0,Random engine rejection
2025-11-11 00:54:00+00:00,FILLED,240de2a4-24f1-44a6-90d4-031f7a110c56,SELL,MARKET,6.0,632.7,6.0,632.7,
2025-11-11 09:00:00+00:00,RISK_PASS,c234ad27-466f-4739-a91b-38ad293edfc1,BUY,MARKET,15,630.65,0,0.0,All risk checks passed
2025-11-11 09:00:00+00:00,FILLED,c234ad27-466f-4739-a91b-38ad293edfc1,BUY,MARKET,15,630.65,15,630.65,
2025-11-11 09:01:00+00:00,RISK_PASS,4e738fb4-c317-4f23-b810-116bbb2726c9,SELL,MARKET,15.0,629.85,0,0.0,All risk checks passed
2025-11-11 09:01:00+00:00,FILLED,4e738fb4-c317-4f23-b810-116bbb2726c9,SELL,MARKET,15.0,629.85,15.0,629.85,
2025-11-11 09:02:00+00:00,RISK_PASS,4f713ddd-2f36-42ff-8911-9ee29b593a7d,BUY,MARKET,15,629.98,0,0.0,All risk checks passed
2025-11-11 09:02:00+00:00,FILLED,4f713ddd-2f36-42ff-8911-9ee29b593a7d,BUY,MARKET,15,629.98,15,629.98,
2025-11-11 09:04:00+00:00,RISK_PASS,fa7dbf05-5a59-4291-8c4e-866cdf34f736,SELL,MARKET,15.0,629.85,0,0.0,All risk checks passed
2025-11-11 09:04:00+00:00,FILLED,fa7dbf05-5a59-4291-8c4e-866cdf34f736,SELL,MARKET,15.0,629.85,15.0,629.85,
2025-11-11 09:10:00+00:00,RISK_PASS,baa354cf-9922-4a35-ae86-24e0b663655d,BUY,MARKET,15,630.6,0,0.0,All risk checks passed
2025-11-11 09:10:00+00:00,REJECTED,baa354cf-9922-4a35-ae86-24e0b663655d,BUY,MARKET,15,630.6,0,0.0,Random engine rejection
2025-11-11 09:11:00+00:00,RISK_PASS,d5367a5a-001d-4032-a229-17bc9cbfe597,BUY,MARKET,15,630.65,0,0.0,All risk checks passed
2025-11-11 09:11:00+00:00,FILLED,d5367a5a-001d-4032-a229-17bc9cbfe597,BUY,MARKET,15,630.65,15,630.65,
2025-11-11 09:12:00+00:00,RISK_PASS,07ee6da5-2721-488b-af90-681d11b19421,SELL,MARKET,15.0,630.52,0,0.0,All risk checks passed
2025-11-11 09:12:00+00:00,REJECTED,07ee6da5-2721-488b-af90-681d11b19421,SELL,MARKET,15.0,630.52,0,0.0,Random engine rejection
2025-11-11 09:13:00+00:00,RISK_PASS,c442613e-7448-4a61-8e9d-de665afc14bc,SELL,MARKET,15.0,630.4,0,0.0,All risk checks passed
2025-11-11 09:13:00+00:00,FILLED,c442613e-7448-4a61-8e9d-de665afc14bc,SELL,MARKET,15.0,630.4,15.0,630.4,
2025-11-11 09:14:00+00:00,RISK_PASS,73ee015a-71b7-49ae-af8a-9b2804af471a,BUY,MARKET,15,630.01,0,0.0,All risk checks passed
2025-11-11 09:14:00+00:00,FILLED,73ee015a-71b7-49ae-af8a-9b2804af471a,BUY,MARKET,15,630.01,15,630.01,
2025-11-11 09:15:00+00:00,RISK_PASS,3e82af6d-9a9e-42a3-906b-6b70777ac5cc,SELL,MARKET,15.0,630.03,0,0.0,All risk checks passed
2025-11-11 09:15:00+00:00,FILLED,3e82af6d-9a9e-42a3-906b-6b70777ac5cc,SELL,MARKET,15.0,630.03,15.0,630.03,
2025-11-11 09:16:00+00:00,RISK_PASS,0c73a114-5019-44dd-ac9d-f80fe9c4b0d9,BUY,MARKET,15,630.13,0,0.0,All risk checks passed
2025-11-11 09:16:00+00:00,FILLED,0c73a114-5019-44dd-ac9d-f80fe9c4b0d9,BUY,MARKET,15,630.13,15,630.13,
2025-11-11 09:17:00+00:00,RISK_PASS,2fff3cdb-3bdf-4458-adcc-c9fbd6ddd6e1,SELL,MARKET,15.0,629.9,0,0.0,All risk checks passed
2025-11-11 09:17:00+00:00,FILLED,2fff3cdb-3bdf-4458-adcc-c9fbd6ddd6e1,SELL,MARKET,15.0,629.9,15.0,629.9,
2025-11-11 09:19:00+00:00,RISK_PASS,5fadf63b-3125-472e-b1bd-f733492966c6,BUY,MARKET,15,629.5,0,0.0,All risk checks passed
2025-11-11 09:19:00+00:00,FILLED,5fadf63b-3125-472e-b1bd-f733492966c6,BUY,MARKET,15,629.5,15,629.5,
2025-11-11 09:20:00+00:00,RISK_PASS,cdd3caa0-5a47-4b69-91f0-eda315c6f215,SELL,MARKET,15.0,629.6,0,0.0,All risk checks passed
2025-11-11 09:20:00+00:00,FILLED,cdd3caa0-5a47-4b69-91f0-eda315c6f215,SELL,MARKET,15.0,629.6,15.0,629.6,
2025-11-11 09:26:00+00:00,RISK_PASS,41e57a1a-c723-4541-ac3d-2013e1bf7b62,BUY,MARKET,15,629.29,0,0.0,All risk checks passed
2025-11-11 09:26:00+00:00,FILLED,41e57a1a-c723-4541-ac3d-2013e1bf7b62,BUY,MARKET,15,629.29,15,629.29,
2025-11-11 09:28:00+00:00,RISK_PASS,4309fd70-e56c-459c-a786-d4f10d4122ef,SELL,MARKET,15.0,629.4,0,0.0,All risk checks passed
2025-11-11 09:28:00+00:00,FILLED,4309fd70-e56c-459c-a786-d4f10d4122ef,SELL,MARKET,15.0,629.4,15.0,629.4,
2025-11-11 09:30:00+00:00,RISK_PASS,305cf27b-f091-44bb-9fcb-d5c92360d227,BUY,MARKET,15,629.43,0,0.0,All risk checks passed
2025-11-11 09:30:00+00:00,FILLED,305cf27b-f091-44bb-9fcb-d5c92360d227,BUY,MARKET,15,629.43,15,629.43,
2025-11-11 09:31:00+00:00,RISK_PASS,b3e5b332-f908-4d6a-93c9-0bd41d0b8b47,SELL,MARKET,15.0,629.66,0,0.0,All risk checks passed
2025-11-11 09:31:00+00:00,FILLED,b3e5b332-f908-4d6a-93c9-0bd41d0b8b47,SELL,MARKET,15.0,629.66,15.0,629.66,
2025-11-11 09:35:00+00:00,RISK_PASS,9557cf05-5be0-4141-a5cb-6a6567503e9c,BUY,MARKET,15,629.17,0,0.0,All risk checks passed
2025-11-11 09:35:00+00:00,FILLED,9557cf05-5be0-4141-a5cb-6a6567503e9c,BUY,MARKET,15,629.17,15,629.17,
2025-11-11 09:36:00+00:00,RISK_PASS,371b557a-d76d-48b0-bec1-4dc7f2c33642,SELL,MARKET,15.0,629.06,0,0.0,All risk checks passed
2025-11-11 09:36:00+00:00,FILLED,371b557a-d76d-48b0-bec1-4dc7f2c33642,SELL,MARKET,15.0,629.06,15.0,629.06,
2025-11-11 09:42:00+00:00,RISK_PASS,0b3b7eee-e894-4c00-a573-22a718850e8c,BUY,MARKET,15,628.85,0,0.0,All risk checks passed
2025-11-11 09:42:00+00:00,FILLED,0b3b7eee-e894-4c00-a573-22a718850e8c,BUY,MARKET,15,628.85,15,628.85,
2025-11-11 09:43:00+00:00,RISK_PASS,285545a3-637c-4764-8ca4-667d7109a552,SELL,MARKET,15.0,628.75,0,0.0,All risk checks passed
2025-11-11 09:43:00+00:00,FILLED,285545a3-637c-4764-8ca4-667d7109a552,SELL,MARKET,15.0,628.75,15.0,628.75,
2025-11-11 10:51:00+00:00,RISK_PASS,cc924c01-7e59-45af-9594-d7da7508acbe,BUY,MARKET,12,629.99,0,0.0,All risk checks passed
2025-11-11 10:51:00+00:00,FILLED,cc924c01-7e59-45af-9594-d7da7508acbe,BUY,MARKET,12,629.99,12,629.99,
2025-11-11 11:04:00+00:00,RISK_PASS,1ef5f8b6-84ba-4b93-b055-c05434af1975,SELL,MARKET,12.0,629.13,0,0.0,All risk checks passed
2025-11-11 11:04:00+00:00,FILLED,1ef5f8b6-84ba-4b93-b055-c05434af1975,SELL,MARKET,12.0,629.13,12.0,629.13,
2025-11-11 11:05:00+00:00,RISK_PASS,114ffbbc-59b5-478d-9eb8-c57eb6302845,BUY,MARKET,12,629.85,0,0.0,All risk checks passed
2025-11-11 11:05:00+00:00,FILLED,114ffbbc-59b5-478d-9eb8-c57eb6302845,BUY,MARKET,12,629.85,12,629.85,
2025-11-11 11:10:00+00:00,RISK_PASS,26821d35-f27a-4e6d-8e60-34e9a17b8ff6,SELL,MARKET,12.0,629.68,0,0.0,All risk checks passed
2025-11-11 11:10:00+00:00,FILLED,26821d35-f27a-4e6d-8e60-34e9a17b8ff6,SELL,MARKET,12.0,629.68,12.0,629.68,
2025-11-11 11:15:00+00:00,RISK_PASS,71bfd600-a08b-4e22-bed3-94c144395da5,BUY,MARKET,12,629.87,0,0.0,All risk checks passed
2025-11-11 11:15:00+00:00,FILLED,71bfd600-a08b-4e22-bed3-94c144395da5,BUY,MARKET,12,629.87,12,629.87,
2025-11-11 11:29:00+00:00,RISK_PASS,fe839e24-4d29-4f72-86a5-3ca145f5cf83,SELL,MARKET,12.0,629.98,0,0.0,All risk checks passed
2025-11-11 11:29:00+00:00,FILLED,fe839e24-4d29-4f72-86a5-3ca145f5cf83,SELL,MARKET,12.0,629.98,12.0,629.98,
2025-11-11 11:32:00+00:00,RISK_PASS,4f1afc95-ba0a-4d9a-afca-062ca8f3671a,BUY,MARKET,19,626.0,0,0.0,All risk checks passed
2025-11-11 11:32:00+00:00,FILLED,4f1afc95-ba0a-4d9a-afca-062ca8f3671a,BUY,MARKET,19,626.0,19,626.0,
2025-11-11 11:33:00+00:00,RISK_PASS,3c09c04d-c90c-4605-9c40-92142f8372a3,SELL,MARKET,19.0,624.21,0,0.0,All risk checks passed
2025-11-11 11:33:00+00:00,FILLED,3c09c04d-c90c-4605-9c40-92142f8372a3,SELL,MARKET,19.0,624.21,19.0,624.21,
2025-11-11 11:34:00+00:00,RISK_PASS,72d851c8-e710-443a-aba9-941c9c99c823,BUY,MARKET,16,621.98,0,0.0,All risk checks passed
2025-11-11 11:34:00+00:00,FILLED,72d851c8-e710-443a-aba9-941c9c99c823,BUY,MARKET,16,621.98,16,621.98,
2025-11-11 11:35:00+00:00,RISK_PASS,4fc2b45c-3b38-4158-90fd-63bb636ef8c9,SELL,MARKET,16.0,623.0,0,0.0,All risk checks passed
2025-11-11 11:35:00+00:00,FILLED,4fc2b45c-3b38-4158-90fd-63bb636ef8c9,SELL,MARKET,16.0,623.0,16.0,623.0,
2025-11-11 11:36:00+00:00,RISK_PASS,fc80986b-b015-44f2-bd87-5bde02216a9f,BUY,MARKET,16,621.0,0,0.0,All risk checks passed
2025-11-11 11:36:00+00:00,FILLED,fc80986b-b015-44f2-bd87-5bde02216a9f,BUY,MARKET,16,621.0,16,621.0,
2025-11-11 11:37:00+00:00,RISK_PASS,5ab97b01-94bf-4523-bb58-3d1444bb9cd6,SELL,MARKET,16.0,622.5,0,0.0,All risk checks passed
2025-11-11 11:37:00+00:00,FILLED,5ab97b01-94bf-4523-bb58-3d1444bb9cd6,SELL,MARKET,16.0,622.5,16.0,622.5,
2025-11-11 11:38:00+00:00,RISK_PASS,495e4755-a3f9-4288-8563-2a76dacff18b,BUY,MARKET,16,621.97,0,0.0,All risk checks passed
2025-11-11 11:38:00+00:00,FILLED,495e4755-a3f9-4288-8563-2a76dacff18b,BUY,MARKET,16,621.97,16,621.97,
2025-11-11 11:39:00+00:00,RISK_PASS,b78054ea-faec-4427-8590-a7dfe6d3afd7,SELL,MARKET,16.0,623.6,0,0.0,All risk checks passed
2025-11-11 11:39:00+00:00,FILLED,b78054ea-faec-4427-8590-a7dfe6d3afd7,SELL,MARKET,16.0,623.6,16.0,623.6,
2025-11-11 11:40:00+00:00,RISK_PASS,f156cae6-0120-4fef-ace7-6642c78a4ed3,BUY,MARKET,16,623.2,0,0.0,All risk checks passed
2025-11-11 11:40:00+00:00,FILLED,f156cae6-0120-4fef-ace7-6642c78a4ed3,BUY,MARKET,16,623.2,16,623.2,
2025-11-11 11:41:00+00:00,RISK_PASS,ce5d0648-7fff-4a1e-ba2c-998cc8105211,SELL,MARKET,16.0,624.1,0,0.0,All risk checks passed
2025-11-11 11:41:00+00:00,FILLED,ce5d0648-7fff-4a1e-ba2c-998cc8105211,SELL,MARKET,16.0,624.1,16.0,624.1,
2025-11-11 12:18:00+00:00,RISK_PASS,ec7c45b3-1123-4826-847b-609819a2a048,BUY,MARKET,12,623.99,0,0.0,All risk checks passed
2025-11-11 12:18:00+00:00,FILLED,ec7c45b3-1123-4826-847b-609819a2a048,BUY,MARKET,12,623.99,12,623.99,
2025-11-11 12:23:00+00:00,RISK_PASS,f7b4d4a4-8ca3-49b2-a8f4-31303b030473,SELL,MARKET,12.0,623.8,0,0.0,All risk checks passed
2025-11-11 12:23:00+00:00,FILLED,f7b4d4a4-8ca3-49b2-a8f4-31303b030473,SELL,MARKET,12.0,623.8,2,623.8,
2025-11-11 12:24:00+00:00,RISK_PASS,47db64ef-aca3-41ff-b534-b7bd7d8358ae,SELL,MARKET,10.0,623.7,0,0.0,All risk checks passed
2025-11-11 12:24:00+00:00,FILLED,47db64ef-aca3-41ff-b534-b7bd7d8358ae,SELL,MARKET,10.0,623.7,10.0,623.7,
2025-11-11 12:35:00+00:00,RISK_PASS,c3896226-7bb8-43d6-a156-a47c07e088c9,BUY,MARKET,12,624.2,0,0.0,All risk checks passed
2025-11-11 12:35:00+00:00,FILLED,c3896226-7bb8-43d6-a156-a47c07e088c9,BUY,MARKET,12,624.2,12,624.2,
2025-11-11 12:38:00+00:00,RISK_PASS,244731ab-4020-498a-86e2-3ba890a1750a,SELL,MARKET,12.0,623.0,0,0.0,All risk checks passed
2025-11-11 12:38:00+00:00,REJECTED,244731ab-4020-498a-86e2-3ba890a1750a,SELL,MARKET,12.0,623.0,0,0.0,Random engine rejection
2025-11-11 12:39:00+00:00,RISK_PASS,81c82caa-fcf9-4e8d-a10a-294c69779c62,SELL,MARKET,12.0,622.88,0,0.0,All risk checks passed
2025-11-11 12:39:00+00:00,FILLED,81c82caa-fcf9-4e8d-a10a-294c69779c62,SELL,MARKET,12.0,622.88,12.0,622.88,
2025-11-11 13:07:00+00:00,RISK_PASS,0a82ca2b-1845-4806-ad91-39fd7e878ff6,BUY,MARKET,12,624.19,0,0.0,All risk checks passed
2025-11-11 13:07:00+00:00,FILLED,0a82ca2b-1845-4806-ad91-39fd7e878ff6,BUY,MARKET,12,624.19,12,624.19,
2025-11-11 13:09:00+00:00,RISK_PASS,7296cbcd-cff8-4218-99ad-d5339db27f20,SELL,MARKET,12.0,624.7,0,0.0,All risk checks passed
2025-11-11 13:09:00+00:00,FILLED,7296cbcd-cff8-4218-99ad-d5339db27f20,SELL,MARKET,12.0,624.7,12.0,624.7,
2025-11-11 13:10:00+00:00,RISK_PASS,ee80234e-26c5-4944-afb9-0880c79bce82,BUY,MARKET,12,624.78,0,0.0,All risk checks passed
2025-11-11 13:10:00+00:00,FILLED,ee80234e-26c5-4944-afb9-0880c79bce82,BUY,MARKET,12,624.78,12,624.78,
2025-11-11 13:11:00+00:00,RISK_PASS,cecc9a2c-7f36-4330-bcce-0daebe441b27,SELL,MARKET,12.0,624.51,0,0.0,All risk checks passed
2025-11-11 13:11:00+00:00,FILLED,cecc9a2c-7f36-4330-bcce-0daebe441b27,SELL,MARKET,12.0,624.51,12.0,624.51,
2025-11-11 13:12:00+00:00,RISK_PASS,cfa8ff25-6fc0-49a0-8cd8-5edaa9e7f987,BUY,MARKET,12,624.51,0,0.0,All risk checks passed
2025-11-11 13:12:00+00:00,FILLED,cfa8ff25-6fc0-49a0-8cd8-5edaa9e7f987,BUY,MARKET,12,624.51,12,624.51,
2025-11-11 13:13:00+00:00,RISK_PASS,3ab0e946-93c1-483d-8135-d6860c8a0bcf,SELL,MARKET,12.0,625.0,0,0.0,All risk checks passed
2025-11-11 13:13:00+00:00,FILLED,3ab0e946-93c1-483d-8135-d6860c8a0bcf,SELL,MARKET,12.0,625.0,12.0,625.0,
2025-11-11 13:14:00+00:00,RISK_PASS,2683a696-461e-423d-89f8-4d0a76c3c99f,BUY,MARKET,12,625.49,0,0.0,All risk checks passed
2025-11-11 13:14:00+00:00,FILLED,2683a696-461e-423d-89f8-4d0a76c3c99f,BUY,MARKET,12,625.49,2,625.49,
2025-11-11 13:15:00+00:00,RISK_PASS,cabf93c9-864c-4488-9ba2-4cb6e1eaef51,BUY,MARKET,10,625.0,0,0.0,All risk checks passed
2025-11-11 13:15:00+00:00,RISK_PASS,32b635da-4b42-495f-8a96-f81eecee9298,SELL,MARKET,2.0,625.0,0,0.0,All risk checks passed
2025-11-11 13:15:00+00:00,FILLED,cabf93c9-864c-4488-9ba2-4cb6e1eaef51,BUY,MARKET,10,625.0,10,625.0,
2025-11-11 13:15:00+00:00,FILLED,32b635da-4b42-495f-8a96-f81eecee9298,SELL,MARKET,2.0,625.0,2.0,625.0,
2025-11-11 13:16:00+00:00,RISK_PASS,135fc736-1fc9-4f32-880a-66823a9ef289,BUY,MARKET,2,624.75,0,0.0,All risk checks passed
2025-11-11 13:16:00+00:00,FILLED,135fc736-1fc9-4f32-880a-66823a9ef289,BUY,MARKET,2,624.75,2,624.75,
2025-11-11 14:02:00+00:00,RISK_PASS,56b72e58-d5c7-4985-8446-ae3b11d51649,SELL,MARKET,12.0,626.3,0,0.0,All risk checks passed
2025-11-11 14:02:00+00:00,FILLED,56b72e58-d5c7-4985-8446-ae3b11d51649,SELL,MARKET,12.0,626.3,12.0,626.3,
2025-11-11 14:03:00+00:00,RISK_PASS,57ad38fa-0bd8-4061-9468-0ee8662bfbbc,BUY,MARKET,12,626.01,0,0.0,All risk checks passed
2025-11-11 14:03:00+00:00,FILLED,57ad38fa-0bd8-4061-9468-0ee8662bfbbc,BUY,MARKET,12,626.01,12,626.01,
2025-11-11 14:05:00+00:00,RISK_PASS,98fda1ec-7ed7-4b86-9d20-03b41239991c,SELL,MARKET,12.0,626.6394,0,0.0,All risk checks passed
2025-11-11 14:05:00+00:00,FILLED,98fda1ec-7ed7-4b86-9d20-03b41239991c,SELL,MARKET,12.0,626.6394,12.0,626.6394,
2025-11-11 14:06:00+00:00,RISK_PASS,d9a1298a-7a91-4028-9633-f0b9d311ce1f,BUY,MARKET,12,626.0,0,0.0,All risk checks passed
2025-11-11 14:06:00+00:00,FILLED,d9a1298a-7a91-4028-9633-f0b9d311ce1f,BUY,MARKET,12,626.0,12,626.0,
2025-11-11 14:22:00+00:00,RISK_PASS,65fb7b1d-b497-4385-8f85-0fa3bad582dc,SELL,MARKET,12.0,627.25,0,0.0,All risk checks passed
2025-11-11 14:22:00+00:00,FILLED,65fb7b1d-b497-4385-8f85-0fa3bad582dc,SELL,MARKET,12.0,627.25,12.0,627.25,
2025-11-11 14:23:00+00:00,RISK_PASS,21efecf7-2a4d-480d-b2eb-687fab3c0b8a,BUY,MARKET,12,627.18,0,0.0,All risk checks passed
2025-11-11 14:23:00+00:00,FILLED,21efecf7-2a4d-480d-b2eb-687fab3c0b8a,BUY,MARKET,12,627.18,12,627.18,
2025-11-11 14:24:00+00:00,RISK_PASS,718666f1-d9f1-42fc-8973-72801d4ed899,SELL,MARKET,12.0,627.1662,0,0.0,All risk checks passed
2025-11-11 14:24:00+00:00,FILLED,718666f1-d9f1-42fc-8973-72801d4ed899,SELL,MARKET,12.0,627.1662,12.0,627.1662,
2025-11-11 14:25:00+00:00,RISK_PASS,d4e5c60e-c3bd-48b6-b2a4-0311d472397b,BUY,MARKET,12,629.72,0,0.0,All risk checks passed
2025-11-11 14:25:00+00:00,FILLED,d4e5c60e-c3bd-48b6-b2a4-0311d472397b,BUY,MARKET,12,629.72,12,629.72,
2025-11-11 14:26:00+00:00,RISK_PASS,9e40f54f-725a-474e-9dc2-fad4dd5d8d66,SELL,MARKET,12.0,629.08,0,0.0,All risk checks passed
2025-11-11 14:26:00+00:00,FILLED,9e40f54f-725a-474e-9dc2-fad4dd5d8d66,SELL,MARKET,12.0,629.08,12.0,629.08,
2025-11-11 14:27:00+00:00,RISK_PASS,17c3d066-c539-46d2-b227-930548d54851,BUY,MARKET,12,628.43,0,0.0,All risk checks passed
2025-11-11 14:27:00+00:00,REJECTED,17c3d066-c539-46d2-b227-930548d54851,BUY,MARKET,12,628.43,0,0.0,Random engine rejection
2025-11-11 14:28:00+00:00,RISK_PASS,da360672-349b-4f2a-b324-0dc5c68e8121,BUY,MARKET,12,627.9,0,0.0,All risk checks passed
2025-11-11 14:28:00+00:00,FILLED,da360672-349b-4f2a-b324-0dc5c68e8121,BUY,MARKET,12,627.9,12,627.9,
2025-11-11 14:39:00+00:00,RISK_PASS,4fc0fedf-1577-494d-b78e-d131d2e187cf,BUY,MARKET,3,625.11,0,0.0,All risk checks passed
2025-11-11 14:39:00+00:00,RISK_PASS,57942c9a-f12f-4fb0-9ea6-6488ffc5e34c,SELL,MARKET,12.0,625.11,0,0.0,All risk checks passed
2025-11-11 14:39:00+00:00,FILLED,4fc0fedf-1577-494d-b78e-d131d2e187cf,BUY,MARKET,3,625.11,1,625.11,
2025-11-11 14:39:00+00:00,FILLED,57942c9a-f12f-4fb0-9ea6-6488ffc5e34c,SELL,MARKET,12.0,625.11,12.0,625.11,
2025-11-11 14:40:00+00:00,RISK_PASS,29bf5714-4907-4249-adee-1d1fd6b5222d,BUY,MARKET,14,625.7075,0,0.0,All risk checks passed
2025-11-11 14:40:00+00:00,RISK_PASS,97a2dac5-e98f-4f1f-96dc-b5648d291586,SELL,MARKET,1.0,625.7075,0,0.0,All risk checks passed
2025-11-11 14:40:00+00:00,FILLED,29bf5714-4907-4249-adee-1d1fd6b5222d,BUY,MARKET,14,625.7075,14,625.7075,
2025-11-11 14:40:00+00:00,FILLED,97a2dac5-e98f-4f1f-96dc-b5648d291586,SELL,MARKET,1.0,625.7075,1.0,625.7075,
2025-11-11 14:41:00+00:00,RISK_PASS,87840b09-5b66-49de-b785-00e0a3899903,BUY,MARKET,1,624.795,0,0.0,All risk checks passed
2025-11-11 14:41:00+00:00,RISK_PASS,d2be2349-0ac1-4aa2-9d63-5b11e6db8d14,SELL,MARKET,14.0,624.795,0,0.0,All risk checks passed
2025-11-11 14:41:00+00:00,FILLED,87840b09-5b66-49de-b785-00e0a3899903,BUY,MARKET,1,624.795,1,624.795,
2025-11-11 14:41:00+00:00,FILLED,d2be2349-0ac1-4aa2-9d63-5b11e6db8d14,SELL,MARKET,14.0,624.795,14.0,624.795,
2025-11-11 14:42:00+00:00,RISK_PASS,76713853-9fde-47f6-ae8f-e52d8016673d,SELL,MARKET,1.0,625.515,0,0.0,All risk checks passed
2025-11-11 14:42:00+00:00,FILLED,76713853-9fde-47f6-ae8f-e52d8016673d,SELL,MARKET,1.0,625.515,1.0,625.515,
2025-11-11 15:12:00+00:00,RISK_PASS,0a76f751-ffc8-4a3e-9864-0ed25ec90364,BUY,MARKET,16,623.19,0,0.0,All risk checks passed
2025-11-11 15:12:00+00:00,FILLED,0a76f751-ffc8-4a3e-9864-0ed25ec90364,BUY,MARKET,16,623.19,16,623.19,
2025-11-11 15:13:00+00:00,RISK_PASS,ad3c95c0-3592-4d5c-a25d-c6439cfbe628,SELL,MARKET,16.0,622.95,0,0.0,All risk checks passed
2025-11-11 15:13:00+00:00,FILLED,ad3c95c0-3592-4d5c-a25d-c6439cfbe628,SELL,MARKET,16.0,622.95,16.0,622.95,
2025-11-11 15:15:00+00:00,RISK_PASS,c92db6ff-c68d-4f88-9c28-aea17e51242f,BUY,MARKET,16,622.39,0,0.0,All risk checks passed
2025-11-11 15:15:00+00:00,FILLED,c92db6ff-c68d-4f88-9c28-aea17e51242f,BUY,MARKET,16,622.39,16,622.39,
2025-11-11 15:16:00+00:00,RISK_PASS,30a55312-66a4-4f14-a7e2-d3fb5fb7fc9f,SELL,MARKET,16.0,623.0,0,0.0,All risk checks passed
2025-11-11 15:16:00+00:00,FILLED,30a55312-66a4-4f14-a7e2-d3fb5fb7fc9f,SELL,MARKET,16.0,623.0,16.0,623.0,
2025-11-11 15:23:00+00:00,RISK_PASS,1f990ddb-30b1-4295-b474-df8ac9d94121,BUY,MARKET,16,622.42,0,0.0,All risk checks passed
2025-11-11 15:23:00+00:00,FILLED,1f990ddb-30b1-4295-b474-df8ac9d94121,BUY,MARKET,16,622.42,16,622.42,
2025-11-11 15:24:00+00:00,RISK_PASS,112114ee-2913-43ff-99de-7a0fc44f04e3,SELL,MARKET,16.0,622.88,0,0.0,All risk checks passed
2025-11-11 15:24:00+00:00,FILLED,112114ee-2913-43ff-99de-7a0fc44f04e3,SELL,MARKET,16.0,622.88,16.0,622.88,
2025-11-11 15:32:00+00:00,RISK_PASS,0273f75f-866e-40dd-9aad-43a102e6794e,BUY,MARKET,16,620.23,0,0.0,All risk checks passed
2025-11-11 15:32:00+00:00,FILLED,0273f75f-866e-40dd-9aad-43a102e6794e,BUY,MARKET,16,620.23,16,620.23,
2025-11-11 15:33:00+00:00,RISK_PASS,71188015-bb39-4c37-9ee6-c646d384b84d,SELL,MARKET,16.0,620.1069,0,0.0,All risk checks passed
2025-11-11 15:33:00+00:00,FILLED,71188015-bb39-4c37-9ee6-c646d384b84d,SELL,MARKET,16.0,620.1069,16.0,620.1069,
2025-11-11 15:34:00+00:00,RISK_PASS,c45b12bc-f22d-41cc-a34b-6d28c9417de8,BUY,MARKET,16,620.09,0,0.0,All risk checks passed
2025-11-11 15:34:00+00:00,FILLED,c45b12bc-f22d-41cc-a34b-6d28c9417de8,BUY,MARKET,16,620.09,7,620.09,
2025-11-11 15:35:00+00:00,RISK_PASS,d2f2e2a8-8c5d-492e-8feb-9c22653fe321,BUY,MARKET,9,619.75,0,0.0,All risk checks passed
2025-11-11 15:35:00+00:00,RISK_PASS,75e3a1c5-94c6-4dc9-8c13-19a043301c75,SELL,MARKET,7.0,619.75,0,0.0,All risk checks passed
2025-11-11 15:35:00+00:00,FILLED,d2f2e2a8-8c5d-492e-8feb-9c22653fe321,BUY,MARKET,9,619.75,9,619.75,
2025-11-11 15:35:00+00:00,FILLED,75e3a1c5-94c6-4dc9-8c13-19a043301c75,SELL,MARKET,7.0,619.75,7.0,619.75,
2025-11-11 15:36:00+00:00,RISK_PASS,4c740dc7-e7a9-47a6-a036-50c8e17118d7,BUY,MARKET,7,619.79,0,0.0,All risk checks passed
2025-11-11 15:36:00+00:00,RISK_PASS,eb8f6b90-f76e-404c-b4b4-d5182c9c4245,SELL,MARKET,9.0,619.79,0,0.0,All risk checks passed
2025-11-11 15:36:00+00:00,FILLED,4c740dc7-e7a9-47a6-a036-50c8e17118d7,BUY,MARKET,7,619.79,7,619.79,
2025-11-11 15:36:00+00:00,FILLED,eb8f6b90-f76e-404c-b4b4-d5182c9c4245,SELL,MARKET,9.0,619.79,9.0,619.79,
2025-11-11 15:37:00+00:00,RISK_PASS,d4bfba26-ee1e-44b2-89e0-b5e4fcd3a00b,SELL,MARKET,7.0,620.79,0,0.0,All risk checks passed
2025-11-11 15:37:00+00:00,FILLED,d4bfba26-ee1e-44b2-89e0-b5e4fcd3a00b,SELL,MARKET,7.0,620.79,7.0,620.79,
2025-11-11 15:38:00+00:00,RISK_PASS,08211e55-e952-495a-99fd-8667bc3e74fc,BUY,MARKET,16,620.5877,0,0.0,All risk checks passed
2025-11-11 15:38:00+00:00,FILLED,08211e55-e952-495a-99fd-8667bc3e74fc,BUY,MARKET,16,620.5877,16,620.5877,
2025-11-11 15:39:00+00:00,RISK_PASS,8d24cb9e-5db2-401c-81ef-ae3101ee45ed,SELL,MARKET,16.0,621.36,0,0.0,All risk checks passed
2025-11-11 15:39:00+00:00,FILLED,8d24cb9e-5db2-401c-81ef-ae3101ee45ed,SELL,MARKET,16.0,621.36,2,621.36,
2025-11-11 15:40:00+00:00,RISK_PASS,fdbd0ef5-3b0b-45f6-abec-2b6cb009eb1a,SELL,MARKET,14.0,621.4,0,0.0,All risk checks passed
2025-11-11 15:40:00+00:00,FILLED,fdbd0ef5-3b0b-45f6-abec-2b6cb009eb1a,SELL,MARKET,14.0,621.4,14.0,621.4,
2025-11-11 16:02:00+00:00,RISK_PASS,2ce1148c-14ce-4cd4-a9f2-fbc7b5a876fe,BUY,MARKET,12,622.94,0,0.0,All risk checks passed
2025-11-11 16:02:00+00:00,FILLED,2ce1148c-14ce-4cd4-a9f2-fbc7b5a876fe,BUY,MARKET,12,622.94,12,622.94,
2025-11-11 16:04:00+00:00,RISK_PASS,a5eb5c96-7c07-4478-a6a9-7042b6b77980,SELL,MARKET,12.0,622.81,0,0.0,All risk checks passed
2025-11-11 16:04:00+00:00,FILLED,a5eb5c96-7c07-4478-a6a9-7042b6b77980,SELL,MARKET,12.0,622.81,12.0,622.81,
2025-11-11 16:05:00+00:00,RISK_PASS,21aad331-7391-410c-aab9-104eea8d2700,BUY,MARKET,12,622.81,0,0.0,All risk checks passed
2025-11-11 16:05:00+00:00,FILLED,21aad331-7391-410c-aab9-104eea8d2700,BUY,MARKET,12,622.81,12,622.81,
2025-11-11 16:06:00+00:00,RISK_PASS,6db3596a-6523-4c41-a193-f2808eadf2fd,SELL,MARKET,12.0,622.8801,0,0.0,All risk checks passed
2025-11-11 16:06:00+00:00,FILLED,6db3596a-6523-4c41-a193-f2808eadf2fd,SELL,MARKET,12.0,622.8801,12.0,622.8801,
2025-11-11 16:07:00+00:00,RISK_PASS,e9a78744-4d91-4770-aef2-85fd3ea7db52,BUY,MARKET,12,623.16,0,0.0,All risk checks passed
2025-11-11 16:07:00+00:00,FILLED,e9a78744-4d91-4770-aef2-85fd3ea7db52,BUY,MARKET,12,623.16,12,623.16,
2025-11-11 16:08:00+00:00,RISK_PASS,f5c96236-3591-4738-be11-7ca8e7489d9b,SELL,MARKET,12.0,623.063,0,0.0,All risk checks passed
2025-11-11 16:08:00+00:00,FILLED,f5c96236-3591-4738-be11-7ca8e7489d9b,SELL,MARKET,12.0,623.063,8,623.063,
2025-11-11 16:09:00+00:00,RISK_PASS,0a4e8b1c-444a-48d9-8bf8-9ca77c91ae1a,BUY,MARKET,8,623.33,0,0.0,All risk checks passed
2025-11-11 16:09:00+00:00,RISK_PASS,f0069f71-b432-4bc9-abd0-0b1f8302a36f,SELL,MARKET,4.0,623.33,0,0.0,All risk checks passed
2025-11-11 16:09:00+00:00,REJECTED,0a4e8b1c-444a-48d9-8bf8-9ca77c91ae1a,BUY,MARKET,8,623.33,0,0.0,Random engine rejection
2025-11-11 16:09:00+00:00,FILLED,f0069f71-b432-4bc9-abd0-0b1f8302a36f,SELL,MARKET,4.0,623.33,4.0,623.33,
2025-11-11 16:10:00+00:00,RISK_PASS,9cdece8b-b45f-4f4a-92f0-2afeec0b0db6,BUY,MARKET,12,623.485,0,0.0,All risk checks passed
2025-11-11 16:10:00+00:00,FILLED,9cdece8b-b45f-4f4a-92f0-2afeec0b0db6,BUY,MARKET,12,623.485,12,623.485,
2025-11-11 16:11:00+00:00,RISK_PASS,65870545-84d4-45c2-bd70-38e606604cb5,SELL,MARKET,12.0,623.51,0,0.0,All risk checks passed
2025-11-11 16:11:00+00:00,FILLED,65870545-84d4-45c2-bd70-38e606604cb5,SELL,MARKET,12.0,623.51,12.0,623.51,
2025-11-11 16:12:00+00:00,RISK_PASS,28ad00a8-2484-446f-a932-83aaf439e51d,BUY,MARKET,12,623.356,0,0.0,All risk checks passed
2025-11-11 16:12:00+00:00,FILLED,28ad00a8-2484-446f-a932-83aaf439e51d,BUY,MARKET,12,623.356,12,623.356,
2025-11-11 16:13:00+00:00,RISK_PASS,3277b7df-d2e4-48b9-8413-5a39c8ea7589,SELL,MARKET,12.0,623.525,0,0.0,All risk checks passed
2025-11-11 16:13:00+00:00,FILLED,3277b7df-d2e4-48b9-8413-5a39c8ea7589,SELL,MARKET,12.0,623.525,12.0,623.525,
2025-11-11 16:14:00+00:00,RISK_PASS,7c08a1b2-9f75-44c4-a7a3-13b93aa97023,BUY,MARKET,12,623.73,0,0.0,All risk checks passed
2025-11-11 16:14:00+00:00,FILLED,7c08a1b2-9f75-44c4-a7a3-13b93aa97023,BUY,MARKET,12,623.73,12,623.73,
2025-11-11 16:15:00+00:00,RISK_PASS,d655c274-7673-4740-a559-6b82c16faa90,SELL,MARKET,12.0,623.7585,0,0.0,All risk checks passed
2025-11-11 16:15:00+00:00,FILLED,d655c274-7673-4740-a559-6b82c16faa90,SELL,MARKET,12.0,623.7585,12.0,623.7585,
2025-11-11 16:16:00+00:00,RISK_PASS,9378b504-35b5-49e7-9b5c-421d10fcd306,BUY,MARKET,12,623.76,0,0.0,All risk checks passed
2025-11-11 16:16:00+00:00,FILLED,9378b504-35b5-49e7-9b5c-421d10fcd306,BUY,MARKET,12,623.76,12,623.76,
2025-11-11 16:18:00+00:00,RISK_PASS,a167d27e-aef0-4328-9b09-b17f8044ddd2,SELL,MARKET,12.0,623.64,0,0.0,All risk checks passed
2025-11-11 16:18:00+00:00,FILLED,a167d27e-aef0-4328-9b09-b17f8044ddd2,SELL,MARKET,12.0,623.64,12.0,623.64,
2025-11-11 16:19:00+00:00,RISK_PASS,b4808afe-5ad3-4b60-a755-cf818e9f2fb3,BUY,MARKET,12,623.83,0,0.0,All risk checks passed
2025-11-11 16:19:00+00:00,FILLED,b4808afe-5ad3-4b60-a755-cf818e9f2fb3,BUY,MARKET,12,623.83,12,623.83,
2025-11-11 16:28:00+00:00,RISK_PASS,96941ff7-283b-46a6-9380-e98c319fccf0,BUY,MARKET,7,622.89,0,0.0,All risk checks passed
2025-11-11 16:28:00+00:00,REJECTED,96941ff7-283b-46a6-9380-e98c319fccf0,BUY,MARKET,7,622.89,0,0.0,Random engine rejection
2025-11-11 16:29:00+00:00,RISK_PASS,fed80389-0662-4cc7-953a-b44e96a24fa3,BUY,MARKET,7,622.4,0,0.0,All risk checks passed
2025-11-11 16:29:00+00:00,FILLED,fed80389-0662-4cc7-953a-b44e96a24fa3,BUY,MARKET,7,622.4,7,622.4,
2025-11-11 16:37:00+00:00,RISK_PASS,2226a383-0c5a-41db-a8f7-39c6baa328ec,SELL,MARKET,19.0,623.24,0,0.0,All risk checks passed
2025-11-11 16:37:00+00:00,FILLED,2226a383-0c5a-41db-a8f7-39c6baa328ec,SELL,MARKET,19.0,623.24,19.0,623.24,
2025-11-11 16:39:00+00:00,RISK_PASS,53a3f11c-a6b5-4617-9dfd-5e5b06a271b7,BUY,MARKET,12,623.13,0,0.0,All risk checks passed
2025-11-11 16:39:00+00:00,FILLED,53a3f11c-a6b5-4617-9dfd-5e5b06a271b7,BUY,MARKET,12,623.13,12,623.13,
2025-11-11 16:44:00+00:00,RISK_PASS,4cfbb1ac-b6c0-43a7-9221-ac5302b5735b,SELL,MARKET,12.0,623.5,0,0.0,All risk checks passed
2025-11-11 16:44:00+00:00,FILLED,4cfbb1ac-b6c0-43a7-9221-ac5302b5735b,SELL,MARKET,12.0,623.5,12.0,623.5,
2025-11-11 16:45:00+00:00,RISK_PASS,905a6718-b368-482e-90d2-86437ab32d4a,BUY,MARKET,12,623.63,0,0.0,All risk checks passed
2025-11-11 16:45:00+00:00,FILLED,905a6718-b368-482e-90d2-86437ab32d4a,BUY,MARKET,12,623.63,12,623.63,
2025-11-11 16:46:00+00:00,RISK_PASS,bb18b754-3495-4719-a2e4-36465c679188,SELL,MARKET,12.0,623.79,0,0.0,All risk checks passed
2025-11-11 16:46:00+00:00,FILLED,bb18b754-3495-4719-a2e4-36465c679188,SELL,MARKET,12.0,623.79,12.0,623.79,
2025-11-11 16:47:00+00:00,RISK_PASS,f5a1bb45-213a-4cd6-b8c1-bfdd9e67cf85,BUY,MARKET,12,623.7,0,0.0,All risk checks passed
2025-11-11 16:47:00+00:00,FILLED,f5a1bb45-213a-4cd6-b8c1-bfdd9e67cf85,BUY,MARKET,12,623.7,12,623.7,
2025-11-11 16:54:00+00:00,RISK_PASS,9ed51835-1756-42fa-b40c-b409854a540f,SELL,MARKET,12.0,624.105,0,0.0,All risk checks passed
2025-11-11 16:54:00+00:00,REJECTED,9ed51835-1756-42fa-b40c-b409854a540f,SELL,MARKET,12.0,624.105,0,0.0,Random engine rejection
2025-11-11 17:05:00+00:00,RISK_PASS,fe536284-1ee6-4f1f-8c4c-425bc8e3c176,SELL,MARKET,12.0,625.38,0,0.0,All risk checks passed
2025-11-11 17:05:00+00:00,FILLED,fe536284-1ee6-4f1f-8c4c-425bc8e3c176,SELL,MARKET,12.0,625.38,12.0,625.38,
2025-11-11 17:06:00+00:00,RISK_PASS,368d1f96-101a-49dd-ac38-a3832047c8e2,BUY,MARKET,12,624.99,0,0.0,All risk checks passed
2025-11-11 17:06:00+00:00,FILLED,368d1f96-101a-49dd-ac38-a3832047c8e2,BUY,MARKET,12,624.99,12,624.99,
2025-11-11 17:27:00+00:00,RISK_PASS,7c88ae2c-236c-452c-863d-2dbae63501a7,BUY,MARKET,7,623.0,0,0.0,All risk checks passed
2025-11-11 17:27:00+00:00,FILLED,7c88ae2c-236c-452c-863d-2dbae63501a7,BUY,MARKET,7,623.0,7,623.0,
2025-11-11 17:28:00+00:00,RISK_PASS,1eba65f1-c9fc-4aab-9273-eeae14873179,SELL,MARKET,19.0,623.3167,0,0.0,All risk checks passed
2025-11-11 17:28:00+00:00,FILLED,1eba65f1-c9fc-4aab-9273-eeae14873179,SELL,MARKET,19.0,623.3167,19.0,623.3167,
2025-11-11 17:29:00+00:00,RISK_PASS,5baec16c-fe8b-47c6-b9de-2e5c071438fb,BUY,MARKET,16,623.38,0,0.0,All risk checks passed
2025-11-11 17:29:00+00:00,FILLED,5baec16c-fe8b-47c6-b9de-2e5c071438fb,BUY,MARKET,16,623.38,16,623.38,
2025-11-11 17:30:00+00:00,RISK_PASS,8b69feda-5c0e-458f-aa75-bf485369dea4,SELL,MARKET,16.0,623.605,0,0.0,All risk checks passed
2025-11-11 17:30:00+00:00,FILLED,8b69feda-5c0e-458f-aa75-bf485369dea4,SELL,MARKET,16.0,623.605,16.0,623.605,
2025-11-11 17:31:00+00:00,RISK_PASS,390dce23-9ec9-4e55-8104-d1db213baf01,BUY,MARKET,16,623.74,0,0.0,All risk checks passed
2025-11-11 17:31:00+00:00,FILLED,390dce23-9ec9-4e55-8104-d1db213baf01,BUY,MARKET,16,623.74,9,623.74,
2025-11-11 17:32:00+00:00,RISK_PASS,db6d4920-f4ba-453a-8a98-5b9bc1ee4c1b,SELL,MARKET,9.0,623.78,0,0.0,All risk checks passed
2025-11-11 17:32:00+00:00,FILLED,db6d4920-f4ba-453a-8a98-5b9bc1ee4c1b,SELL,MARKET,9.0,623.78,1,623.78,
2025-11-11 17:33:00+00:00,RISK_PASS,b36dd058-d93b-4eaa-998f-aff1a778e7c0,SELL,MARKET,8.0,623.95,0,0.0,All risk checks passed
2025-11-11 17:33:00+00:00,FILLED,b36dd058-d93b-4eaa-998f-aff1a778e7c0,SELL,MARKET,8.0,623.95,8.0,623.95,
2025-11-11 17:53:00+00:00,RISK_PASS,8520e92d-596a-4543-a775-7f19222db5b5,BUY,MARKET,12,624.397,0,0.0,All risk checks passed
2025-11-11 17:53:00+00:00,FILLED,8520e92d-596a-4543-a775-7f19222db5b5,BUY,MARKET,12,624.397,12,624.397,
2025-11-11 18:02:00+00:00,RISK_PASS,bd14528e-b676-4cc7-aa27-f9e35d6b3143,SELL,MARKET,12.0,623.778,0,0.0,All risk checks passed
2025-11-11 18:02:00+00:00,FILLED,bd14528e-b676-4cc7-aa27-f9e35d6b3143,SELL,MARKET,12.0,623.778,12.0,623.778,
2025-11-11 18:20:00+00:00,RISK_PASS,9d0b8402-82a2-4af7-ab89-4a8fcf064032,BUY,MARKET,12,624.46,0,0.0,All risk checks passed
2025-11-11 18:20:00+00:00,FILLED,9d0b8402-82a2-4af7-ab89-4a8fcf064032,BUY,MARKET,12,624.46,2,624.46,
2025-11-11 18:21:00+00:00,RISK_PASS,4ae12f2b-cd39-40a8-aa24-52746d237063,BUY,MARKET,10,624.539,0,0.0,All risk checks passed
2025-11-11 18:21:00+00:00,FILLED,4ae12f2b-cd39-40a8-aa24-52746d237063,BUY,MARKET,10,624.539,10,624.539,
2025-11-11 18:34:00+00:00,RISK_PASS,8fc64da5-d96a-4049-ad03-2232476f41d2,SELL,MARKET,12.0,623.71,0,0.0,All risk checks passed
2025-11-11 18:34:00+00:00,FILLED,8fc64da5-d96a-4049-ad03-2232476f41d2,SELL,MARKET,12.0,623.71,12.0,623.71,
2025-11-11 18:46:00+00:00,RISK_PASS,a2f17d7d-f751-47dd-96bc-efba4182b161,BUY,MARKET,12,624.095,0,0.0,All risk checks passed
2025-11-11 18:46:00+00:00,FILLED,a2f17d7d-f751-47dd-96bc-efba4182b161,BUY,MARKET,12,624.095,12,624.095,
2025-11-11 18:55:00+00:00,RISK_PASS,ee606def-7abe-40d0-adeb-26fb1a33ea16,SELL,MARKET,12.0,625.65,0,0.0,All risk checks passed
2025-11-11 18:55:00+00:00,FILLED,ee606def-7abe-40d0-adeb-26fb1a33ea16,SELL,MARKET,12.0,625.65,12.0,625.65,
2025-11-11 18:56:00+00:00,RISK_PASS,bda7d8c7-8380-4da2-8514-6a058f6447d3,BUY,MARKET,12,625.46,0,0.0,All risk checks passed
2025-11-11 18:56:00+00:00,FILLED,bda7d8c7-8380-4da2-8514-6a058f6447d3,BUY,MARKET,12,625.46,12,625.46,
2025-11-11 18:57:00+00:00,RISK_PASS,e1e7bc92-dd4e-4285-b39a-bd2314503161,SELL,MARKET,12.0,625.41,0,0.0,All risk checks passed
2025-11-11 18:57:00+00:00,FILLED,e1e7bc92-dd4e-4285-b39a-bd2314503161,SELL,MARKET,12.0,625.41,12.0,625.41,
2025-11-11 18:58:00+00:00,RISK_PASS,2fc886cc-0d95-48b2-b501-3b54dada67a1,BUY,MARKET,12,625.64,0,0.0,All risk checks passed
2025-11-11 18:58:00+00:00,FILLED,2fc886cc-0d95-48b2-b501-3b54dada67a1,BUY,MARKET,12,625.64,12,625.64,
2025-11-11 18:59:00+00:00,RISK_PASS,ed5f5d3a-aae6-44a1-ac2d-1cd4d0fce5e5,SELL,MARKET,12.0,625.51,0,0.0,All risk checks passed
2025-11-11 18:59:00+00:00,FILLED,ed5f5d3a-aae6-44a1-ac2d-1cd4d0fce5e5,SELL,MARKET,12.0,625.51,12.0,625.51,
2025-11-11 19:00:00+00:00,RISK_PASS,ca9c06d7-1522-466c-8710-70a0ba7b2cb5,BUY,MARKET,12,625.37,0,0.0,All risk checks passed
2025-11-11 19:00:00+00:00,FILLED,ca9c06d7-1522-466c-8710-70a0ba7b2cb5,BUY,MARKET,12,625.37,12,625.37,
2025-11-11 19:05:00+00:00,RISK_PASS,f496f6f8-71e1-4fb2-95a2-94a167d1abcd,SELL,MARKET,12.0,625.53,0,0.0,All risk checks passed
2025-11-11 19:05:00+00:00,FILLED,f496f6f8-71e1-4fb2-95a2-94a167d1abcd,SELL,MARKET,12.0,625.53,12.0,625.53,
2025-11-11 19:06:00+00:00,RISK_PASS,533abcf8-5600-441a-933d-3766e84c666c,BUY,MARKET,12,625.31,0,0.0,All risk checks passed
2025-11-11 19:06:00+00:00,FILLED,533abcf8-5600-441a-933d-3766e84c666c,BUY,MARKET,12,625.31,12,625.31,
2025-11-11 19:24:00+00:00,RISK_PASS,350a3aa1-e92f-4a69-9019-1749915a9ab0,BUY,MARKET,7,624.45,0,0.0,All risk checks passed
2025-11-11 19:24:00+00:00,FILLED,350a3aa1-e92f-4a69-9019-1749915a9ab0,BUY,MARKET,7,624.45,7,624.45,
2025-11-11 19:25:00+00:00,RISK_PASS,aabb795e-7945-4e97-9968-b474438b2186,SELL,MARKET,19.0,624.57,0,0.0,All risk checks passed
2025-11-11 19:25:00+00:00,REJECTED,aabb795e-7945-4e97-9968-b474438b2186,SELL,MARKET,19.0,624.57,0,0.0,Random engine rejection
2025-11-11 19:26:00+00:00,RISK_PASS,efefa7bc-0c3c-4706-8396-b25513d5a01a,SELL,MARKET,19.0,624.7101,0,0.0,All risk checks passed
2025-11-11 19:26:00+00:00,FILLED,efefa7bc-0c3c-4706-8396-b25513d5a01a,SELL,MARKET,19.0,624.7101,19.0,624.7101,
2025-11-11 19:34:00+00:00,RISK_PASS,644d56d3-ead3-4948-a462-b9cd1e5b69b5,BUY,MARKET,12,625.55,0,0.0,All risk checks passed
2025-11-11 19:34:00+00:00,FILLED,644d56d3-ead3-4948-a462-b9cd1e5b69b5,BUY,MARKET,12,625.55,9,625.55,
2025-11-11 19:35:00+00:00,RISK_PASS,cc8513f4-8cd5-44cd-99a3-4598911f5d70,BUY,MARKET,3,625.32,0,0.0,All risk checks passed
2025-11-11 19:35:00+00:00,RISK_PASS,5fd319be-cd2b-4b79-b38f-5cbc0582632b,SELL,MARKET,9.0,625.32,0,0.0,All risk checks passed
2025-11-11 19:35:00+00:00,FILLED,cc8513f4-8cd5-44cd-99a3-4598911f5d70,BUY,MARKET,3,625.32,3,625.32,
2025-11-11 19:35:00+00:00,FILLED,5fd319be-cd2b-4b79-b38f-5cbc0582632b,SELL,MARKET,9.0,625.32,9.0,625.32,
2025-11-11 19:36:00+00:00,RISK_PASS,164a4018-136b-439b-95c1-c51fd2e4b27c,BUY,MARKET,9,625.82,0,0.0,All risk checks passed
2025-11-11 19:36:00+00:00,RISK_PASS,ed319dbf-d6fe-418a-9418-7848ce114a95,SELL,MARKET,3.0,625.82,0,0.0,All risk checks passed
2025-11-11 19:36:00+00:00,FILLED,164a4018-136b-439b-95c1-c51fd2e4b27c,BUY,MARKET,9,625.82,9,625.82,
2025-11-11 19:36:00+00:00,FILLED,ed319dbf-d6fe-418a-9418-7848ce114a95,SELL,MARKET,3.0,625.82,3.0,625.82,
2025-11-11 19:37:00+00:00,RISK_PASS,46d367c9-74ef-4d55-852c-d480983497af,BUY,MARKET,3,625.94,0,0.0,All risk checks passed
2025-11-11 19:37:00+00:00,RISK_PASS,7635bfd0-4090-4084-a7d1-f6482f61e126,SELL,MARKET,9.0,625.94,0,0.0,All risk checks passed
2025-11-11 19:37:00+00:00,FILLED,46d367c9-74ef-4d55-852c-d480983497af,BUY,MARKET,3,625.94,3,625.94,
2025-11-11 19:37:00+00:00,FILLED,7635bfd0-4090-4084-a7d1-f6482f61e126,SELL,MARKET,9.0,625.94,9.0,625.94,
2025-11-11 19:38:00+00:00,RISK_PASS,27f8f37b-565c-4e7c-a040-37ab8d7580b9,BUY,MARKET,9,626.09,0,0.0,All risk checks passed
2025-11-11 19:38:00+00:00,RISK_PASS,b2a92388-cbf7-42d4-ae9e-52bf0d2c0e5e,SELL,MARKET,3.0,626.09,0,0.0,All risk checks passed
2025-11-11 19:38:00+00:00,FILLED,27f8f37b-565c-4e7c-a040-37ab8d7580b9,BUY,MARKET,9,626.09,9,626.09,
2025-11-11 19:38:00+00:00,FILLED,b2a92388-cbf7-42d4-ae9e-52bf0d2c0e5e,SELL,MARKET,3.0,626.09,3.0,626.09,
2025-11-11 19:39:00+00:00,RISK_PASS,102e2058-0c4c-44c4-ba5f-608cb73dec38,BUY,MARKET,3,625.9022,0,0.0,All risk checks passed
2025-11-11 19:39:00+00:00,RISK_PASS,b7e9034c-5eb4-43ce-99f2-097f36eeafbb,SELL,MARKET,9.0,625.9022,0,0.0,All risk checks passed
2025-11-11 19:39:00+00:00,FILLED,102e2058-0c4c-44c4-ba5f-608cb73dec38,BUY,MARKET,3,625.9022,2,625.9022,
2025-11-11 19:39:00+00:00,FILLED,b7e9034c-5eb4-43ce-99f2-097f36eeafbb,SELL,MARKET,9.0,625.9022,9.0,625.9022,
2025-11-11 19:40:00+00:00,RISK_PASS,725dc5ba-91b7-40f5-b6e9-d4ca639f7569,BUY,MARKET,10,626.0,0,0.0,All risk checks passed
2025-11-11 19:40:00+00:00,RISK_PASS,6c9a97a7-159a-45bb-9f37-d64431025a43,SELL,MARKET,2.0,626.0,0,0.0,All risk checks passed
2025-11-11 19:40:00+00:00,FILLED,725dc5ba-91b7-40f5-b6e9-d4ca639f7569,BUY,MARKET,10,626.0,10,626.0,
2025-11-11 19:40:00+00:00,FILLED,6c9a97a7-159a-45bb-9f37-d64431025a43,SELL,MARKET,2.0,626.0,2.0,626.0,
2025-11-11 19:41:00+00:00,RISK_PASS,71a3f14c-e333-426a-93be-13c62bb5324c,BUY,MARKET,2,626.12,0,0.0,All risk checks passed
2025-11-11 19:41:00+00:00,RISK_PASS,1423decf-e1bd-4483-b2cf-1f975466027a,SELL,MARKET,10.0,626.12,0,0.0,All risk checks passed
2025-11-11 19:41:00+00:00,FILLED,71a3f14c-e333-426a-93be-13c62bb5324c,BUY,MARKET,2,626.12,2,626.12,
2025-11-11 19:41:00+00:00,FILLED,1423decf-e1bd-4483-b2cf-1f975466027a,SELL,MARKET,10.0,626.12,10.0,626.12,
2025-11-11 19:42:00+00:00,RISK_PASS,2c9f9775-235e-46bb-b1e8-7a26cc1772f0,BUY,MARKET,10,626.09,0,0.0,All risk checks passed
2025-11-11 19:42:00+00:00,RISK_PASS,3f43f563-f74c-4b42-a324-c766dc2b70da,SELL,MARKET,2.0,626.09,0,0.0,All risk checks passed
2025-11-11 19:42:00+00:00,FILLED,2c9f9775-235e-46bb-b1e8-7a26cc1772f0,BUY,MARKET,10,626.09,10,626.09,
2025-11-11 19:42:00+00:00,FILLED,3f43f563-f74c-4b42-a324-c766dc2b70da,SELL,MARKET,2.0,626.09,1,626.09,
2025-11-11 19:43:00+00:00,RISK_PASS,edff8f2c-525d-4759-b691-2f1640a95c94,BUY,MARKET,1,626.015,0,0.0,All risk checks passed
2025-11-11 19:43:00+00:00,RISK_PASS,f1f08a55-60b9-4eca-86e6-44af37a3c7f1,SELL,MARKET,11.0,626.015,0,0.0,All risk checks passed
2025-11-11 19:43:00+00:00,FILLED,edff8f2c-525d-4759-b691-2f1640a95c94,BUY,MARKET,1,626.015,1,626.015,
2025-11-11 19:43:00+00:00,FILLED,f1f08a55-60b9-4eca-86e6-44af37a3c7f1,SELL,MARKET,11.0,626.015,11.0,626.015,
2025-11-11 19:44:00+00:00,RISK_PASS,9ff4bf13-b2c7-4b1f-b949-0db80fa8aa57,BUY,MARKET,11,625.92,0,0.0,All risk checks passed
2025-11-11 19:44:00+00:00,FILLED,9ff4bf13-b2c7-4b1f-b949-0db80fa8aa57,BUY,MARKET,11,625.92,11,625.92,
2025-11-11 19:53:00+00:00,RISK_PASS,96c23cf8-195a-4840-8491-e9efa4b3e819,SELL,MARKET,12.0,626.75,0,0.0,All risk checks passed
2025-11-11 19:53:00+00:00,REJECTED,96c23cf8-195a-4840-8491-e9efa4b3e819,SELL,MARKET,12.0,626.75,0,0.0,Random engine rejection
2025-11-11 20:07:00+00:00,RISK_PASS,b59e6aa0-30c5-4fbe-81ea-a41f01be25e0,BUY,MARKET,7,625.44,0,0.0,All risk checks passed
2025-11-11 20:07:00+00:00,FILLED,b59e6aa0-30c5-4fbe-81ea-a41f01be25e0,BUY,MARKET,7,625.44,7,625.44,
2025-11-11 20:10:00+00:00,RISK_PASS,14bfe93d-f840-4713-8d41-b77a73966969,SELL,MARKET,19.0,625.52,0,0.0,All risk checks passed
2025-11-11 20:10:00+00:00,FILLED,14bfe93d-f840-4713-8d41-b77a73966969,SELL,MARKET,19.0,625.52,19.0,625.52,
2025-11-11 20:20:00+00:00,RISK_PASS,90ded219-e2de-4e95-8637-327436e1e780,BUY,MARKET,12,626.2905,0,0.0,All risk checks passed
2025-11-11 20:20:00+00:00,FILLED,90ded219-e2de-4e95-8637-327436e1e780,BUY,MARKET,12,626.2905,12,626.2905,
2025-11-11 20:21:00+00:00,RISK_PASS,29936a05-2eee-4119-a144-2956e1ee9322,SELL,MARKET,12.0,626.23,0,0.0,All risk checks passed
2025-11-11 20:21:00+00:00,FILLED,29936a05-2eee-4119-a144-2956e1ee9322,SELL,MARKET,12.0,626.23,12.0,626.23,
2025-11-11 20:22:00+00:00,RISK_PASS,2473799a-eb51-46a8-a5ac-767f34f754a6,BUY,MARKET,12,626.17,0,0.0,All risk checks passed
2025-11-11 20:22:00+00:00,FILLED,2473799a-eb51-46a8-a5ac-767f34f754a6,BUY,MARKET,12,626.17,12,626.17,
2025-11-11 20:23:00+00:00,RISK_PASS,f6da3870-bbd8-4ed5-9e98-606743e09aef,SELL,MARKET,12.0,626.0842,0,0.0,All risk checks passed
2025-11-11 20:23:00+00:00,FILLED,f6da3870-bbd8-4ed5-9e98-606743e09aef,SELL,MARKET,12.0,626.0842,12.0,626.0842,
2025-11-11 20:24:00+00:00,RISK_PASS,853b4f7d-c7bb-47c5-adf6-c84078f4cf45,BUY,MARKET,12,626.32,0,0.0,All risk checks passed
2025-11-11 20:24:00+00:00,FILLED,853b4f7d-c7bb-47c5-adf6-c84078f4cf45,BUY,MARKET,12,626.32,12,626.32,
2025-11-11 20:25:00+00:00,RISK_PASS,9ef1782c-5142-4ae2-a5b8-a15664045328,SELL,MARKET,12.0,626.35,0,0.0,All risk checks passed
2025-11-11 20:25:00+00:00,FILLED,9ef1782c-5142-4ae2-a5b8-a15664045328,SELL,MARKET,12.0,626.35,2,626.35,
2025-11-11 20:26:00+00:00,RISK_PASS,3216eac0-d4f3-4aeb-ae0c-b48ec0816874,BUY,MARKET,2,626.39,0,0.0,All risk checks passed
2025-11-11 20:26:00+00:00,RISK_PASS,bd1a451d-56d8-4853-8463-d64ee8735068,SELL,MARKET,10.0,626.39,0,0.0,All risk checks passed
2025-11-11 20:26:00+00:00,FILLED,3216eac0-d4f3-4aeb-ae0c-b48ec0816874,BUY,MARKET,2,626.39,2,626.39,
2025-11-11 20:26:00+00:00,FILLED,bd1a451d-56d8-4853-8463-d64ee8735068,SELL,MARKET,10.0,626.39,10.0,626.39,
2025-11-11 20:27:00+00:00,RISK_PASS,ec51dcb1-611f-4287-82bb-f158278a33f1,BUY,MARKET,10,626.5369,0,0.0,All risk checks passed
2025-11-11 20:27:00+00:00,RISK_PASS,216f16ad-2e2b-4632-aac4-b922d7de0757,SELL,MARKET,2.0,626.5369,0,0.0,All risk checks passed
2025-11-11 20:27:00+00:00,REJECTED,ec51dcb1-611f-4287-82bb-f158278a33f1,BUY,MARKET,10,626.5369,0,0.0,Random engine rejection
2025-11-11 20:27:00+00:00,FILLED,216f16ad-2e2b-4632-aac4-b922d7de0757,SELL,MARKET,2.0,626.5369,2.0,626.5369,
2025-11-11 20:28:00+00:00,RISK_PASS,6f6da219-a843-42eb-bbb8-72c9ac80bf8c,BUY,MARKET,12,626.4845,0,0.0,All risk checks passed
2025-11-11 20:28:00+00:00,FILLED,6f6da219-a843-42eb-bbb8-72c9ac80bf8c,BUY,MARKET,12,626.4845,12,626.4845,
2025-11-11 20:29:00+00:00,RISK_PASS,3e13a82c-7850-4595-af83-2ff02a613288,SELL,MARKET,12.0,626.65,0,0.0,All risk checks passed
2025-11-11 20:29:00+00:00,FILLED,3e13a82c-7850-4595-af83-2ff02a613288,SELL,MARKET,12.0,626.65,12.0,626.65,
2025-11-11 20:30:00+00:00,RISK_PASS,590e790d-783e-4765-be9d-b8067921b62e,BUY,MARKET,12,626.545,0,0.0,All risk checks passed
2025-11-11 20:30:00+00:00,FILLED,590e790d-783e-4765-be9d-b8067921b62e,BUY,MARKET,12,626.545,12,626.545,
2025-11-11 20:32:00+00:00,RISK_PASS,a8fee5ef-2a27-4610-8675-7cf1b7f3ed98,SELL,MARKET,12.0,626.91,0,0.0,All risk checks passed
2025-11-11 20:32:00+00:00,FILLED,a8fee5ef-2a27-4610-8675-7cf1b7f3ed98,SELL,MARKET,12.0,626.91,12.0,626.91,
2025-11-11 20:33:00+00:00,RISK_PASS,6df52783-837f-4357-a067-6bbee638485c,BUY,MARKET,12,626.94,0,0.0,All risk checks passed
2025-11-11 20:33:00+00:00,FILLED,6df52783-837f-4357-a067-6bbee638485c,BUY,MARKET,12,626.94,12,626.94,
2025-11-11 20:34:00+00:00,RISK_PASS,dbe8317e-c293-4583-a6f4-7cbead89334d,SELL,MARKET,12.0,626.96,0,0.0,All risk checks passed
2025-11-11 20:34:00+00:00,FILLED,dbe8317e-c293-4583-a6f4-7cbead89334d,SELL,MARKET,12.0,626.96,12.0,626.96,
2025-11-11 20:35:00+00:00,RISK_PASS,d1de4483-b7b7-453f-867b-78cbfc2946d2,BUY,MARKET,12,626.6501,0,0.0,All risk checks passed
2025-11-11 20:35:00+00:00,FILLED,d1de4483-b7b7-453f-867b-78cbfc2946d2,BUY,MARKET,12,626.6501,12,626.6501,
2025-11-11 20:50:00+00:00,RISK_PASS,6d3b8311-243b-472e-9ec2-f0098e0caf35,SELL,MARKET,12.0,627.57,0,0.0,All risk checks passed
2025-11-11 20:50:00+00:00,FILLED,6d3b8311-243b-472e-9ec2-f0098e0caf35,SELL,MARKET,12.0,627.57,12.0,627.57,
2025-11-11 20:51:00+00:00,RISK_PASS,908f9c4e-0a3c-4ab1-9a4b-38605355ece5,BUY,MARKET,12,627.36,0,0.0,All risk checks passed
2025-11-11 20:51:00+00:00,FILLED,908f9c4e-0a3c-4ab1-9a4b-38605355ece5,BUY,MARKET,12,627.36,12,627.36,
2025-11-11 20:52:00+00:00,RISK_PASS,4bba6679-a4dc-41c9-9038-d27eead55a04,SELL,MARKET,12.0,627.695,0,0.0,All risk checks passed
2025-11-11 20:52:00+00:00,FILLED,4bba6679-a4dc-41c9-9038-d27eead55a04,SELL,MARKET,12.0,627.695,12.0,627.695,
2025-11-11 20:53:00+00:00,RISK_PASS,3e7496c5-25a9-417c-90f0-3038dd589d91,BUY,MARKET,12,627.825,0,0.0,All risk checks passed
2025-11-11 20:53:00+00:00,FILLED,3e7496c5-25a9-417c-90f0-3038dd589d91,BUY,MARKET,12,627.825,12,627.825,
2025-11-11 21:10:00+00:00,RISK_PASS,04cd8b20-ef2b-485b-8233-7ab4dbfaeae3,BUY,MARKET,7,627.0,0,0.0,All risk checks passed
2025-11-11 21:10:00+00:00,FILLED,04cd8b20-ef2b-485b-8233-7ab4dbfaeae3,BUY,MARKET,7,627.0,5,627.0,
2025-11-11 21:13:00+00:00,RISK_PASS,d2f69267-1054-4880-bdba-017624322213,SELL,MARKET,17.0,626.49,0,0.0,All risk checks passed
2025-11-11 21:13:00+00:00,FILLED,d2f69267-1054-4880-bdba-017624322213,SELL,MARKET,17.0,626.49,17.0,626.49,
2025-11-11 21:14:00+00:00,RISK_PASS,d796523e-6974-44a8-a1f4-9f782ad220fd,BUY,MARKET,15,626.3838,0,0.0,All risk checks passed
2025-11-11 21:14:00+00:00,FILLED,d796523e-6974-44a8-a1f4-9f782ad220fd,BUY,MARKET,15,626.3838,10,626.3838,
2025-11-11 21:15:00+00:00,RISK_PASS,f8c55fab-3a6a-4394-aaad-0de248d765aa,SELL,MARKET,10.0,626.9,0,0.0,All risk checks passed
2025-11-11 21:15:00+00:00,FILLED,f8c55fab-3a6a-4394-aaad-0de248d765aa,SELL,MARKET,10.0,626.9,10.0,626.9,
2025-11-11 22:02:00+00:00,RISK_PASS,a4991a1a-0f27-4726-afd2-1f533c69b7db,BUY,MARKET,15,626.5,0,0.0,All risk checks passed
2025-11-11 22:02:00+00:00,FILLED,a4991a1a-0f27-4726-afd2-1f533c69b7db,BUY,MARKET,15,626.5,15,626.5,
2025-11-11 22:03:00+00:00,RISK_PASS,af6619f2-a61c-439b-b24b-43164d40e282,SELL,MARKET,15.0,626.45,0,0.0,All risk checks passed
2025-11-11 22:03:00+00:00,FILLED,af6619f2-a61c-439b-b24b-43164d40e282,SELL,MARKET,15.0,626.45,5,626.45,
2025-11-11 22:05:00+00:00,RISK_PASS,96fff0ff-afad-4682-b54e-cd238e6c3c1d,SELL,MARKET,10.0,626.5,0,0.0,All risk checks passed
2025-11-11 22:05:00+00:00,FILLED,96fff0ff-afad-4682-b54e-cd238e6c3c1d,SELL,MARKET,10.0,626.5,10.0,626.5,
2025-11-11 22:42:00+00:00,RISK_PASS,7a479ad7-a0c3-428a-a2bb-5ef09ddd0b03,BUY,MARKET,15,626.4,0,0.0,All risk checks passed
2025-11-11 22:42:00+00:00,FILLED,7a479ad7-a0c3-428a-a2bb-5ef09ddd0b03,BUY,MARKET,15,626.4,15,626.4,
2025-11-11 22:44:00+00:00,RISK_PASS,2eed1622-38d5-444b-9ea3-28fa7394d842,SELL,MARKET,15.0,627.08,0,0.0,All risk checks passed
2025-11-11 22:44:00+00:00,FILLED,2eed1622-38d5-444b-9ea3-28fa7394d842,SELL,MARKET,15.0,627.08,15.0,627.08,
2025-11-11 23:28:00+00:00,RISK_PASS,7d2d53eb-0e8d-4582-b8ab-321eee98087a,BUY,MARKET,12,626.47,0,0.0,All risk checks passed
2025-11-11 23:28:00+00:00,FILLED,7d2d53eb-0e8d-4582-b8ab-321eee98087a,BUY,MARKET,12,626.47,7,626.47,
2025-11-11 23:30:00+00:00,RISK_PASS,fa056068-2e0b-4a60-b1db-7a09d9b5acb7,BUY,MARKET,5,626.47,0,0.0,All risk checks passed
2025-11-11 23:30:00+00:00,FILLED,fa056068-2e0b-4a60-b1db-7a09d9b5acb7,BUY,MARKET,5,626.47,5,626.47,
2025-11-11 23:31:00+00:00,RISK_PASS,73859f86-0ff1-4f8d-88a1-91861e74cd7c,SELL,MARKET,12.0,626.5,0,0.0,All risk checks passed
2025-11-11 23:31:00+00:00,FILLED,73859f86-0ff1-4f8d-88a1-91861e74cd7c,SELL,MARKET,12.0,626.5,12.0,626.5,
2025-11-11 23:32:00+00:00,RISK_PASS,4ddf5329-a4cc-4ba4-96a3-79015b5dec01,BUY,MARKET,12,626.4699,0,0.0,All risk checks passed
2025-11-11 23:32:00+00:00,FILLED,4ddf5329-a4cc-4ba4-96a3-79015b5dec01,BUY,MARKET,12,626.4699,12,626.4699,
2025-11-11 23:33:00+00:00,RISK_PASS,37bd4a91-2c8e-4a10-90c3-61c931becd06,SELL,MARKET,12.0,626.4063,0,0.0,All risk checks passed
2025-11-11 23:33:00+00:00,FILLED,37bd4a91-2c8e-4a10-90c3-61c931becd06,SELL,MARKET,12.0,626.4063,12.0,626.4063,
2025-11-11 23:34:00+00:00,RISK_PASS,f158ee10-8933-4cb2-82df-b7c8d5c408fc,BUY,MARKET,12,626.47,0,0.0,All risk checks passed
2025-11-11 23:34:00+00:00,FILLED,f158ee10-8933-4cb2-82df-b7c8d5c408fc,BUY,MARKET,12,626.47,12,626.47,
2025-11-11 23:45:00+00:00,RISK_PASS,e7f07c46-5466-4cf3-9040-9f5debcb4a26,SELL,MARKET,12.0,626.85,0,0.0,All risk checks passed
2025-11-11 23:45:00+00:00,FILLED,e7f07c46-5466-4cf3-9040-9f5debcb4a26,SELL,MARKET,12.0,626.85,12.0,626.85,
2025-11-11 23:46:00+00:00,RISK_PASS,95877eb5-54c2-4eb5-ae0a-31e471416f59,BUY,MARKET,12,626.89,0,0.0,All risk checks passed
2025-11-11 23:46:00+00:00,FILLED,95877eb5-54c2-4eb5-ae0a-31e471416f59,BUY,MARKET,12,626.89,12,626.89,
2025-11-11 23:54:00+00:00,RISK_PASS,d149cd63-1c8c-4c06-bfa6-dff703e9d115,SELL,MARKET,12.0,626.8699,0,0.0,All risk checks passed
2025-11-11 23:54:00+00:00,FILLED,d149cd63-1c8c-4c06-bfa6-dff703e9d115,SELL,MARKET,12.0,626.8699,12.0,626.8699,
2025-11-11 23:55:00+00:00,RISK_PASS,a0f39404-b47b-4897-bb1b-59b9550d8d07,BUY,MARKET,12,626.78,0,0.0,All risk checks passed
2025-11-11 23:55:00+00:00,FILLED,a0f39404-b47b-4897-bb1b-59b9550d8d07,BUY,MARKET,12,626.78,12,626.78,
2025-11-11 23:57:00+00:00,RISK_PASS,efc7f7ed-99b9-432d-9e85-45143b65dc8b,SELL,MARKET,12.0,626.87,0,0.0,All risk checks passed
2025-11-11 23:57:00+00:00,FILLED,efc7f7ed-99b9-432d-9e85-45143b65dc8b,SELL,MARKET,12.0,626.87,12.0,626.87,
2025-11-11 23:58:00+00:00,RISK_PASS,a0908250-025b-4859-90a9-2b76e67cbf1c,BUY,MARKET,12,626.87,0,0.0,All risk checks passed
2025-11-11 23:58:00+00:00,FILLED,a0908250-025b-4859-90a9-2b76e67cbf1c,BUY,MARKET,12,626.87,12,626.87,
2025-11-12 00:33:00+00:00,RISK_PASS,897e1669-0020-4dc1-9335-1c711ad83e8f,SELL,MARKET,12.0,626.6726,0,0.0,All risk checks passed
2025-11-12 00:33:00+00:00,FILLED,897e1669-0020-4dc1-9335-1c711ad83e8f,SELL,MARKET,12.0,626.6726,12.0,626.6726,
2025-11-12 00:44:00+00:00,RISK_PASS,8154f895-bc29-403b-8f47-ec8ed978ef48,BUY,MARKET,12,626.9801,0,0.0,All risk checks passed
2025-11-12 00:44:00+00:00,FILLED,8154f895-bc29-403b-8f47-ec8ed978ef48,BUY,MARKET,12,626.9801,12,626.9801,
2025-11-12 00:48:00+00:00,RISK_PASS,4d26d319-3b02-4e7c-8b30-a7bbcc744d20,SELL,MARKET,12.0,626.9882,0,0.0,All risk checks passed
2025-11-12 00:48:00+00:00,FILLED,4d26d319-3b02-4e7c-8b30-a7bbcc744d20,SELL,MARKET,12.0,626.9882,6,626.9882,
2025-11-12 00:49:00+00:00,RISK_PASS,e3f00e45-ee17-41e9-9c95-9c5412b82c2d,BUY,MARKET,6,626.88,0,0.0,All risk checks passed
2025-11-12 00:49:00+00:00,FILLED,e3f00e45-ee17-41e9-9c95-9c5412b82c2d,BUY,MARKET,6,626.88,1,626.88,
2025-11-12 00:50:00+00:00,RISK_PASS,1ee838f0-d7f6-460d-9a1e-8ab33d05c35e,BUY,MARKET,5,626.98,0,0.0,All risk checks passed
2025-11-12 00:50:00+00:00,RISK_PASS,3d73d667-6dab-41af-bdc4-4a9bb160e415,SELL,MARKET,7.0,626.98,0,0.0,All risk checks passed
2025-11-12 00:50:00+00:00,FILLED,1ee838f0-d7f6-460d-9a1e-8ab33d05c35e,BUY,MARKET,5,626.98,5,626.98,
2025-11-12 00:50:00+00:00,FILLED,3d73d667-6dab-41af-bdc4-4a9bb160e415,SELL,MARKET,7.0,626.98,7.0,626.98,
2025-11-12 00:52:00+00:00,RISK_PASS,063a1455-bc83-4f69-8a56-8f0e58957c45,BUY,MARKET,7,626.76,0,0.0,All risk checks passed
2025-11-12 00:52:00+00:00,FILLED,063a1455-bc83-4f69-8a56-8f0e58957c45,BUY,MARKET,7,626.76,7,626.76,
2025-11-12 09:00:00+00:00,RISK_PASS,21a9bcbf-5548-4c8c-8719-72c18162b5b2,SELL,MARKET,12.0,629.28,0,0.0,All risk checks passed
2025-11-12 09:00:00+00:00,FILLED,21a9bcbf-5548-4c8c-8719-72c18162b5b2,SELL,MARKET,12.0,629.28,12.0,629.28,
2025-11-12 09:01:00+00:00,RISK_PASS,9a5459a1-260f-46fb-83ca-c221baf55eb6,BUY,MARKET,12,628.92,0,0.0,All risk checks passed
2025-11-12 09:01:00+00:00,FILLED,9a5459a1-260f-46fb-83ca-c221baf55eb6,BUY,MARKET,12,628.92,12,628.92,
2025-11-12 09:02:00+00:00,RISK_PASS,cfe71d05-4b6b-4ca5-8107-fe4126f43ab8,SELL,MARKET,12.0,628.99,0,0.0,All risk checks passed
2025-11-12 09:02:00+00:00,FILLED,cfe71d05-4b6b-4ca5-8107-fe4126f43ab8,SELL,MARKET,12.0,628.99,12.0,628.99,
2025-11-12 09:03:00+00:00,RISK_PASS,0f9d92b9-4d9e-4960-a9b8-e92e773d3618,BUY,MARKET,12,629.13,0,0.0,All risk checks passed
2025-11-12 09:03:00+00:00,REJECTED,0f9d92b9-4d9e-4960-a9b8-e92e773d3618,BUY,MARKET,12,629.13,0,0.0,Random engine rejection
2025-11-12 09:04:00+00:00,RISK_PASS,fcc9aa7b-2bdb-4559-a1f8-0f9a9cba65a1,BUY,MARKET,12,629.22,0,0.0,All risk checks passed
2025-11-12 09:04:00+00:00,FILLED,fcc9aa7b-2bdb-4559-a1f8-0f9a9cba65a1,BUY,MARKET,12,629.22,12,629.22,
2025-11-12 09:05:00+00:00,RISK_PASS,dc8c3cd9-aa5b-4aa9-9d2d-62d25b2cfa08,SELL,MARKET,12.0,629.34,0,0.0,All risk checks passed
2025-11-12 09:05:00+00:00,FILLED,dc8c3cd9-aa5b-4aa9-9d2d-62d25b2cfa08,SELL,MARKET,12.0,629.34,12.0,629.34,
2025-11-12 09:06:00+00:00,RISK_PASS,a1055e74-1acb-48ab-bc2d-a3c708139ccd,BUY,MARKET,12,629.14,0,0.0,All risk checks passed
2025-11-12 09:06:00+00:00,FILLED,a1055e74-1acb-48ab-bc2d-a3c708139ccd,BUY,MARKET,12,629.14,12,629.14,
2025-11-12 09:10:00+00:00,RISK_PASS,216ca223-c266-44b3-ad7c-23805c502c12,SELL,MARKET,12.0,629.04,0,0.0,All risk checks passed
2025-11-12 09:10:00+00:00,FILLED,216ca223-c266-44b3-ad7c-23805c502c12,SELL,MARKET,12.0,629.04,12.0,629.04,
2025-11-12 09:11:00+00:00,RISK_PASS,6a65bf82-acce-420f-b847-46e474d750ba,BUY,MARKET,12,628.12,0,0.0,All risk checks passed
2025-11-12 09:11:00+00:00,FILLED,6a65bf82-acce-420f-b847-46e474d750ba,BUY,MARKET,12,628.12,12,628.12,
2025-11-12 09:39:00+00:00,RISK_PASS,ae4e3623-8018-4b80-880b-47a43b6c9911,SELL,MARKET,12.0,629.38,0,0.0,All risk checks passed
2025-11-12 09:39:00+00:00,FILLED,ae4e3623-8018-4b80-880b-47a43b6c9911,SELL,MARKET,12.0,629.38,12.0,629.38,
2025-11-12 09:40:00+00:00,RISK_PASS,99a63077-c643-443d-9bcf-5b6de646de50,BUY,MARKET,12,629.5,0,0.0,All risk checks passed
2025-11-12 09:40:00+00:00,REJECTED,99a63077-c643-443d-9bcf-5b6de646de50,BUY,MARKET,12,629.5,0,0.0,Random engine rejection
2025-11-12 09:50:00+00:00,RISK_PASS,372f5bab-8793-4834-82a2-a24ff8c668d8,BUY,MARKET,12,629.67,0,0.0,All risk checks passed
2025-11-12 09:50:00+00:00,FILLED,372f5bab-8793-4834-82a2-a24ff8c668d8,BUY,MARKET,12,629.67,12,629.67,
2025-11-12 09:51:00+00:00,RISK_PASS,69a86ecc-3a6b-430a-955c-2203f119181c,SELL,MARKET,12.0,629.75,0,0.0,All risk checks passed
2025-11-12 09:51:00+00:00,FILLED,69a86ecc-3a6b-430a-955c-2203f119181c,SELL,MARKET,12.0,629.75,12.0,629.75,
2025-11-12 09:52:00+00:00,RISK_PASS,a2f7fbb3-bfb0-43f6-ab4b-18c9643f7de2,BUY,MARKET,12,629.74,0,0.0,All risk checks passed
2025-11-12 09:52:00+00:00,FILLED,a2f7fbb3-bfb0-43f6-ab4b-18c9643f7de2,BUY,MARKET,12,629.74,9,629.74,
2025-11-12 09:55:00+00:00,RISK_PASS,e50644ee-79a9-413c-a8b6-4fb920bfceb2,BUY,MARKET,3,629.75,0,0.0,All risk checks passed
2025-11-12 09:55:00+00:00,RISK_PASS,1dca1c0a-d2c6-4341-91f6-ac907cb7ea44,SELL,MARKET,9.0,629.75,0,0.0,All risk checks passed
2025-11-12 09:55:00+00:00,FILLED,e50644ee-79a9-413c-a8b6-4fb920bfceb2,BUY,MARKET,3,629.75,3,629.75,
2025-11-12 09:55:00+00:00,FILLED,1dca1c0a-d2c6-4341-91f6-ac907cb7ea44,SELL,MARKET,9.0,629.75,9.0,629.75,
2025-11-12 09:57:00+00:00,RISK_PASS,e68c9e9c-c00d-4b9f-881f-ff0c8e544180,BUY,MARKET,9,629.75,0,0.0,All risk checks passed
2025-11-12 09:57:00+00:00,RISK_PASS,d1e12f95-4009-4b87-a215-22f726becb14,SELL,MARKET,3.0,629.75,0,0.0,All risk checks passed
2025-11-12 09:57:00+00:00,REJECTED,e68c9e9c-c00d-4b9f-881f-ff0c8e544180,BUY,MARKET,9,629.75,0,0.0,Random engine rejection
2025-11-12 09:57:00+00:00,FILLED,d1e12f95-4009-4b87-a215-22f726becb14,SELL,MARKET,3.0,629.75,3.0,629.75,
2025-11-12 09:58:00+00:00,RISK_PASS,785bbcee-8aa9-4eb8-bac9-54c757513bff,BUY,MARKET,12,629.8,0,0.0,All risk checks passed
2025-11-12 09:58:00+00:00,FILLED,785bbcee-8aa9-4eb8-bac9-54c757513bff,BUY,MARKET,12,629.8,12,629.8,
2025-11-12 10:00:00+00:00,RISK_PASS,ae7f64eb-9bf9-44e6-8113-5e2c5b1fa9ca,SELL,MARKET,12.0,629.86,0,0.0,All risk checks passed
2025-11-12 10:00:00+00:00,FILLED,ae7f64eb-9bf9-44e6-8113-5e2c5b1fa9ca,SELL,MARKET,12.0,629.86,12.0,629.86,
2025-11-12 10:06:00+00:00,RISK_PASS,0d4c1358-ea0a-4b00-9270-3e91cb683d5c,BUY,MARKET,12,629.81,0,0.0,All risk checks passed
2025-11-12 10:06:00+00:00,FILLED,0d4c1358-ea0a-4b00-9270-3e91cb683d5c,BUY,MARKET,12,629.81,12,629.81,
2025-11-12 10:15:00+00:00,RISK_PASS,8a5e57cb-e93d-4b1c-80aa-083b38c96797,SELL,MARKET,12.0,629.87,0,0.0,All risk checks passed
2025-11-12 10:15:00+00:00,REJECTED,8a5e57cb-e93d-4b1c-80aa-083b38c96797,SELL,MARKET,12.0,629.87,0,0.0,Random engine rejection
2025-11-12 10:37:00+00:00,RISK_PASS,be41a38c-2cf2-465d-a501-9d2fc65c1785,BUY,MARKET,7,629.35,0,0.0,All risk checks passed
2025-11-12 10:37:00+00:00,FILLED,be41a38c-2cf2-465d-a501-9d2fc65c1785,BUY,MARKET,7,629.35,7,629.35,
2025-11-12 10:46:00+00:00,RISK_PASS,2f3b470b-64ed-482e-b4bb-d1c3ea229212,SELL,MARKET,19.0,629.4,0,0.0,All risk checks passed
2025-11-12 10:46:00+00:00,FILLED,2f3b470b-64ed-482e-b4bb-d1c3ea229212,SELL,MARKET,19.0,629.4,19.0,629.4,
2025-11-12 12:09:00+00:00,RISK_PASS,de85498e-cd15-4138-8a30-e91ac7a5f5df,BUY,MARKET,15,628.3,0,0.0,All risk checks passed
2025-11-12 12:09:00+00:00,FILLED,de85498e-cd15-4138-8a30-e91ac7a5f5df,BUY,MARKET,15,628.3,15,628.3,
2025-11-12 12:10:00+00:00,RISK_PASS,6bc64265-29d3-4067-9231-f17d31b94ba9,SELL,MARKET,15.0,628.04,0,0.0,All risk checks passed
2025-11-12 12:10:00+00:00,FILLED,6bc64265-29d3-4067-9231-f17d31b94ba9,SELL,MARKET,15.0,628.04,15.0,628.04,
2025-11-12 12:42:00+00:00,RISK_PASS,e321b2f7-3f26-468b-9f55-e279f4ac5cc8,BUY,MARKET,12,629.13,0,0.0,All risk checks passed
2025-11-12 12:42:00+00:00,FILLED,e321b2f7-3f26-468b-9f55-e279f4ac5cc8,BUY,MARKET,12,629.13,12,629.13,
2025-11-12 12:52:00+00:00,RISK_PASS,5a9f67fd-09df-43b3-aa23-1f24774b9d80,SELL,MARKET,12.0,629.5,0,0.0,All risk checks passed
2025-11-12 12:52:00+00:00,FILLED,5a9f67fd-09df-43b3-aa23-1f24774b9d80,SELL,MARKET,12.0,629.5,12.0,629.5,
2025-11-12 12:54:00+00:00,RISK_PASS,8955b712-cae0-4c47-93c8-60d2f8f9b153,BUY,MARKET,12,629.49,0,0.0,All risk checks passed
2025-11-12 12:54:00+00:00,FILLED,8955b712-cae0-4c47-93c8-60d2f8f9b153,BUY,MARKET,12,629.49,12,629.49,
2025-11-12 12:56:00+00:00,RISK_PASS,23e77f1b-5c85-490a-a6be-6c340285c32a,SELL,MARKET,12.0,629.5,0,0.0,All risk checks passed
2025-11-12 12:56:00+00:00,FILLED,23e77f1b-5c85-490a-a6be-6c340285c32a,SELL,MARKET,12.0,629.5,12.0,629.5,
2025-11-12 12:57:00+00:00,RISK_PASS,47884f08-8108-44a5-926b-a36229c9c540,BUY,MARKET,12,629.28,0,0.0,All risk checks passed
2025-11-12 12:57:00+00:00,FILLED,47884f08-8108-44a5-926b-a36229c9c540,BUY,MARKET,12,629.28,10,629.28,
2025-11-12 12:58:00+00:00,RISK_PASS,68e58ff4-145c-4799-b5c8-4efd6a15edad,BUY,MARKET,2,629.1,0,0.0,All risk checks passed
2025-11-12 12:58:00+00:00,REJECTED,68e58ff4-145c-4799-b5c8-4efd6a15edad,BUY,MARKET,2,629.1,0,0.0,Random engine rejection
2025-11-12 13:00:00+00:00,RISK_PASS,6902d5ae-0bbe-46c7-95ff-fcc25e76cba7,BUY,MARKET,2,629.22,0,0.0,All risk checks passed
2025-11-12 13:00:00+00:00,FILLED,6902d5ae-0bbe-46c7-95ff-fcc25e76cba7,BUY,MARKET,2,629.22,2,629.22,
2025-11-12 13:34:00+00:00,RISK_PASS,a0694edb-1f08-405e-8f82-8fb98ca5e24b,SELL,MARKET,12.0,629.3,0,0.0,All risk checks passed
2025-11-12 13:34:00+00:00,FILLED,a0694edb-1f08-405e-8f82-8fb98ca5e24b,SELL,MARKET,12.0,629.3,12.0,629.3,
2025-11-12 13:41:00+00:00,RISK_PASS,69d94b62-3e1c-4d9a-b50e-ce83ede43b6b,BUY,MARKET,12,629.63,0,0.0,All risk checks passed
2025-11-12 13:41:00+00:00,FILLED,69d94b62-3e1c-4d9a-b50e-ce83ede43b6b,BUY,MARKET,12,629.63,12,629.63,
2025-11-12 13:51:00+00:00,RISK_PASS,646a384a-3608-4d86-a6c6-be62bf54693b,SELL,MARKET,12.0,630.21,0,0.0,All risk checks passed
2025-11-12 13:51:00+00:00,FILLED,646a384a-3608-4d86-a6c6-be62bf54693b,SELL,MARKET,12.0,630.21,12.0,630.21,
2025-11-12 13:52:00+00:00,RISK_PASS,4e3a3a2c-e0a3-417d-b92e-cfde31f0113b,BUY,MARKET,12,630.21,0,0.0,All risk checks passed
2025-11-12 13:52:00+00:00,FILLED,4e3a3a2c-e0a3-417d-b92e-cfde31f0113b,BUY,MARKET,12,630.21,12,630.21,
2025-11-12 13:53:00+00:00,RISK_PASS,ebd14fc0-492c-408e-a51a-104d76704eef,SELL,MARKET,12.0,630.3,0,0.0,All risk checks passed
2025-11-12 13:53:00+00:00,FILLED,ebd14fc0-492c-408e-a51a-104d76704eef,SELL,MARKET,12.0,630.3,12.0,630.3,
2025-11-12 13:54:00+00:00,RISK_PASS,bf75e92c-eb80-4277-8bae-3d6e7e8eb7c6,BUY,MARKET,12,630.3,0,0.0,All risk checks passed
2025-11-12 13:54:00+00:00,FILLED,bf75e92c-eb80-4277-8bae-3d6e7e8eb7c6,BUY,MARKET,12,630.3,12,630.3,
2025-11-12 13:55:00+00:00,RISK_PASS,c7d52d0b-bf50-4d07-88fb-680d0787a8e6,SELL,MARKET,12.0,630.2,0,0.0,All risk checks passed
2025-11-12 13:55:00+00:00,FILLED,c7d52d0b-bf50-4d07-88fb-680d0787a8e6,SELL,MARKET,12.0,630.2,1,630.2,
2025-11-12 13:56:00+00:00,RISK_PASS,e4f486b2-dc07-4aac-83af-ce76fbc76fb1,BUY,MARKET,1,630.19,0,0.0,All risk checks passed
2025-11-12 13:56:00+00:00,RISK_PASS,c05227fb-540b-4388-9213-2f4c5e0e0f42,SELL,MARKET,11.0,630.19,0,0.0,All risk checks passed
2025-11-12 13:56:00+00:00,FILLED,e4f486b2-dc07-4aac-83af-ce76fbc76fb1,BUY,MARKET,1,630.19,1,630.19,
2025-11-12 13:56:00+00:00,FILLED,c05227fb-540b-4388-9213-2f4c5e0e0f42,SELL,MARKET,11.0,630.19,11.0,630.19,
2025-11-12 13:57:00+00:00,RISK_PASS,f562d9a8-00e4-4184-a666-ab80e1c3f768,BUY,MARKET,11,630.3,0,0.0,All risk checks passed
2025-11-12 13:57:00+00:00,RISK_PASS,c3b9cf54-2d6e-4de8-a10f-5693a3e2d860,SELL,MARKET,1.0,630.3,0,0.0,All risk checks passed
2025-11-12 13:57:00+00:00,FILLED,f562d9a8-00e4-4184-a666-ab80e1c3f768,BUY,MARKET,11,630.3,1,630.3,
2025-11-12 13:57:00+00:00,FILLED,c3b9cf54-2d6e-4de8-a10f-5693a3e2d860,SELL,MARKET,1.0,630.3,1,630.3,
2025-11-12 13:58:00+00:00,RISK_PASS,e4a3cfe2-d666-4318-b22d-7902f08d53eb,BUY,MARKET,11,630.25,0,0.0,All risk checks passed
2025-11-12 13:58:00+00:00,RISK_PASS,074a7c68-13ee-42d1-986b-ce4eb0e1cacd,SELL,MARKET,1.0,630.25,0,0.0,All risk checks passed
2025-11-12 13:58:00+00:00,FILLED,e4a3cfe2-d666-4318-b22d-7902f08d53eb,BUY,MARKET,11,630.25,11,630.25,
2025-11-12 13:58:00+00:00,FILLED,074a7c68-13ee-42d1-986b-ce4eb0e1cacd,SELL,MARKET,1.0,630.25,1.0,630.25,
2025-11-12 13:59:00+00:00,RISK_PASS,41dd2342-7577-4884-9294-1e9f667ad8e6,BUY,MARKET,1,630.0579,0,0.0,All risk checks passed
2025-11-12 13:59:00+00:00,RISK_PASS,f91f7adc-c614-4494-bbfa-dc6e82c85fdf,SELL,MARKET,11.0,630.0579,0,0.0,All risk checks passed
2025-11-12 13:59:00+00:00,REJECTED,41dd2342-7577-4884-9294-1e9f667ad8e6,BUY,MARKET,1,630.0579,0,0.0,Random engine rejection
2025-11-12 13:59:00+00:00,FILLED,f91f7adc-c614-4494-bbfa-dc6e82c85fdf,SELL,MARKET,11.0,630.0579,11.0,630.0579,
2025-11-12 14:00:00+00:00,RISK_PASS,29540f5e-b52a-41f2-9194-0b9d94e43ab9,BUY,MARKET,12,629.75,0,0.0,All risk checks passed
2025-11-12 14:00:00+00:00,FILLED,29540f5e-b52a-41f2-9194-0b9d94e43ab9,BUY,MARKET,12,629.75,12,629.75,
2025-11-12 14:23:00+00:00,RISK_PASS,95e9eb49-2c0f-4665-a6dd-0a2fe1d44d6c,SELL,MARKET,12.0,630.81,0,0.0,All risk checks passed
2025-11-12 14:23:00+00:00,REJECTED,95e9eb49-2c0f-4665-a6dd-0a2fe1d44d6c,SELL,MARKET,12.0,630.81,0,0.0,Random engine rejection
2025-11-12 14:24:00+00:00,RISK_PASS,b822580d-4dbb-45f6-9eb1-f8063fe701a6,SELL,MARKET,12.0,630.89,0,0.0,All risk checks passed
2025-11-12 14:24:00+00:00,FILLED,b822580d-4dbb-45f6-9eb1-f8063fe701a6,SELL,MARKET,12.0,630.89,12.0,630.89,
2025-11-12 14:25:00+00:00,RISK_PASS,ace477e7-84af-4772-b938-51d2f4e14b2f,BUY,MARKET,12,631.5,0,0.0,All risk checks passed
2025-11-12 14:25:00+00:00,FILLED,ace477e7-84af-4772-b938-51d2f4e14b2f,BUY,MARKET,12,631.5,12,631.5,
2025-11-12 14:31:00+00:00,RISK_PASS,e2c4a708-21a8-4356-a11c-fe7423ecc7b2,BUY,MARKET,3,627.27,0,0.0,All risk checks passed
2025-11-12 14:31:00+00:00,RISK_PASS,ddf40a8b-e356-47bb-a93a-0fa5bf047175,SELL,MARKET,12.0,627.27,0,0.0,All risk checks passed
2025-11-12 14:31:00+00:00,FILLED,e2c4a708-21a8-4356-a11c-fe7423ecc7b2,BUY,MARKET,3,627.27,3,627.27,
2025-11-12 14:31:00+00:00,FILLED,ddf40a8b-e356-47bb-a93a-0fa5bf047175,SELL,MARKET,12.0,627.27,12.0,627.27,
2025-11-12 14:32:00+00:00,RISK_PASS,71ce2dce-ec57-42ba-8b9f-b5e982ac1740,BUY,MARKET,12,627.215,0,0.0,All risk checks passed
2025-11-12 14:32:00+00:00,RISK_PASS,e8aedea1-21ec-47b7-b803-93d021d35853,SELL,MARKET,3.0,627.215,0,0.0,All risk checks passed
2025-11-12 14:32:00+00:00,FILLED,71ce2dce-ec57-42ba-8b9f-b5e982ac1740,BUY,MARKET,12,627.215,7,627.215,
2025-11-12 14:32:00+00:00,FILLED,e8aedea1-21ec-47b7-b803-93d021d35853,SELL,MARKET,3.0,627.215,3.0,627.215,
2025-11-12 14:33:00+00:00,RISK_PASS,0f8ba9f4-6e3e-4f27-90ae-31d50684dd30,BUY,MARKET,8,626.5,0,0.0,All risk checks passed
2025-11-12 14:33:00+00:00,RISK_PASS,5ac96371-2d88-43a5-a942-caf45afc37fb,SELL,MARKET,7.0,626.5,0,0.0,All risk checks passed
2025-11-12 14:33:00+00:00,FILLED,0f8ba9f4-6e3e-4f27-90ae-31d50684dd30,BUY,MARKET,8,626.5,8,626.5,
2025-11-12 14:33:00+00:00,FILLED,5ac96371-2d88-43a5-a942-caf45afc37fb,SELL,MARKET,7.0,626.5,7.0,626.5,
2025-11-12 14:34:00+00:00,RISK_PASS,248b74f6-c6c1-4a3c-a4fd-73ef9e4359e6,BUY,MARKET,7,625.74,0,0.0,All risk checks passed
2025-11-12 14:34:00+00:00,RISK_PASS,594cde70-efaa-401d-89e8-47e9e15740ff,SELL,MARKET,8.0,625.74,0,0.0,All risk checks passed
2025-11-12 14:34:00+00:00,FILLED,248b74f6-c6c1-4a3c-a4fd-73ef9e4359e6,BUY,MARKET,7,625.74,7,625.74,
2025-11-12 14:34:00+00:00,FILLED,594cde70-efaa-401d-89e8-47e9e15740ff,SELL,MARKET,8.0,625.74,8.0,625.74,
2025-11-12 14:35:00+00:00,RISK_PASS,60f2c1d8-cce4-4c7a-afd8-c2372b2449c8,BUY,MARKET,8,625.33,0,0.0,All risk checks passed
2025-11-12 14:35:00+00:00,RISK_PASS,5e82da14-b92d-4900-b313-5e09713cbb7b,SELL,MARKET,7.0,625.33,0,0.0,All risk checks passed
2025-11-12 14:35:00+00:00,FILLED,60f2c1d8-cce4-4c7a-afd8-c2372b2449c8,BUY,MARKET,8,625.33,8,625.33,
2025-11-12 14:35:00+00:00,FILLED,5e82da14-b92d-4900-b313-5e09713cbb7b,SELL,MARKET,7.0,625.33,7.0,625.33,
2025-11-12 14:36:00+00:00,RISK_PASS,a7218dd0-d62c-41ac-a0d0-51719ef367c9,BUY,MARKET,8,623.841,0,0.0,All risk checks passed
2025-11-12 14:36:00+00:00,RISK_PASS,5ec3e226-2096-4206-9142-8c44fb2d74f1,SELL,MARKET,8.0,623.841,0,0.0,All risk checks passed
2025-11-12 14:36:00+00:00,REJECTED,a7218dd0-d62c-41ac-a0d0-51719ef367c9,BUY,MARKET,8,623.841,0,0.0,Random engine rejection
2025-11-12 14:36:00+00:00,FILLED,5ec3e226-2096-4206-9142-8c44fb2d74f1,SELL,MARKET,8.0,623.841,8.0,623.841,
2025-11-12 14:37:00+00:00,RISK_PASS,12afb678-f483-488e-9485-85053fee2dba,BUY,MARKET,16,623.996,0,0.0,All risk checks passed
2025-11-12 14:37:00+00:00,FILLED,12afb678-f483-488e-9485-85053fee2dba,BUY,MARKET,16,623.996,16,623.996,
2025-11-12 14:38:00+00:00,RISK_PASS,504366d8-e2b1-49b2-8209-d7c5d9b8ac64,SELL,MARKET,16.0,623.85,0,0.0,All risk checks passed
2025-11-12 14:38:00+00:00,FILLED,504366d8-e2b1-49b2-8209-d7c5d9b8ac64,SELL,MARKET,16.0,623.85,16.0,623.85,
2025-11-12 14:39:00+00:00,RISK_PASS,40e954df-6c89-459d-a4ee-313b798becfc,BUY,MARKET,16,623.235,0,0.0,All risk checks passed
2025-11-12 14:39:00+00:00,FILLED,40e954df-6c89-459d-a4ee-313b798becfc,BUY,MARKET,16,623.235,10,623.235,
2025-11-12 14:40:00+00:00,RISK_PASS,0f80b9c3-a92f-4839-adf4-e1a2ac0cd800,BUY,MARKET,6,623.38,0,0.0,All risk checks passed
2025-11-12 14:40:00+00:00,RISK_PASS,f19eec2d-a634-459c-96df-fe6284d57b41,SELL,MARKET,10.0,623.38,0,0.0,All risk checks passed
2025-11-12 14:40:00+00:00,FILLED,0f80b9c3-a92f-4839-adf4-e1a2ac0cd800,BUY,MARKET,6,623.38,6,623.38,
2025-11-12 14:40:00+00:00,FILLED,f19eec2d-a634-459c-96df-fe6284d57b41,SELL,MARKET,10.0,623.38,10.0,623.38,
2025-11-12 14:41:00+00:00,RISK_PASS,613dafb8-d20b-445c-b38d-18ca2603ef25,BUY,MARKET,10,623.02,0,0.0,All risk checks passed
2025-11-12 14:41:00+00:00,RISK_PASS,3c1aa032-d77b-4582-befc-da17418509e4,SELL,MARKET,6.0,623.02,0,0.0,All risk checks passed
2025-11-12 14:41:00+00:00,FILLED,613dafb8-d20b-445c-b38d-18ca2603ef25,BUY,MARKET,10,623.02,10,623.02,
2025-11-12 14:41:00+00:00,FILLED,3c1aa032-d77b-4582-befc-da17418509e4,SELL,MARKET,6.0,623.02,6.0,623.02,
2025-11-12 14:42:00+00:00,RISK_PASS,56d0ff2a-f4ae-4468-b912-dc537aec5a5e,BUY,MARKET,6,622.865,0,0.0,All risk checks passed
2025-11-12 14:42:00+00:00,RISK_PASS,a08588ec-1029-48a2-a4d8-f6ba2e27d973,SELL,MARKET,10.0,622.865,0,0.0,All risk checks passed
2025-11-12 14:42:00+00:00,FILLED,56d0ff2a-f4ae-4468-b912-dc537aec5a5e,BUY,MARKET,6,622.865,6,622.865,
2025-11-12 14:42:00+00:00,FILLED,a08588ec-1029-48a2-a4d8-f6ba2e27d973,SELL,MARKET,10.0,622.865,10.0,622.865,
2025-11-12 14:43:00+00:00,RISK_PASS,8b6758e5-395f-4f98-a90e-9fd1c6a7d25c,BUY,MARKET,10,622.89,0,0.0,All risk checks passed
2025-11-12 14:43:00+00:00,RISK_PASS,5006d5cc-c5a8-44bc-80fe-b2325ce83f44,SELL,MARKET,6.0,622.89,0,0.0,All risk checks passed
2025-11-12 14:43:00+00:00,FILLED,8b6758e5-395f-4f98-a90e-9fd1c6a7d25c,BUY,MARKET,10,622.89,10,622.89,
2025-11-12 14:43:00+00:00,FILLED,5006d5cc-c5a8-44bc-80fe-b2325ce83f44,SELL,MARKET,6.0,622.89,6.0,622.89,
2025-11-12 14:44:00+00:00,RISK_PASS,8a773de5-9274-4a37-9c83-c04a4d715678,BUY,MARKET,6,622.1,0,0.0,All risk checks passed
2025-11-12 14:44:00+00:00,RISK_PASS,42fe169b-6690-477f-8c2f-722e002c132c,SELL,MARKET,10.0,622.1,0,0.0,All risk checks passed
2025-11-12 14:44:00+00:00,FILLED,8a773de5-9274-4a37-9c83-c04a4d715678,BUY,MARKET,6,622.1,6,622.1,
2025-11-12 14:44:00+00:00,FILLED,42fe169b-6690-477f-8c2f-722e002c132c,SELL,MARKET,10.0,622.1,10.0,622.1,
2025-11-12 14:45:00+00:00,RISK_PASS,aae71be4-0cb0-4354-bec8-3eebe38d7273,BUY,MARKET,10,620.27,0,0.0,All risk checks passed
2025-11-12 14:45:00+00:00,RISK_PASS,0b791d2a-b42d-4591-950a-74f42f3ba7ad,SELL,MARKET,6.0,620.27,0,0.0,All risk checks passed
2025-11-12 14:45:00+00:00,FILLED,aae71be4-0cb0-4354-bec8-3eebe38d7273,BUY,MARKET,10,620.27,10,620.27,
2025-11-12 14:45:00+00:00,FILLED,0b791d2a-b42d-4591-950a-74f42f3ba7ad,SELL,MARKET,6.0,620.27,6.0,620.27,
2025-11-12 14:46:00+00:00,RISK_PASS,8a31b25f-6c81-4064-be73-49d7fc3ec8a0,BUY,MARKET,6,619.87,0,0.0,All risk checks passed
2025-11-12 14:46:00+00:00,RISK_PASS,fb577d06-b2f1-460e-9572-4fee9c629c53,SELL,MARKET,10.0,619.87,0,0.0,All risk checks passed
2025-11-12 14:46:00+00:00,FILLED,8a31b25f-6c81-4064-be73-49d7fc3ec8a0,BUY,MARKET,6,619.87,6,619.87,
2025-11-12 14:46:00+00:00,FILLED,fb577d06-b2f1-460e-9572-4fee9c629c53,SELL,MARKET,10.0,619.87,10.0,619.87,
2025-11-12 14:47:00+00:00,RISK_PASS,70c6ccc5-ebc3-4e0c-a418-0bb8f3e96594,BUY,MARKET,10,619.4,0,0.0,All risk checks passed
2025-11-12 14:47:00+00:00,RISK_PASS,495b5740-61c1-4536-b319-9cbf559f87a8,SELL,MARKET,6.0,619.4,0,0.0,All risk checks passed
2025-11-12 14:47:00+00:00,FILLED,70c6ccc5-ebc3-4e0c-a418-0bb8f3e96594,BUY,MARKET,10,619.4,10,619.4,
2025-11-12 14:47:00+00:00,FILLED,495b5740-61c1-4536-b319-9cbf559f87a8,SELL,MARKET,6.0,619.4,6.0,619.4,
2025-11-12 14:48:00+00:00,RISK_PASS,44c37884-c3ae-4dcb-a569-cda109868380,BUY,MARKET,6,619.106,0,0.0,All risk checks passed
2025-11-12 14:48:00+00:00,RISK_PASS,07ee271d-81fa-4acb-9f0f-31b8867195a0,SELL,MARKET,10.0,619.106,0,0.0,All risk checks passed
2025-11-12 14:48:00+00:00,FILLED,44c37884-c3ae-4dcb-a569-cda109868380,BUY,MARKET,6,619.106,6,619.106,
2025-11-12 14:48:00+00:00,FILLED,07ee271d-81fa-4acb-9f0f-31b8867195a0,SELL,MARKET,10.0,619.106,10.0,619.106,
2025-11-12 14:49:00+00:00,RISK_PASS,3bdf79ee-0e09-448c-a702-dd646ea358b0,BUY,MARKET,10,619.78,0,0.0,All risk checks passed
2025-11-12 14:49:00+00:00,RISK_PASS,ecf2386d-3656-47a4-908a-1f23c64e1236,SELL,MARKET,6.0,619.78,0,0.0,All risk checks passed
2025-11-12 14:49:00+00:00,FILLED,3bdf79ee-0e09-448c-a702-dd646ea358b0,BUY,MARKET,10,619.78,10,619.78,
2025-11-12 14:49:00+00:00,FILLED,ecf2386d-3656-47a4-908a-1f23c64e1236,SELL,MARKET,6.0,619.78,6.0,619.78,
2025-11-12 14:50:00+00:00,RISK_PASS,a0bdb297-c47b-4808-bf22-cb4ee84a7e2b,BUY,MARKET,6,620.2225,0,0.0,All risk checks passed
2025-11-12 14:50:00+00:00,RISK_PASS,a47ba73d-5fcd-4ffb-9f03-ff1e518705e6,SELL,MARKET,10.0,620.2225,0,0.0,All risk checks passed
2025-11-12 14:50:00+00:00,FILLED,a0bdb297-c47b-4808-bf22-cb4ee84a7e2b,BUY,MARKET,6,620.2225,6,620.2225,
2025-11-12 14:50:00+00:00,FILLED,a47ba73d-5fcd-4ffb-9f03-ff1e518705e6,SELL,MARKET,10.0,620.2225,10.0,620.2225,
2025-11-12 14:51:00+00:00,RISK_PASS,13f08b4d-f6b4-4575-9f87-fd15938e6693,BUY,MARKET,10,621.0,0,0.0,All risk checks passed
2025-11-12 14:51:00+00:00,RISK_PASS,1eeb04fe-2a04-4841-b3c9-acec4f76b834,SELL,MARKET,6.0,621.0,0,0.0,All risk checks passed
2025-11-12 14:51:00+00:00,FILLED,13f08b4d-f6b4-4575-9f87-fd15938e6693,BUY,MARKET,10,621.0,10,621.0,
2025-11-12 14:51:00+00:00,FILLED,1eeb04fe-2a04-4841-b3c9-acec4f76b834,SELL,MARKET,6.0,621.0,6.0,621.0,
2025-11-12 14:52:00+00:00,RISK_PASS,c5cfc193-5987-4512-a7e9-11ab152213d4,BUY,MARKET,6,620.9033,0,0.0,All risk checks passed
2025-11-12 14:52:00+00:00,RISK_PASS,306b4fb7-c9f3-461c-8ffb-7b2aa4ecc171,SELL,MARKET,10.0,620.9033,0,0.0,All risk checks passed
2025-11-12 14:52:00+00:00,FILLED,c5cfc193-5987-4512-a7e9-11ab152213d4,BUY,MARKET,6,620.9033,2,620.9033,
2025-11-12 14:52:00+00:00,FILLED,306b4fb7-c9f3-461c-8ffb-7b2aa4ecc171,SELL,MARKET,10.0,620.9033,10.0,620.9033,
2025-11-12 14:53:00+00:00,RISK_PASS,4e8a6f77-7245-4465-ba56-1da68b1e1aa6,SELL,MARKET,2.0,621.23,0,0.0,All risk checks passed
2025-11-12 14:53:00+00:00,FILLED,4e8a6f77-7245-4465-ba56-1da68b1e1aa6,SELL,MARKET,2.0,621.23,2.0,621.23,
2025-11-12 14:54:00+00:00,RISK_PASS,95c41f80-1293-4539-acba-41a7bd284108,BUY,MARKET,16,619.715,0,0.0,All risk checks passed
2025-11-12 14:54:00+00:00,FILLED,95c41f80-1293-4539-acba-41a7bd284108,BUY,MARKET,16,619.715,16,619.715,
2025-11-12 14:55:00+00:00,RISK_PASS,86e52583-c9aa-4787-bcfd-d519c1ecbcdd,SELL,MARKET,16.0,619.435,0,0.0,All risk checks passed
2025-11-12 14:55:00+00:00,FILLED,86e52583-c9aa-4787-bcfd-d519c1ecbcdd,SELL,MARKET,16.0,619.435,16.0,619.435,
2025-11-12 14:56:00+00:00,RISK_PASS,7cfec9e8-3927-42e7-b614-903b08d27452,BUY,MARKET,16,618.7,0,0.0,All risk checks passed
2025-11-12 14:56:00+00:00,FILLED,7cfec9e8-3927-42e7-b614-903b08d27452,BUY,MARKET,16,618.7,16,618.7,
2025-11-12 14:57:00+00:00,RISK_PASS,0bce8fc2-ddf6-4fe3-9c17-550091f1b3c5,SELL,MARKET,16.0,619.015,0,0.0,All risk checks passed
2025-11-12 14:57:00+00:00,FILLED,0bce8fc2-ddf6-4fe3-9c17-550091f1b3c5,SELL,MARKET,16.0,619.015,16.0,619.015,
2025-11-12 15:05:00+00:00,RISK_PASS,5908df24-1148-40a1-a8dc-b2629ac0c713,BUY,MARKET,16,617.88,0,0.0,All risk checks passed
2025-11-12 15:05:00+00:00,FILLED,5908df24-1148-40a1-a8dc-b2629ac0c713,BUY,MARKET,16,617.88,16,617.88,
2025-11-12 15:06:00+00:00,RISK_PASS,ec4c5a6a-45ff-4a0e-9f43-3fd0bab1ef8a,SELL,MARKET,16.0,617.93,0,0.0,All risk checks passed
2025-11-12 15:06:00+00:00,FILLED,ec4c5a6a-45ff-4a0e-9f43-3fd0bab1ef8a,SELL,MARKET,16.0,617.93,16.0,617.93,
2025-11-12 15:07:00+00:00,RISK_PASS,41df3029-2774-430e-b7ab-1bd4cf36b987,BUY,MARKET,16,617.59,0,0.0,All risk checks passed
2025-11-12 15:07:00+00:00,FILLED,41df3029-2774-430e-b7ab-1bd4cf36b987,BUY,MARKET,16,617.59,16,617.59,
2025-11-12 15:08:00+00:00,RISK_PASS,a2bec7da-0fa7-410a-ac51-502630a8f5ad,SELL,MARKET,16.0,616.63,0,0.0,All risk checks passed
2025-11-12 15:08:00+00:00,FILLED,a2bec7da-0fa7-410a-ac51-502630a8f5ad,SELL,MARKET,16.0,616.63,16.0,616.63,
2025-11-12 15:11:00+00:00,RISK_PASS,2a0d0136-04a6-4d6b-b62e-841aafcc2127,BUY,MARKET,16,616.27,0,0.0,All risk checks passed
2025-11-12 15:11:00+00:00,FILLED,2a0d0136-04a6-4d6b-b62e-841aafcc2127,BUY,MARKET,16,616.27,16,616.27,
2025-11-12 15:12:00+00:00,RISK_PASS,8e44d121-76cb-47b3-a480-c678c8b1d64c,SELL,MARKET,16.0,616.53,0,0.0,All risk checks passed
2025-11-12 15:12:00+00:00,REJECTED,8e44d121-76cb-47b3-a480-c678c8b1d64c,SELL,MARKET,16.0,616.53,0,0.0,Random engine rejection
2025-11-12 15:13:00+00:00,RISK_PASS,a7b03d9e-8414-437e-87ca-ae839f759df7,SELL,MARKET,16.0,615.55,0,0.0,All risk checks passed
2025-11-12 15:13:00+00:00,FILLED,a7b03d9e-8414-437e-87ca-ae839f759df7,SELL,MARKET,16.0,615.55,16.0,615.55,
2025-11-12 15:14:00+00:00,RISK_PASS,12d79bd4-8648-41eb-b532-53280f83b6b7,BUY,MARKET,16,616.345,0,0.0,All risk checks passed
2025-11-12 15:14:00+00:00,FILLED,12d79bd4-8648-41eb-b532-53280f83b6b7,BUY,MARKET,16,616.345,16,616.345,
2025-11-12 15:15:00+00:00,RISK_PASS,aac8282f-ce5e-4b98-83b8-3aa67c4e0131,SELL,MARKET,16.0,616.2033,0,0.0,All risk checks passed
2025-11-12 15:15:00+00:00,FILLED,aac8282f-ce5e-4b98-83b8-3aa67c4e0131,SELL,MARKET,16.0,616.2033,10,616.2033,
2025-11-12 15:16:00+00:00,RISK_PASS,e9ffcf0a-98ec-4d48-a053-3f262c584670,SELL,MARKET,6.0,616.945,0,0.0,All risk checks passed
2025-11-12 15:16:00+00:00,FILLED,e9ffcf0a-98ec-4d48-a053-3f262c584670,SELL,MARKET,6.0,616.945,6.0,616.945,
2025-11-12 15:35:00+00:00,RISK_PASS,62c5b828-983f-404f-b005-6d0d63f2a971,BUY,MARKET,16,611.23,0,0.0,All risk checks passed
2025-11-12 15:35:00+00:00,FILLED,62c5b828-983f-404f-b005-6d0d63f2a971,BUY,MARKET,16,611.23,9,611.23,
2025-11-12 15:36:00+00:00,RISK_PASS,8c3a68e5-9ef8-471d-b3c9-bc813757e575,BUY,MARKET,7,609.685,0,0.0,All risk checks passed
2025-11-12 15:36:00+00:00,RISK_PASS,00ec812e-1699-4ea1-b427-d6a75530c5c4,SELL,MARKET,9.0,609.685,0,0.0,All risk checks passed
2025-11-12 15:36:00+00:00,REJECTED,8c3a68e5-9ef8-471d-b3c9-bc813757e575,BUY,MARKET,7,609.685,0,0.0,Random engine rejection
2025-11-12 15:36:00+00:00,FILLED,00ec812e-1699-4ea1-b427-d6a75530c5c4,SELL,MARKET,9.0,609.685,9.0,609.685,
2025-11-12 15:37:00+00:00,RISK_PASS,acb5da2b-e24e-4b70-88ab-a59e1ee55384,BUY,MARKET,16,610.665,0,0.0,All risk checks passed
2025-11-12 15:37:00+00:00,FILLED,acb5da2b-e24e-4b70-88ab-a59e1ee55384,BUY,MARKET,16,610.665,16,610.665,
2025-11-12 15:38:00+00:00,RISK_PASS,defebaae-caf3-4118-a258-820ca65fca9f,SELL,MARKET,16.0,611.3301,0,0.0,All risk checks passed
2025-11-12 15:38:00+00:00,FILLED,defebaae-caf3-4118-a258-820ca65fca9f,SELL,MARKET,16.0,611.3301,16.0,611.3301,
2025-11-12 15:53:00+00:00,RISK_PASS,8f06f738-4704-4f34-b8e7-20cb9e0679f2,BUY,MARKET,16,610.055,0,0.0,All risk checks passed
2025-11-12 15:53:00+00:00,FILLED,8f06f738-4704-4f34-b8e7-20cb9e0679f2,BUY,MARKET,16,610.055,16,610.055,
2025-11-12 15:54:00+00:00,RISK_PASS,9d288132-2de6-4fc2-b14b-63d64c56444d,SELL,MARKET,16.0,609.5137,0,0.0,All risk checks passed
2025-11-12 15:54:00+00:00,FILLED,9d288132-2de6-4fc2-b14b-63d64c56444d,SELL,MARKET,16.0,609.5137,16.0,609.5137,
2025-11-12 15:55:00+00:00,RISK_PASS,cd5c7703-b1d7-43a9-a26c-3822c2f95772,BUY,MARKET,16,609.495,0,0.0,All risk checks passed
2025-11-12 15:55:00+00:00,FILLED,cd5c7703-b1d7-43a9-a26c-3822c2f95772,BUY,MARKET,16,609.495,16,609.495,
2025-11-12 15:56:00+00:00,RISK_PASS,680e00a1-2046-41f0-a637-ce70937a2fa4,SELL,MARKET,16.0,609.76,0,0.0,All risk checks passed
2025-11-12 15:56:00+00:00,FILLED,680e00a1-2046-41f0-a637-ce70937a2fa4,SELL,MARKET,16.0,609.76,16.0,609.76,
2025-11-12 15:57:00+00:00,RISK_PASS,8fdea1ca-4997-4616-bae8-6cb3749cba21,BUY,MARKET,16,609.5079,0,0.0,All risk checks passed
2025-11-12 15:57:00+00:00,FILLED,8fdea1ca-4997-4616-bae8-6cb3749cba21,BUY,MARKET,16,609.5079,16,609.5079,
2025-11-12 15:58:00+00:00,RISK_PASS,268cffa3-c164-4ebc-84b5-ed49d1afd6a9,SELL,MARKET,16.0,609.02,0,0.0,All risk checks passed
2025-11-12 15:58:00+00:00,FILLED,268cffa3-c164-4ebc-84b5-ed49d1afd6a9,SELL,MARKET,16.0,609.02,16.0,609.02,
2025-11-12 15:59:00+00:00,RISK_PASS,029719f4-79e7-4328-8027-3c5b857e8235,BUY,MARKET,16,609.19,0,0.0,All risk checks passed
2025-11-12 15:59:00+00:00,FILLED,029719f4-79e7-4328-8027-3c5b857e8235,BUY,MARKET,16,609.19,16,609.19,
2025-11-12 16:00:00+00:00,RISK_PASS,5ebb1ae9-366e-4624-b4cd-dd9ddbdc1827,SELL,MARKET,16.0,609.435,0,0.0,All risk checks passed
2025-11-12 16:00:00+00:00,FILLED,5ebb1ae9-366e-4624-b4cd-dd9ddbdc1827,SELL,MARKET,16.0,609.435,16.0,609.435,
2025-11-12 16:01:00+00:00,RISK_PASS,cb599617-8467-4f08-ad4d-148263d13a60,BUY,MARKET,16,608.69,0,0.0,All risk checks passed
2025-11-12 16:01:00+00:00,FILLED,cb599617-8467-4f08-ad4d-148263d13a60,BUY,MARKET,16,608.69,16,608.69,
2025-11-12 16:02:00+00:00,RISK_PASS,d876b943-2601-41db-8557-044c9547e2ef,SELL,MARKET,16.0,610.08,0,0.0,All risk checks passed
2025-11-12 16:02:00+00:00,REJECTED,d876b943-2601-41db-8557-044c9547e2ef,SELL,MARKET,16.0,610.08,0,0.0,Random engine rejection
2025-11-12 16:03:00+00:00,RISK_PASS,56c21c3e-73c7-4c92-86c3-3f5f909fbf36,SELL,MARKET,16.0,609.59,0,0.0,All risk checks passed
2025-11-12 16:03:00+00:00,FILLED,56c21c3e-73c7-4c92-86c3-3f5f909fbf36,SELL,MARKET,16.0,609.59,16.0,609.59,
2025-11-12 16:31:00+00:00,RISK_PASS,0284bb52-caaa-4009-bccd-61a16e825e49,BUY,MARKET,13,610.74,0,0.0,All risk checks passed
2025-11-12 16:31:00+00:00,FILLED,0284bb52-caaa-4009-bccd-61a16e825e49,BUY,MARKET,13,610.74,13,610.74,
2025-11-12 16:32:00+00:00,RISK_PASS,2eb25308-691e-491b-a36d-eaf33661ddac,SELL,MARKET,13.0,611.175,0,0.0,All risk checks passed
2025-11-12 16:32:00+00:00,FILLED,2eb25308-691e-491b-a36d-eaf33661ddac,SELL,MARKET,13.0,611.175,13.0,611.175,
2025-11-12 16:33:00+00:00,RISK_PASS,9738fda0-c4e3-472e-9413-35482538d56d,BUY,MARKET,13,611.14,0,0.0,All risk checks passed
2025-11-12 16:33:00+00:00,FILLED,9738fda0-c4e3-472e-9413-35482538d56d,BUY,MARKET,13,611.14,13,611.14,
2025-11-12 16:46:00+00:00,RISK_PASS,1bd1583f-bee1-457a-b9f7-87d9aa378d1c,SELL,MARKET,13.0,609.696,0,0.0,All risk checks passed
2025-11-12 16:46:00+00:00,REJECTED,1bd1583f-bee1-457a-b9f7-87d9aa378d1c,SELL,MARKET,13.0,609.696,0,0.0,Random engine rejection
2025-11-12 16:47:00+00:00,RISK_PASS,7a0d4c83-39a3-471e-8a42-2d040a50d44d,SELL,MARKET,13.0,608.985,0,0.0,All risk checks passed
2025-11-12 16:47:00+00:00,FILLED,7a0d4c83-39a3-471e-8a42-2d040a50d44d,SELL,MARKET,13.0,608.985,13.0,608.985,
2025-11-12 16:56:00+00:00,RISK_PASS,49b3763d-44a4-4040-9d0f-ac0c70e61de7,BUY,MARKET,13,610.715,0,0.0,All risk checks passed
2025-11-12 16:56:00+00:00,FILLED,49b3763d-44a4-4040-9d0f-ac0c70e61de7,BUY,MARKET,13,610.715,9,610.715,
2025-11-12 16:57:00+00:00,RISK_PASS,1369b1df-0007-4206-a502-6da9d903c033,BUY,MARKET,4,611.1391,0,0.0,All risk checks passed
2025-11-12 16:57:00+00:00,FILLED,1369b1df-0007-4206-a502-6da9d903c033,BUY,MARKET,4,611.1391,4,611.1391,
2025-11-12 17:01:00+00:00,RISK_PASS,b48f37fc-9a57-4eb0-8b79-872aad072f53,SELL,MARKET,13.0,611.195,0,0.0,All risk checks passed
2025-11-12 17:01:00+00:00,FILLED,b48f37fc-9a57-4eb0-8b79-872aad072f53,SELL,MARKET,13.0,611.195,13.0,611.195,
2025-11-12 17:02:00+00:00,RISK_PASS,e1be6beb-3a79-4b25-a812-a4ad45549986,BUY,MARKET,13,611.13,0,0.0,All risk checks passed
2025-11-12 17:02:00+00:00,FILLED,e1be6beb-3a79-4b25-a812-a4ad45549986,BUY,MARKET,13,611.13,13,611.13,
2025-11-12 17:03:00+00:00,RISK_PASS,3bb51e94-2453-4c4b-b642-991fb78fddbb,SELL,MARKET,13.0,611.11,0,0.0,All risk checks passed
2025-11-12 17:03:00+00:00,FILLED,3bb51e94-2453-4c4b-b642-991fb78fddbb,SELL,MARKET,13.0,611.11,13.0,611.11,
2025-11-12 17:04:00+00:00,RISK_PASS,61b20214-d556-40cd-9293-6ede128cd5a1,BUY,MARKET,13,611.4478,0,0.0,All risk checks passed
2025-11-12 17:04:00+00:00,FILLED,61b20214-d556-40cd-9293-6ede128cd5a1,BUY,MARKET,13,611.4478,13,611.4478,
2025-11-12 17:12:00+00:00,RISK_PASS,1255d243-67a4-46ad-8c2c-a62e645d7c29,SELL,MARKET,13.0,612.4,0,0.0,All risk checks passed
2025-11-12 17:12:00+00:00,FILLED,1255d243-67a4-46ad-8c2c-a62e645d7c29,SELL,MARKET,13.0,612.4,13.0,612.4,
2025-11-12 17:13:00+00:00,RISK_PASS,39dd9e43-b01b-4aff-aba6-d7f0bed42e55,BUY,MARKET,13,613.013,0,0.0,All risk checks passed
2025-11-12 17:13:00+00:00,FILLED,39dd9e43-b01b-4aff-aba6-d7f0bed42e55,BUY,MARKET,13,613.013,13,613.013,
2025-11-12 17:14:00+00:00,RISK_PASS,88abf02d-3942-4df4-921d-ee60af230a9d,SELL,MARKET,13.0,612.875,0,0.0,All risk checks passed
2025-11-12 17:14:00+00:00,FILLED,88abf02d-3942-4df4-921d-ee60af230a9d,SELL,MARKET,13.0,612.875,13.0,612.875,
2025-11-12 17:15:00+00:00,RISK_PASS,e7253b8c-5233-47e1-9524-a7cf78a5acff,BUY,MARKET,13,613.35,0,0.0,All risk checks passed
2025-11-12 17:15:00+00:00,FILLED,e7253b8c-5233-47e1-9524-a7cf78a5acff,BUY,MARKET,13,613.35,13,613.35,
2025-11-12 17:31:00+00:00,RISK_PASS,4d004166-74e8-47b9-a9f3-7f4d1d754c3f,SELL,MARKET,13.0,613.64,0,0.0,All risk checks passed
2025-11-12 17:31:00+00:00,FILLED,4d004166-74e8-47b9-a9f3-7f4d1d754c3f,SELL,MARKET,13.0,613.64,13.0,613.64,
2025-11-12 17:32:00+00:00,RISK_PASS,b91b7608-ead7-4b2b-bcdb-f09f0f1810ba,BUY,MARKET,13,614.1803,0,0.0,All risk checks passed
2025-11-12 17:32:00+00:00,FILLED,b91b7608-ead7-4b2b-bcdb-f09f0f1810ba,BUY,MARKET,13,614.1803,13,614.1803,
2025-11-12 17:33:00+00:00,RISK_PASS,cc4afb88-c482-4385-856b-bc5b8b2be223,SELL,MARKET,13.0,614.27,0,0.0,All risk checks passed
2025-11-12 17:33:00+00:00,FILLED,cc4afb88-c482-4385-856b-bc5b8b2be223,SELL,MARKET,13.0,614.27,13.0,614.27,
2025-11-12 17:34:00+00:00,RISK_PASS,c6eb6a8d-c896-4290-9765-12fb9b793d66,BUY,MARKET,13,614.58,0,0.0,All risk checks passed
2025-11-12 17:34:00+00:00,FILLED,c6eb6a8d-c896-4290-9765-12fb9b793d66,BUY,MARKET,13,614.58,13,614.58,
2025-11-12 17:35:00+00:00,RISK_PASS,b35cde28-aad7-4397-8eaa-f63c6bca94c6,SELL,MARKET,13.0,614.885,0,0.0,All risk checks passed
2025-11-12 17:35:00+00:00,FILLED,b35cde28-aad7-4397-8eaa-f63c6bca94c6,SELL,MARKET,13.0,614.885,13.0,614.885,
2025-11-12 17:36:00+00:00,RISK_PASS,0327baae-6514-4c35-89f4-4b702fa90781,BUY,MARKET,12,614.95,0,0.0,All risk checks passed
2025-11-12 17:36:00+00:00,FILLED,0327baae-6514-4c35-89f4-4b702fa90781,BUY,MARKET,12,614.95,12,614.95,
2025-11-12 17:37:00+00:00,RISK_PASS,1a4cc326-7228-437d-83b0-7c5391979354,SELL,MARKET,12.0,615.327,0,0.0,All risk checks passed
2025-11-12 17:37:00+00:00,REJECTED,1a4cc326-7228-437d-83b0-7c5391979354,SELL,MARKET,12.0,615.327,0,0.0,Random engine rejection
2025-11-12 17:38:00+00:00,RISK_PASS,d23a4257-3268-43ad-b3a5-70e9e745cb6f,SELL,MARKET,12.0,615.405,0,0.0,All risk checks passed
2025-11-12 17:38:00+00:00,FILLED,d23a4257-3268-43ad-b3a5-70e9e745cb6f,SELL,MARKET,12.0,615.405,12.0,615.405,
2025-11-12 17:39:00+00:00,RISK_PASS,6e767696-4b3f-4405-ad6e-43784d4dfe01,BUY,MARKET,12,615.405,0,0.0,All risk checks passed
2025-11-12 17:39:00+00:00,FILLED,6e767696-4b3f-4405-ad6e-43784d4dfe01,BUY,MARKET,12,615.405,12,615.405,
2025-11-12 17:40:00+00:00,RISK_PASS,a1ee7a3f-e3fc-4d27-9bd9-7be52836e1a1,BUY,MARKET,7,615.55,0,0.0,All risk checks passed
2025-11-12 17:40:00+00:00,RISK_PASS,92438552-37e4-4227-95ec-db5e19ae930d,SELL,MARKET,12.0,615.55,0,0.0,All risk checks passed
2025-11-12 17:40:00+00:00,FILLED,a1ee7a3f-e3fc-4d27-9bd9-7be52836e1a1,BUY,MARKET,7,615.55,7,615.55,
2025-11-12 17:40:00+00:00,FILLED,92438552-37e4-4227-95ec-db5e19ae930d,SELL,MARKET,12.0,615.55,12.0,615.55,
2025-11-12 17:41:00+00:00,RISK_PASS,a9444808-7b8d-49c7-9c06-e2576a010d58,BUY,MARKET,5,615.68,0,0.0,All risk checks passed
2025-11-12 17:41:00+00:00,RISK_PASS,5c5c29b2-aa51-4958-8616-ff0a61785a42,SELL,MARKET,7.0,615.68,0,0.0,All risk checks passed
2025-11-12 17:41:00+00:00,FILLED,a9444808-7b8d-49c7-9c06-e2576a010d58,BUY,MARKET,5,615.68,5,615.68,
2025-11-12 17:41:00+00:00,FILLED,5c5c29b2-aa51-4958-8616-ff0a61785a42,SELL,MARKET,7.0,615.68,7.0,615.68,
2025-11-12 17:42:00+00:00,RISK_PASS,5c73fb69-a4a6-460e-bbda-e60cfae13725,BUY,MARKET,7,615.625,0,0.0,All risk checks passed
2025-11-12 17:42:00+00:00,RISK_PASS,29430751-3af3-4dce-96be-3451f3ebed44,SELL,MARKET,5.0,615.625,0,0.0,All risk checks passed
2025-11-12 17:42:00+00:00,FILLED,5c73fb69-a4a6-460e-bbda-e60cfae13725,BUY,MARKET,7,615.625,7,615.625,
2025-11-12 17:42:00+00:00,REJECTED,29430751-3af3-4dce-96be-3451f3ebed44,SELL,MARKET,5.0,615.625,0,0.0,Random engine rejection
2025-11-12 17:43:00+00:00,RISK_PASS,d746ccdd-5f84-4a36-908f-1bcfed6f5669,BUY,MARKET,7,615.79,0,0.0,All risk checks passed
2025-11-12 17:43:00+00:00,RISK_PASS,b95dcc41-2df8-4c24-acc1-5afbad9f8b15,SELL,MARKET,12.0,615.79,0,0.0,All risk checks passed
2025-11-12 17:43:00+00:00,FILLED,d746ccdd-5f84-4a36-908f-1bcfed6f5669,BUY,MARKET,7,615.79,7,615.79,
2025-11-12 17:43:00+00:00,FILLED,b95dcc41-2df8-4c24-acc1-5afbad9f8b15,SELL,MARKET,12.0,615.79,12.0,615.79,
2025-11-12 17:44:00+00:00,RISK_PASS,8272e758-bb76-434f-b860-6fffad49d29e,BUY,MARKET,12,615.34,0,0.0,All risk checks passed
2025-11-12 17:44:00+00:00,RISK_PASS,2dfaf589-4b3d-48a2-b179-7d84d2c392db,SELL,MARKET,7.0,615.34,0,0.0,All risk checks passed
2025-11-12 17:44:00+00:00,FILLED,8272e758-bb76-434f-b860-6fffad49d29e,BUY,MARKET,12,615.34,12,615.34,
2025-11-12 17:44:00+00:00,FILLED,2dfaf589-4b3d-48a2-b179-7d84d2c392db,SELL,MARKET,7.0,615.34,2,615.34,
2025-11-12 17:45:00+00:00,RISK_PASS,2ffd973e-6f02-4c6e-b3e7-a895bc82fd9a,BUY,MARKET,2,615.7,0,0.0,All risk checks passed
2025-11-12 17:45:00+00:00,RISK_PASS,51bf58e8-1ffe-4695-9dfe-5bda8d56ba36,SELL,MARKET,17.0,615.7,0,0.0,All risk checks passed
2025-11-12 17:45:00+00:00,FILLED,2ffd973e-6f02-4c6e-b3e7-a895bc82fd9a,BUY,MARKET,2,615.7,2,615.7,
2025-11-12 17:45:00+00:00,FILLED,51bf58e8-1ffe-4695-9dfe-5bda8d56ba36,SELL,MARKET,17.0,615.7,17.0,615.7,
2025-11-12 17:46:00+00:00,RISK_PASS,1fa48e33-be34-4a73-b972-d48e9466892f,BUY,MARKET,10,615.52,0,0.0,All risk checks passed
2025-11-12 17:46:00+00:00,RISK_PASS,d3d01431-f5a6-4bfa-9d5f-46f91dcd2d18,SELL,MARKET,2.0,615.52,0,0.0,All risk checks passed
2025-11-12 17:46:00+00:00,FILLED,1fa48e33-be34-4a73-b972-d48e9466892f,BUY,MARKET,10,615.52,10,615.52,
2025-11-12 17:46:00+00:00,FILLED,d3d01431-f5a6-4bfa-9d5f-46f91dcd2d18,SELL,MARKET,2.0,615.52,2.0,615.52,
2025-11-12 17:47:00+00:00,RISK_PASS,396fb867-1dd3-4551-a3d7-2a29f6a04e20,BUY,MARKET,9,615.5201,0,0.0,All risk checks passed
2025-11-12 17:47:00+00:00,RISK_PASS,a93ead85-2950-4286-961b-766387e82687,SELL,MARKET,10.0,615.5201,0,0.0,All risk checks passed
2025-11-12 17:47:00+00:00,FILLED,396fb867-1dd3-4551-a3d7-2a29f6a04e20,BUY,MARKET,9,615.5201,9,615.5201,
2025-11-12 17:47:00+00:00,FILLED,a93ead85-2950-4286-961b-766387e82687,SELL,MARKET,10.0,615.5201,10.0,615.5201,
2025-11-12 17:48:00+00:00,RISK_PASS,e21b0449-7d07-44cb-83b4-664e2d38d7c5,BUY,MARKET,10,615.07,0,0.0,All risk checks passed
2025-11-12 17:48:00+00:00,FILLED,e21b0449-7d07-44cb-83b4-664e2d38d7c5,BUY,MARKET,10,615.07,10,615.07,
2025-11-12 18:10:00+00:00,RISK_PASS,8b04b2b0-2902-48b7-bb25-da5b8e5f0036,SELL,MARKET,19.0,613.82,0,0.0,All risk checks passed
2025-11-12 18:10:00+00:00,FILLED,8b04b2b0-2902-48b7-bb25-da5b8e5f0036,SELL,MARKET,19.0,613.82,19.0,613.82,
2025-11-12 18:12:00+00:00,RISK_PASS,bd2d5cdc-1c21-4ef4-ad8e-7fdd12c4dd1b,BUY,MARKET,16,613.86,0,0.0,All risk checks passed
2025-11-12 18:12:00+00:00,REJECTED,bd2d5cdc-1c21-4ef4-ad8e-7fdd12c4dd1b,BUY,MARKET,16,613.86,0,0.0,Random engine rejection
2025-11-12 18:13:00+00:00,RISK_PASS,22494edc-6c13-4659-b466-99ba774e1dea,BUY,MARKET,16,613.89,0,0.0,All risk checks passed
2025-11-12 18:13:00+00:00,FILLED,22494edc-6c13-4659-b466-99ba774e1dea,BUY,MARKET,16,613.89,16,613.89,
2025-11-12 18:14:00+00:00,RISK_PASS,32a54bc2-9434-41e5-bc28-4c3b217ebf5c,SELL,MARKET,16.0,614.1399,0,0.0,All risk checks passed
2025-11-12 18:14:00+00:00,FILLED,32a54bc2-9434-41e5-bc28-4c3b217ebf5c,SELL,MARKET,16.0,614.1399,16.0,614.1399,
2025-11-12 18:28:00+00:00,RISK_PASS,48727e78-7617-465c-a403-870acfddddbf,BUY,MARKET,16,611.77,0,0.0,All risk checks passed
2025-11-12 18:28:00+00:00,FILLED,48727e78-7617-465c-a403-870acfddddbf,BUY,MARKET,16,611.77,16,611.77,
2025-11-12 18:29:00+00:00,RISK_PASS,2dac969e-a71b-4c36-8ab2-35623d869cce,SELL,MARKET,16.0,611.7,0,0.0,All risk checks passed
2025-11-12 18:29:00+00:00,FILLED,2dac969e-a71b-4c36-8ab2-35623d869cce,SELL,MARKET,16.0,611.7,16.0,611.7,
2025-11-12 18:30:00+00:00,RISK_PASS,e9eb13e5-4b40-46a1-a5ac-1b19a837d0b1,BUY,MARKET,16,611.68,0,0.0,All risk checks passed
2025-11-12 18:30:00+00:00,FILLED,e9eb13e5-4b40-46a1-a5ac-1b19a837d0b1,BUY,MARKET,16,611.68,16,611.68,
2025-11-12 18:31:00+00:00,RISK_PASS,775d523a-c80d-4949-90a2-85e46acb8810,SELL,MARKET,16.0,611.715,0,0.0,All risk checks passed
2025-11-12 18:31:00+00:00,FILLED,775d523a-c80d-4949-90a2-85e46acb8810,SELL,MARKET,16.0,611.715,16.0,611.715,
2025-11-12 18:32:00+00:00,RISK_PASS,1007b5c8-15c8-469a-8bf6-5eefac902736,BUY,MARKET,16,611.585,0,0.0,All risk checks passed
2025-11-12 18:32:00+00:00,FILLED,1007b5c8-15c8-469a-8bf6-5eefac902736,BUY,MARKET,16,611.585,16,611.585,
2025-11-12 18:33:00+00:00,RISK_PASS,fd71b71d-4770-49b3-bdbf-21b67e51378e,SELL,MARKET,16.0,611.64,0,0.0,All risk checks passed
2025-11-12 18:33:00+00:00,FILLED,fd71b71d-4770-49b3-bdbf-21b67e51378e,SELL,MARKET,16.0,611.64,16.0,611.64,
2025-11-12 18:34:00+00:00,RISK_PASS,a35cc87e-8a7d-4539-bff2-e8f257b7d408,BUY,MARKET,16,611.42,0,0.0,All risk checks passed
2025-11-12 18:34:00+00:00,FILLED,a35cc87e-8a7d-4539-bff2-e8f257b7d408,BUY,MARKET,16,611.42,9,611.42,
2025-11-12 18:35:00+00:00,RISK_PASS,29be5591-2680-474c-b316-7f88e0962b93,BUY,MARKET,7,611.3744,0,0.0,All risk checks passed
2025-11-12 18:35:00+00:00,RISK_PASS,fde00d77-8253-4e78-a24d-922e19904670,SELL,MARKET,9.0,611.3744,0,0.0,All risk checks passed
2025-11-12 18:35:00+00:00,FILLED,29be5591-2680-474c-b316-7f88e0962b93,BUY,MARKET,7,611.3744,7,611.3744,
2025-11-12 18:35:00+00:00,FILLED,fde00d77-8253-4e78-a24d-922e19904670,SELL,MARKET,9.0,611.3744,9.0,611.3744,
2025-11-12 18:36:00+00:00,RISK_PASS,c16705d7-eed9-440d-a4fd-10bfb88b1d52,BUY,MARKET,9,610.6175,0,0.0,All risk checks passed
2025-11-12 18:36:00+00:00,RISK_PASS,2c45fb02-4be6-49f0-912e-db1dc104d217,SELL,MARKET,7.0,610.6175,0,0.0,All risk checks passed
2025-11-12 18:36:00+00:00,FILLED,c16705d7-eed9-440d-a4fd-10bfb88b1d52,BUY,MARKET,9,610.6175,9,610.6175,
2025-11-12 18:36:00+00:00,FILLED,2c45fb02-4be6-49f0-912e-db1dc104d217,SELL,MARKET,7.0,610.6175,7.0,610.6175,
2025-11-12 18:37:00+00:00,RISK_PASS,29db21c6-c6ee-43a4-b263-2050f68fdae7,BUY,MARKET,7,611.16,0,0.0,All risk checks passed
2025-11-12 18:37:00+00:00,RISK_PASS,0f9ab360-9949-4947-9b3e-bce567bf176d,SELL,MARKET,9.0,611.16,0,0.0,All risk checks passed
2025-11-12 18:37:00+00:00,FILLED,29db21c6-c6ee-43a4-b263-2050f68fdae7,BUY,MARKET,7,611.16,7,611.16,
2025-11-12 18:37:00+00:00,FILLED,0f9ab360-9949-4947-9b3e-bce567bf176d,SELL,MARKET,9.0,611.16,9.0,611.16,
2025-11-12 18:38:00+00:00,RISK_PASS,e313b55a-8494-44d7-a4e9-49ecbbd58276,BUY,MARKET,9,611.09,0,0.0,All risk checks passed
2025-11-12 18:38:00+00:00,RISK_PASS,38bf4a69-2af6-4124-a399-79b9b2e82116,SELL,MARKET,7.0,611.09,0,0.0,All risk checks passed
2025-11-12 18:38:00+00:00,FILLED,e313b55a-8494-44d7-a4e9-49ecbbd58276,BUY,MARKET,9,611.09,9,611.09,
2025-11-12 18:38:00+00:00,FILLED,38bf4a69-2af6-4124-a399-79b9b2e82116,SELL,MARKET,7.0,611.09,7.0,611.09,
2025-11-12 18:39:00+00:00,RISK_PASS,287147a7-cee7-4427-934b-d876139f5c77,SELL,MARKET,9.0,611.64,0,0.0,All risk checks passed
2025-11-12 18:39:00+00:00,FILLED,287147a7-cee7-4427-934b-d876139f5c77,SELL,MARKET,9.0,611.64,4,611.64,
2025-11-12 18:40:00+00:00,RISK_PASS,1ff09d94-213f-4e90-949a-b988e0aafd7b,SELL,MARKET,5.0,611.825,0,0.0,All risk checks passed
2025-11-12 18:40:00+00:00,FILLED,1ff09d94-213f-4e90-949a-b988e0aafd7b,SELL,MARKET,5.0,611.825,5.0,611.825,
2025-11-12 18:58:00+00:00,RISK_PASS,2e1e3e18-31e4-4395-9198-a6152cd655ba,BUY,MARKET,13,612.7675,0,0.0,All risk checks passed
2025-11-12 18:58:00+00:00,FILLED,2e1e3e18-31e4-4395-9198-a6152cd655ba,BUY,MARKET,13,612.7675,13,612.7675,
2025-11-12 18:59:00+00:00,RISK_PASS,b651f24f-9d3f-45f8-96e3-3b33497796df,SELL,MARKET,13.0,612.95,0,0.0,All risk checks passed
2025-11-12 18:59:00+00:00,FILLED,b651f24f-9d3f-45f8-96e3-3b33497796df,SELL,MARKET,13.0,612.95,13.0,612.95,
2025-11-12 19:00:00+00:00,RISK_PASS,a48c0867-13d4-41a8-a84d-f277feea4c9f,BUY,MARKET,13,612.59,0,0.0,All risk checks passed
2025-11-12 19:00:00+00:00,FILLED,a48c0867-13d4-41a8-a84d-f277feea4c9f,BUY,MARKET,13,612.59,13,612.59,
2025-11-12 19:14:00+00:00,RISK_PASS,1c15e3d1-9b11-4d8b-84ee-0198d8445165,SELL,MARKET,13.0,613.59,0,0.0,All risk checks passed
2025-11-12 19:14:00+00:00,FILLED,1c15e3d1-9b11-4d8b-84ee-0198d8445165,SELL,MARKET,13.0,613.59,13.0,613.59,
2025-11-12 19:15:00+00:00,RISK_PASS,190aa5c2-64bd-43a7-9a2d-4060a9f15d6a,BUY,MARKET,13,613.465,0,0.0,All risk checks passed
2025-11-12 19:15:00+00:00,FILLED,190aa5c2-64bd-43a7-9a2d-4060a9f15d6a,BUY,MARKET,13,613.465,13,613.465,
2025-11-12 19:19:00+00:00,RISK_PASS,980c6c7d-a442-40c3-8194-e3f17cd18f56,SELL,MARKET,13.0,613.435,0,0.0,All risk checks passed
2025-11-12 19:19:00+00:00,FILLED,980c6c7d-a442-40c3-8194-e3f17cd18f56,SELL,MARKET,13.0,613.435,13.0,613.435,
2025-11-12 19:20:00+00:00,RISK_PASS,46530ab7-ab2e-4c93-b88e-4734d49c18c7,BUY,MARKET,13,613.42,0,0.0,All risk checks passed
2025-11-12 19:20:00+00:00,FILLED,46530ab7-ab2e-4c93-b88e-4734d49c18c7,BUY,MARKET,13,613.42,13,613.42,
2025-11-12 19:36:00+00:00,RISK_PASS,9e1c947a-64ba-41d7-877b-f58a5946521f,SELL,MARKET,13.0,613.205,0,0.0,All risk checks passed
2025-11-12 19:36:00+00:00,FILLED,9e1c947a-64ba-41d7-877b-f58a5946521f,SELL,MARKET,13.0,613.205,13.0,613.205,
2025-11-12 19:38:00+00:00,RISK_PASS,f330bdfe-af32-4fb2-a048-52d5c2bdb453,BUY,MARKET,13,613.47,0,0.0,All risk checks passed
2025-11-12 19:38:00+00:00,REJECTED,f330bdfe-af32-4fb2-a048-52d5c2bdb453,BUY,MARKET,13,613.47,0,0.0,Random engine rejection
2025-11-12 19:39:00+00:00,RISK_PASS,c78d6540-985b-4f65-b9ce-4365a4ec4830,BUY,MARKET,13,613.46,0,0.0,All risk checks passed
2025-11-12 19:39:00+00:00,FILLED,c78d6540-985b-4f65-b9ce-4365a4ec4830,BUY,MARKET,13,613.46,13,613.46,
2025-11-12 19:53:00+00:00,RISK_PASS,854ae4c4-96be-4f9b-9ea2-983b5eae9e5d,SELL,MARKET,13.0,612.935,0,0.0,All risk checks passed
2025-11-12 19:53:00+00:00,FILLED,854ae4c4-96be-4f9b-9ea2-983b5eae9e5d,SELL,MARKET,13.0,612.935,13.0,612.935,
2025-11-12 19:55:00+00:00,RISK_PASS,671ee80f-0b83-458b-a3ba-99b026904a61,BUY,MARKET,16,612.72,0,0.0,All risk checks passed
2025-11-12 19:55:00+00:00,FILLED,671ee80f-0b83-458b-a3ba-99b026904a61,BUY,MARKET,16,612.72,16,612.72,
2025-11-12 19:56:00+00:00,RISK_PASS,70cf41c9-f0e0-4fdd-876e-7fd6999e5b3a,SELL,MARKET,16.0,612.585,0,0.0,All risk checks passed
2025-11-12 19:56:00+00:00,FILLED,70cf41c9-f0e0-4fdd-876e-7fd6999e5b3a,SELL,MARKET,16.0,612.585,16.0,612.585,
2025-11-12 19:57:00+00:00,RISK_PASS,09f5cf63-6b9d-4d48-b8fb-71dcb36b173a,BUY,MARKET,16,612.2399,0,0.0,All risk checks passed
2025-11-12 19:57:00+00:00,FILLED,09f5cf63-6b9d-4d48-b8fb-71dcb36b173a,BUY,MARKET,16,612.2399,16,612.2399,
2025-11-12 19:58:00+00:00,RISK_PASS,bef44d00-2397-4fee-b03b-b751c17514c1,SELL,MARKET,16.0,611.0901,0,0.0,All risk checks passed
2025-11-12 19:58:00+00:00,FILLED,bef44d00-2397-4fee-b03b-b751c17514c1,SELL,MARKET,16.0,611.0901,16.0,611.0901,
2025-11-12 19:59:00+00:00,RISK_PASS,86bcf024-a5f1-4ece-a022-66ebd083dc6c,BUY,MARKET,16,611.94,0,0.0,All risk checks passed
2025-11-12 19:59:00+00:00,FILLED,86bcf024-a5f1-4ece-a022-66ebd083dc6c,BUY,MARKET,16,611.94,16,611.94,
2025-11-12 20:00:00+00:00,RISK_PASS,299873b7-b2e2-4a60-89f5-dae55452a98a,SELL,MARKET,16.0,612.23,0,0.0,All risk checks passed
2025-11-12 20:00:00+00:00,REJECTED,299873b7-b2e2-4a60-89f5-dae55452a98a,SELL,MARKET,16.0,612.23,0,0.0,Random engine rejection
2025-11-12 20:01:00+00:00,RISK_PASS,0b5df109-8036-40cc-8e42-363bd51d861f,SELL,MARKET,16.0,611.57,0,0.0,All risk checks passed
2025-11-12 20:01:00+00:00,FILLED,0b5df109-8036-40cc-8e42-363bd51d861f,SELL,MARKET,16.0,611.57,16.0,611.57,
2025-11-12 20:03:00+00:00,RISK_PASS,063f6d19-326c-4335-ad5a-3a356c996350,BUY,MARKET,16,611.35,0,0.0,All risk checks passed
2025-11-12 20:03:00+00:00,FILLED,063f6d19-326c-4335-ad5a-3a356c996350,BUY,MARKET,16,611.35,16,611.35,
2025-11-12 20:04:00+00:00,RISK_PASS,35d8b1c1-e951-4149-ad9c-d587718ba6c4,SELL,MARKET,16.0,611.34,0,0.0,All risk checks passed
2025-11-12 20:04:00+00:00,FILLED,35d8b1c1-e951-4149-ad9c-d587718ba6c4,SELL,MARKET,16.0,611.34,16.0,611.34,
2025-11-12 20:07:00+00:00,RISK_PASS,ba16d78e-877e-4074-886d-a48962342226,BUY,MARKET,16,611.07,0,0.0,All risk checks passed
2025-11-12 20:07:00+00:00,FILLED,ba16d78e-877e-4074-886d-a48962342226,BUY,MARKET,16,611.07,16,611.07,
2025-11-12 20:08:00+00:00,RISK_PASS,472e0a5d-e780-4ed3-bd9a-ef8ad02ccad1,SELL,MARKET,16.0,611.39,0,0.0,All risk checks passed
2025-11-12 20:08:00+00:00,FILLED,472e0a5d-e780-4ed3-bd9a-ef8ad02ccad1,SELL,MARKET,16.0,611.39,16.0,611.39,
2025-11-12 20:14:00+00:00,RISK_PASS,c46d7940-98c8-4943-b45f-ce927c8a7dba,BUY,MARKET,16,610.63,0,0.0,All risk checks passed
2025-11-12 20:14:00+00:00,FILLED,c46d7940-98c8-4943-b45f-ce927c8a7dba,BUY,MARKET,16,610.63,16,610.63,
2025-11-12 20:15:00+00:00,RISK_PASS,2ad63efc-04cd-43e5-87d0-9dc2abc7fae2,SELL,MARKET,16.0,610.98,0,0.0,All risk checks passed
2025-11-12 20:15:00+00:00,FILLED,2ad63efc-04cd-43e5-87d0-9dc2abc7fae2,SELL,MARKET,16.0,610.98,16.0,610.98,
2025-11-12 20:45:00+00:00,RISK_PASS,66ff3974-a9b1-4e27-a4f2-46be57d1d6bf,BUY,MARKET,16,608.63,0,0.0,All risk checks passed
2025-11-12 20:45:00+00:00,FILLED,66ff3974-a9b1-4e27-a4f2-46be57d1d6bf,BUY,MARKET,16,608.63,16,608.63,
2025-11-12 20:46:00+00:00,RISK_PASS,0d6f65ad-b579-44a3-bc55-9c59c388023c,SELL,MARKET,16.0,608.85,0,0.0,All risk checks passed
2025-11-12 20:46:00+00:00,FILLED,0d6f65ad-b579-44a3-bc55-9c59c388023c,SELL,MARKET,16.0,608.85,16.0,608.85,
2025-11-12 20:47:00+00:00,RISK_PASS,eca4a365-a517-4b28-afe3-b3f0f50c4f71,BUY,MARKET,16,609.34,0,0.0,All risk checks passed
2025-11-12 20:47:00+00:00,FILLED,eca4a365-a517-4b28-afe3-b3f0f50c4f71,BUY,MARKET,16,609.34,16,609.34,
2025-11-12 20:48:00+00:00,RISK_PASS,4c6e16d2-7360-4659-afb6-bfce31e3594f,SELL,MARKET,16.0,609.525,0,0.0,All risk checks passed
2025-11-12 20:48:00+00:00,FILLED,4c6e16d2-7360-4659-afb6-bfce31e3594f,SELL,MARKET,16.0,609.525,16.0,609.525,
2025-11-12 20:49:00+00:00,RISK_PASS,0b3ccd75-d2b8-42c0-a17b-a476b4c101fe,BUY,MARKET,16,608.95,0,0.0,All risk checks passed
2025-11-12 20:49:00+00:00,REJECTED,0b3ccd75-d2b8-42c0-a17b-a476b4c101fe,BUY,MARKET,16,608.95,0,0.0,Random engine rejection
2025-11-12 21:23:00+00:00,RISK_PASS,a302f14d-de18-4ec5-9115-b5ed4102e317,BUY,MARKET,13,609.5615,0,0.0,All risk checks passed
2025-11-12 21:23:00+00:00,FILLED,a302f14d-de18-4ec5-9115-b5ed4102e317,BUY,MARKET,13,609.5615,13,609.5615,
2025-11-12 21:53:00+00:00,RISK_PASS,644675a5-bfb5-48c8-b37e-45ab0e1cb742,SELL,MARKET,13.0,609.44,0,0.0,All risk checks passed
2025-11-12 21:53:00+00:00,FILLED,644675a5-bfb5-48c8-b37e-45ab0e1cb742,SELL,MARKET,13.0,609.44,13.0,609.44,
2025-11-12 21:57:00+00:00,RISK_PASS,0eb06f6e-ec14-4f13-a4b3-ce3d53d72a5f,BUY,MARKET,13,609.3847,0,0.0,All risk checks passed
2025-11-12 21:57:00+00:00,FILLED,0eb06f6e-ec14-4f13-a4b3-ce3d53d72a5f,BUY,MARKET,13,609.3847,13,609.3847,
2025-11-12 21:58:00+00:00,RISK_PASS,c2ab6f1f-4a84-4d41-ab75-5392f03ab687,SELL,MARKET,13.0,609.25,0,0.0,All risk checks passed
2025-11-12 21:58:00+00:00,FILLED,c2ab6f1f-4a84-4d41-ab75-5392f03ab687,SELL,MARKET,13.0,609.25,13.0,609.25,
2025-11-12 22:19:00+00:00,RISK_PASS,5eea1ba1-205f-4d6b-9f50-84f8799faf55,BUY,MARKET,13,609.49,0,0.0,All risk checks passed
2025-11-12 22:19:00+00:00,FILLED,5eea1ba1-205f-4d6b-9f50-84f8799faf55,BUY,MARKET,13,609.49,13,609.49,
2025-11-12 22:20:00+00:00,RISK_PASS,e34b33b5-f8a9-429e-8e61-882fb9eb9b02,SELL,MARKET,13.0,609.55,0,0.0,All risk checks passed
2025-11-12 22:20:00+00:00,FILLED,e34b33b5-f8a9-429e-8e61-882fb9eb9b02,SELL,MARKET,13.0,609.55,13.0,609.55,
2025-11-12 22:21:00+00:00,RISK_PASS,66804a6f-8359-440e-9e4f-8727a64b776f,BUY,MARKET,13,609.55,0,0.0,All risk checks passed
2025-11-12 22:21:00+00:00,FILLED,66804a6f-8359-440e-9e4f-8727a64b776f,BUY,MARKET,13,609.55,13,609.55,
2025-11-12 22:22:00+00:00,RISK_PASS,17be8373-e967-48c3-88bc-74cc7f2d1892,SELL,MARKET,13.0,609.58,0,0.0,All risk checks passed
2025-11-12 22:22:00+00:00,FILLED,17be8373-e967-48c3-88bc-74cc7f2d1892,SELL,MARKET,13.0,609.58,13.0,609.58,
2025-11-12 22:23:00+00:00,RISK_PASS,007e3320-563f-4746-baab-07f73b49480e,BUY,MARKET,13,609.5501,0,0.0,All risk checks passed
2025-11-12 22:23:00+00:00,FILLED,007e3320-563f-4746-baab-07f73b49480e,BUY,MARKET,13,609.5501,5,609.5501,
2025-11-12 22:24:00+00:00,RISK_PASS,d28ec7d1-26ef-4611-a726-226024c0c650,BUY,MARKET,8,609.59,0,0.0,All risk checks passed
2025-11-12 22:24:00+00:00,RISK_PASS,e2484ff0-921f-42e7-b538-013352c73e98,SELL,MARKET,5.0,609.59,0,0.0,All risk checks passed
2025-11-12 22:24:00+00:00,FILLED,d28ec7d1-26ef-4611-a726-226024c0c650,BUY,MARKET,8,609.59,8,609.59,
2025-11-12 22:24:00+00:00,FILLED,e2484ff0-921f-42e7-b538-013352c73e98,SELL,MARKET,5.0,609.59,5.0,609.59,
2025-11-12 22:25:00+00:00,RISK_PASS,4b4f7cab-4b0f-45d8-8575-b27ce97afce0,BUY,MARKET,5,609.62,0,0.0,All risk checks passed
2025-11-12 22:25:00+00:00,RISK_PASS,a75cb652-6f98-4021-94ca-21fef1da70cb,SELL,MARKET,8.0,609.62,0,0.0,All risk checks passed
2025-11-12 22:25:00+00:00,FILLED,4b4f7cab-4b0f-45d8-8575-b27ce97afce0,BUY,MARKET,5,609.62,5,609.62,
2025-11-12 22:25:00+00:00,REJECTED,a75cb652-6f98-4021-94ca-21fef1da70cb,SELL,MARKET,8.0,609.62,0,0.0,Random engine rejection
2025-11-12 22:26:00+00:00,RISK_PASS,31f3d6d5-dbb3-42c7-8b3a-79ac6ebb5a5e,SELL,MARKET,13.0,609.63,0,0.0,All risk checks passed
2025-11-12 22:26:00+00:00,FILLED,31f3d6d5-dbb3-42c7-8b3a-79ac6ebb5a5e,SELL,MARKET,13.0,609.63,13.0,609.63,
2025-11-12 22:27:00+00:00,RISK_PASS,e2dc3445-a61a-4d6c-be81-d01e8f1bdafa,BUY,MARKET,13,609.6401,0,0.0,All risk checks passed
2025-11-12 22:27:00+00:00,REJECTED,e2dc3445-a61a-4d6c-be81-d01e8f1bdafa,BUY,MARKET,13,609.6401,0,0.0,Random engine rejection
2025-11-12 22:28:00+00:00,RISK_PASS,8c3aa7af-4752-499a-abef-f36fd6b9ea9c,BUY,MARKET,13,609.65,0,0.0,All risk checks passed
2025-11-12 22:28:00+00:00,FILLED,8c3aa7af-4752-499a-abef-f36fd6b9ea9c,BUY,MARKET,13,609.65,13,609.65,
2025-11-12 22:29:00+00:00,RISK_PASS,f3a8265f-43d1-4d1a-834b-fba08018319d,SELL,MARKET,13.0,609.68,0,0.0,All risk checks passed
2025-11-12 22:29:00+00:00,FILLED,f3a8265f-43d1-4d1a-834b-fba08018319d,SELL,MARKET,13.0,609.68,13.0,609.68,
2025-11-12 22:30:00+00:00,RISK_PASS,0fe2fd34-da8f-4006-9197-1f43df3ae81a,BUY,MARKET,13,609.68,0,0.0,All risk checks passed
2025-11-12 22:30:00+00:00,FILLED,0fe2fd34-da8f-4006-9197-1f43df3ae81a,BUY,MARKET,13,609.68,13,609.68,
2025-11-12 22:31:00+00:00,RISK_PASS,ee3f838c-2bd7-4bd9-8e64-6ca00ba9b113,SELL,MARKET,13.0,609.6851,0,0.0,All risk checks passed
2025-11-12 22:31:00+00:00,FILLED,ee3f838c-2bd7-4bd9-8e64-6ca00ba9b113,SELL,MARKET,13.0,609.6851,13.0,609.6851,
2025-11-12 22:32:00+00:00,RISK_PASS,50d5f6c3-be60-4d1d-b41c-ac9b2518130a,BUY,MARKET,13,609.6998,0,0.0,All risk checks passed
2025-11-12 22:32:00+00:00,FILLED,50d5f6c3-be60-4d1d-b41c-ac9b2518130a,BUY,MARKET,13,609.6998,13,609.6998,
2025-11-12 22:33:00+00:00,RISK_PASS,c607ccbb-a39a-4d47-aac1-778324790144,SELL,MARKET,13.0,609.7378,0,0.0,All risk checks passed
2025-11-12 22:33:00+00:00,FILLED,c607ccbb-a39a-4d47-aac1-778324790144,SELL,MARKET,13.0,609.7378,13.0,609.7378,
2025-11-12 22:34:00+00:00,RISK_PASS,587f9fb0-a274-458c-bfb7-a45ccc4999bc,BUY,MARKET,13,609.7069,0,0.0,All risk checks passed
2025-11-12 22:34:00+00:00,FILLED,587f9fb0-a274-458c-bfb7-a45ccc4999bc,BUY,MARKET,13,609.7069,13,609.7069,
2025-11-12 22:35:00+00:00,RISK_PASS,406c814f-aa4a-4b74-b86a-6915b667fcc5,SELL,MARKET,13.0,609.79,0,0.0,All risk checks passed
2025-11-12 22:35:00+00:00,FILLED,406c814f-aa4a-4b74-b86a-6915b667fcc5,SELL,MARKET,13.0,609.79,13.0,609.79,
2025-11-12 22:36:00+00:00,RISK_PASS,6839b644-bbae-4a55-a8ac-4ddf7c25eeba,BUY,MARKET,13,609.79,0,0.0,All risk checks passed
2025-11-12 22:36:00+00:00,FILLED,6839b644-bbae-4a55-a8ac-4ddf7c25eeba,BUY,MARKET,13,609.79,13,609.79,
2025-11-12 22:37:00+00:00,RISK_PASS,d733b926-eef8-431f-8c52-37ab0a333ff5,SELL,MARKET,13.0,609.78,0,0.0,All risk checks passed
2025-11-12 22:37:00+00:00,FILLED,d733b926-eef8-431f-8c52-37ab0a333ff5,SELL,MARKET,13.0,609.78,13.0,609.78,
2025-11-12 22:38:00+00:00,RISK_PASS,9b98fba4-98b6-4628-9b20-0e5adc12894b,BUY,MARKET,13,609.78,0,0.0,All risk checks passed
2025-11-12 22:38:00+00:00,FILLED,9b98fba4-98b6-4628-9b20-0e5adc12894b,BUY,MARKET,13,609.78,13,609.78,
2025-11-12 22:39:00+00:00,RISK_PASS,3e955978-cbd0-49e4-86ff-acfb992887d7,SELL,MARKET,13.0,609.7809,0,0.0,All risk checks passed
2025-11-12 22:39:00+00:00,FILLED,3e955978-cbd0-49e4-86ff-acfb992887d7,SELL,MARKET,13.0,609.7809,13.0,609.7809,
2025-11-12 22:40:00+00:00,RISK_PASS,0ba5c3a9-6b0b-44c9-867c-168a239ae6f2,BUY,MARKET,13,609.79,0,0.0,All risk checks passed
2025-11-12 22:40:00+00:00,FILLED,0ba5c3a9-6b0b-44c9-867c-168a239ae6f2,BUY,MARKET,13,609.79,13,609.79,
2025-11-12 22:41:00+00:00,RISK_PASS,32262194-1f7f-437f-9920-860ed36867aa,SELL,MARKET,13.0,609.8375,0,0.0,All risk checks passed
2025-11-12 22:41:00+00:00,FILLED,32262194-1f7f-437f-9920-860ed36867aa,SELL,MARKET,13.0,609.8375,13.0,609.8375,
2025-11-12 22:42:00+00:00,RISK_PASS,6e4ea73b-e3e3-4cea-9fbc-ced5767dbc16,BUY,MARKET,13,609.88,0,0.0,All risk checks passed
2025-11-12 22:42:00+00:00,FILLED,6e4ea73b-e3e3-4cea-9fbc-ced5767dbc16,BUY,MARKET,13,609.88,13,609.88,
2025-11-12 22:43:00+00:00,RISK_PASS,f72fa423-9046-4b1b-9a71-7ec77d05c810,SELL,MARKET,13.0,609.88,0,0.0,All risk checks passed
2025-11-12 22:43:00+00:00,FILLED,f72fa423-9046-4b1b-9a71-7ec77d05c810,SELL,MARKET,13.0,609.88,13.0,609.88,
2025-11-12 22:44:00+00:00,RISK_PASS,c389bb43-f5c5-48a2-be61-7f05f47ad965,BUY,MARKET,13,609.94,0,0.0,All risk checks passed
2025-11-12 22:44:00+00:00,FILLED,c389bb43-f5c5-48a2-be61-7f05f47ad965,BUY,MARKET,13,609.94,13,609.94,
2025-11-12 22:45:00+00:00,RISK_PASS,80a91936-6a35-460f-b2ba-ed523b9e2d37,SELL,MARKET,13.0,609.97,0,0.0,All risk checks passed
2025-11-12 22:45:00+00:00,FILLED,80a91936-6a35-460f-b2ba-ed523b9e2d37,SELL,MARKET,13.0,609.97,13.0,609.97,
2025-11-12 22:46:00+00:00,RISK_PASS,40315ca8-c426-4db1-9a36-45a3964bb5a1,BUY,MARKET,13,609.98,0,0.0,All risk checks passed
2025-11-12 22:46:00+00:00,FILLED,40315ca8-c426-4db1-9a36-45a3964bb5a1,BUY,MARKET,13,609.98,13,609.98,
2025-11-12 22:47:00+00:00,RISK_PASS,76ad9100-f5af-4b3b-a743-cc93d0b77693,SELL,MARKET,13.0,609.98,0,0.0,All risk checks passed
2025-11-12 22:47:00+00:00,FILLED,76ad9100-f5af-4b3b-a743-cc93d0b77693,SELL,MARKET,13.0,609.98,13.0,609.98,
2025-11-12 22:48:00+00:00,RISK_PASS,2958ccfc-e4e0-40f2-87d8-a6858f9af115,BUY,MARKET,13,609.97,0,0.0,All risk checks passed
2025-11-12 22:48:00+00:00,FILLED,2958ccfc-e4e0-40f2-87d8-a6858f9af115,BUY,MARKET,13,609.97,13,609.97,
2025-11-12 22:49:00+00:00,RISK_PASS,4973c285-22a7-4c9f-b232-4e641f2f31f1,SELL,MARKET,13.0,609.979,0,0.0,All risk checks passed
2025-11-12 22:49:00+00:00,FILLED,4973c285-22a7-4c9f-b232-4e641f2f31f1,SELL,MARKET,13.0,609.979,13.0,609.979,
2025-11-12 22:50:00+00:00,RISK_PASS,88361c8b-832a-4622-98c0-9f9e86b15ea8,BUY,MARKET,13,609.94,0,0.0,All risk checks passed
2025-11-12 22:50:00+00:00,FILLED,88361c8b-832a-4622-98c0-9f9e86b15ea8,BUY,MARKET,13,609.94,13,609.94,
2025-11-12 22:51:00+00:00,RISK_PASS,647c9927-59bf-47da-82a6-4465e3ff6a2e,SELL,MARKET,13.0,609.9,0,0.0,All risk checks passed
2025-11-12 22:51:00+00:00,FILLED,647c9927-59bf-47da-82a6-4465e3ff6a2e,SELL,MARKET,13.0,609.9,13.0,609.9,
2025-11-12 22:52:00+00:00,RISK_PASS,5fb542ce-58bc-4492-96ff-39896ef56ec5,BUY,MARKET,13,609.88,0,0.0,All risk checks passed
2025-11-12 22:52:00+00:00,FILLED,5fb542ce-58bc-4492-96ff-39896ef56ec5,BUY,MARKET,13,609.88,13,609.88,
2025-11-12 22:54:00+00:00,RISK_PASS,5d01d564-061b-4d98-9d4c-e08097aad322,SELL,MARKET,13.0,610.0,0,0.0,All risk checks passed
2025-11-12 22:54:00+00:00,FILLED,5d01d564-061b-4d98-9d4c-e08097aad322,SELL,MARKET,13.0,610.0,13.0,610.0,
2025-11-12 22:55:00+00:00,RISK_PASS,cfa44965-eb19-4417-911c-9fa872f3fabb,BUY,MARKET,13,609.9984,0,0.0,All risk checks passed
2025-11-12 22:55:00+00:00,FILLED,cfa44965-eb19-4417-911c-9fa872f3fabb,BUY,MARKET,13,609.9984,13,609.9984,
2025-11-12 22:56:00+00:00,RISK_PASS,52bf58f3-3461-4055-9f79-6e52b3258782,SELL,MARKET,13.0,610.0435,0,0.0,All risk checks passed
2025-11-12 22:56:00+00:00,FILLED,52bf58f3-3461-4055-9f79-6e52b3258782,SELL,MARKET,13.0,610.0435,13.0,610.0435,
2025-11-12 22:57:00+00:00,RISK_PASS,3c580165-84ae-4f5d-b04f-4f7fae8f3705,BUY,MARKET,13,610.11,0,0.0,All risk checks passed
2025-11-12 22:57:00+00:00,FILLED,3c580165-84ae-4f5d-b04f-4f7fae8f3705,BUY,MARKET,13,610.11,13,610.11,
2025-11-12 22:58:00+00:00,RISK_PASS,d803a6de-9d46-4662-bddb-985d5db96697,SELL,MARKET,13.0,610.17,0,0.0,All risk checks passed
2025-11-12 22:58:00+00:00,FILLED,d803a6de-9d46-4662-bddb-985d5db96697,SELL,MARKET,13.0,610.17,9,610.17,
2025-11-12 22:59:00+00:00,RISK_PASS,62cd3660-5a06-4e27-b2a2-4ee5f6f0623f,BUY,MARKET,9,610.34,0,0.0,All risk checks passed
2025-11-12 22:59:00+00:00,RISK_PASS,f899d143-971d-49e3-9b75-164ddc25efe5,SELL,MARKET,4.0,610.34,0,0.0,All risk checks passed
2025-11-12 22:59:00+00:00,FILLED,62cd3660-5a06-4e27-b2a2-4ee5f6f0623f,BUY,MARKET,9,610.34,9,610.34,
2025-11-12 22:59:00+00:00,REJECTED,f899d143-971d-49e3-9b75-164ddc25efe5,SELL,MARKET,4.0,610.34,0,0.0,Random engine rejection
2025-11-12 23:05:00+00:00,RISK_PASS,f2e2fa83-2a5e-4a69-9cb5-c73e20b80154,BUY,MARKET,3,608.0,0,0.0,All risk checks passed
2025-11-12 23:05:00+00:00,RISK_PASS,76b60b05-b2d1-4fc8-8508-3b8df1a32eaf,SELL,MARKET,13.0,608.0,0,0.0,All risk checks passed
2025-11-12 23:05:00+00:00,FILLED,f2e2fa83-2a5e-4a69-9cb5-c73e20b80154,BUY,MARKET,3,608.0,3,608.0,
2025-11-12 23:05:00+00:00,FILLED,76b60b05-b2d1-4fc8-8508-3b8df1a32eaf,SELL,MARKET,13.0,608.0,13.0,608.0,
2025-11-12 23:06:00+00:00,RISK_PASS,bb362f1e-8eb5-4166-a66f-3c361ccbae55,BUY,MARKET,13,608.06,0,0.0,All risk checks passed
2025-11-12 23:06:00+00:00,RISK_PASS,beeb344c-71a7-4c8b-ac5e-0f70e2b454e6,SELL,MARKET,3.0,608.06,0,0.0,All risk checks passed
2025-11-12 23:06:00+00:00,FILLED,bb362f1e-8eb5-4166-a66f-3c361ccbae55,BUY,MARKET,13,608.06,13,608.06,
2025-11-12 23:06:00+00:00,FILLED,beeb344c-71a7-4c8b-ac5e-0f70e2b454e6,SELL,MARKET,3.0,608.06,3.0,608.06,
2025-11-12 23:07:00+00:00,RISK_PASS,fae9c6ba-dd90-4a0a-babc-7144c52f256a,SELL,MARKET,13.0,608.47,0,0.0,All risk checks passed
2025-11-12 23:07:00+00:00,FILLED,fae9c6ba-dd90-4a0a-babc-7144c52f256a,SELL,MARKET,13.0,608.47,13.0,608.47,
2025-11-12 23:44:00+00:00,RISK_PASS,3de9d324-51df-427e-8314-b5a4950d7f8d,BUY,MARKET,16,607.5,0,0.0,All risk checks passed
2025-11-12 23:44:00+00:00,FILLED,3de9d324-51df-427e-8314-b5a4950d7f8d,BUY,MARKET,16,607.5,16,607.5,
2025-11-12 23:45:00+00:00,RISK_PASS,660f13eb-13c3-48cd-a404-074e13ed4306,SELL,MARKET,16.0,607.4,0,0.0,All risk checks passed
2025-11-12 23:45:00+00:00,FILLED,660f13eb-13c3-48cd-a404-074e13ed4306,SELL,MARKET,16.0,607.4,16.0,607.4,
2025-11-12 23:46:00+00:00,RISK_PASS,475f218d-fbee-4db4-bfff-1fb34dbc5078,BUY,MARKET,16,607.51,0,0.0,All risk checks passed
2025-11-12 23:46:00+00:00,FILLED,475f218d-fbee-4db4-bfff-1fb34dbc5078,BUY,MARKET,16,607.51,16,607.51,
2025-11-12 23:47:00+00:00,RISK_PASS,2ae2d562-38ad-4fd5-a37c-6f3d87e71f50,SELL,MARKET,16.0,607.5,0,0.0,All risk checks passed
2025-11-12 23:47:00+00:00,FILLED,2ae2d562-38ad-4fd5-a37c-6f3d87e71f50,SELL,MARKET,16.0,607.5,16.0,607.5,
2025-11-12 23:49:00+00:00,RISK_PASS,c50e21e1-d3fd-438e-9072-6a5dfa68945b,BUY,MARKET,16,607.43,0,0.0,All risk checks passed
2025-11-12 23:49:00+00:00,FILLED,c50e21e1-d3fd-438e-9072-6a5dfa68945b,BUY,MARKET,16,607.43,16,607.43,
2025-11-12 23:50:00+00:00,RISK_PASS,cbc28c28-941e-4c3e-b5ec-f5df914f4819,SELL,MARKET,16.0,607.45,0,0.0,All risk checks passed
2025-11-12 23:50:00+00:00,FILLED,cbc28c28-941e-4c3e-b5ec-f5df914f4819,SELL,MARKET,16.0,607.45,16.0,607.45,
2025-11-12 23:51:00+00:00,RISK_PASS,ce30ec92-d6ad-4db6-a9c6-036eeea3f011,BUY,MARKET,16,607.35,0,0.0,All risk checks passed
2025-11-12 23:51:00+00:00,FILLED,ce30ec92-d6ad-4db6-a9c6-036eeea3f011,BUY,MARKET,16,607.35,16,607.35,
2025-11-12 23:52:00+00:00,RISK_PASS,08deb8bb-800a-43c2-a788-ed15a7d25f74,SELL,MARKET,16.0,607.35,0,0.0,All risk checks passed
2025-11-12 23:52:00+00:00,FILLED,08deb8bb-800a-43c2-a788-ed15a7d25f74,SELL,MARKET,16.0,607.35,16.0,607.35,
2025-11-12 23:53:00+00:00,RISK_PASS,0c6e83d5-23ec-44d3-ae98-6c0cffab7845,BUY,MARKET,16,607.43,0,0.0,All risk checks passed
2025-11-12 23:53:00+00:00,FILLED,0c6e83d5-23ec-44d3-ae98-6c0cffab7845,BUY,MARKET,16,607.43,16,607.43,
2025-11-12 23:54:00+00:00,RISK_PASS,b85126b4-add5-4c2d-b6a2-fef9fc0448cd,SELL,MARKET,16.0,607.41,0,0.0,All risk checks passed
2025-11-12 23:54:00+00:00,FILLED,b85126b4-add5-4c2d-b6a2-fef9fc0448cd,SELL,MARKET,16.0,607.41,16.0,607.41,
2025-11-13 00:10:00+00:00,RISK_PASS,d9143df9-6f5a-4ad5-8ff7-b71aa2fa7c6e,BUY,MARKET,13,608.73,0,0.0,All risk checks passed
2025-11-13 00:10:00+00:00,FILLED,d9143df9-6f5a-4ad5-8ff7-b71aa2fa7c6e,BUY,MARKET,13,608.73,13,608.73,
2025-11-13 00:11:00+00:00,RISK_PASS,75e93d36-2749-4368-892d-b09f30211249,SELL,MARKET,13.0,608.66,0,0.0,All risk checks passed
2025-11-13 00:11:00+00:00,FILLED,75e93d36-2749-4368-892d-b09f30211249,SELL,MARKET,13.0,608.66,13.0,608.66,
2025-11-13 00:12:00+00:00,RISK_PASS,7bab9eea-8bd6-46da-8354-56e53e623559,BUY,MARKET,13,608.51,0,0.0,All risk checks passed
2025-11-13 00:12:00+00:00,FILLED,7bab9eea-8bd6-46da-8354-56e53e623559,BUY,MARKET,13,608.51,7,608.51,
2025-11-13 00:13:00+00:00,RISK_PASS,a20ba4cb-4115-4b8e-828c-6bb72f2aa833,BUY,MARKET,6,608.39,0,0.0,All risk checks passed
2025-11-13 00:13:00+00:00,FILLED,a20ba4cb-4115-4b8e-828c-6bb72f2aa833,BUY,MARKET,6,608.39,6,608.39,
2025-11-13 00:15:00+00:00,RISK_PASS,8f770101-9d69-4ba7-a9c6-415bc192c054,SELL,MARKET,13.0,608.59,0,0.0,All risk checks passed
2025-11-13 00:15:00+00:00,FILLED,8f770101-9d69-4ba7-a9c6-415bc192c054,SELL,MARKET,13.0,608.59,13.0,608.59,
2025-11-13 00:16:00+00:00,RISK_PASS,78e447d1-a1b5-4e24-a0d9-020e83eace28,BUY,MARKET,13,608.55,0,0.0,All risk checks passed
2025-11-13 00:16:00+00:00,FILLED,78e447d1-a1b5-4e24-a0d9-020e83eace28,BUY,MARKET,13,608.55,13,608.55,
2025-11-13 00:31:00+00:00,RISK_PASS,a26e87d3-5dae-4154-98be-058de4e5cca6,BUY,MARKET,6,607.8901,0,0.0,All risk checks passed
2025-11-13 00:31:00+00:00,FILLED,a26e87d3-5dae-4154-98be-058de4e5cca6,BUY,MARKET,6,607.8901,6,607.8901,
2025-11-13 00:42:00+00:00,RISK_PASS,f1f2b297-df5f-408e-a6f7-8dc5f6d21d63,SELL,MARKET,19.0,607.9785,0,0.0,All risk checks passed
2025-11-13 00:42:00+00:00,FILLED,f1f2b297-df5f-408e-a6f7-8dc5f6d21d63,SELL,MARKET,19.0,607.9785,19.0,607.9785,
2025-11-13 00:50:00+00:00,RISK_PASS,173a8564-00cf-418f-94d7-417379911768,BUY,MARKET,16,607.7899,0,0.0,All risk checks passed
2025-11-13 00:50:00+00:00,FILLED,173a8564-00cf-418f-94d7-417379911768,BUY,MARKET,16,607.7899,16,607.7899,
2025-11-13 00:51:00+00:00,RISK_PASS,b231c9d7-4fa3-452a-a40b-d80045df2143,SELL,MARKET,16.0,607.7,0,0.0,All risk checks passed
2025-11-13 00:51:00+00:00,FILLED,b231c9d7-4fa3-452a-a40b-d80045df2143,SELL,MARKET,16.0,607.7,16.0,607.7,
2025-11-13 00:52:00+00:00,RISK_PASS,261170c1-a5ff-47dd-a730-325a71c9ab84,BUY,MARKET,16,607.6635,0,0.0,All risk checks passed
2025-11-13 00:52:00+00:00,FILLED,261170c1-a5ff-47dd-a730-325a71c9ab84,BUY,MARKET,16,607.6635,16,607.6635,
2025-11-13 00:53:00+00:00,RISK_PASS,388fe281-2b57-4c1b-84b1-2d0bd23262cd,SELL,MARKET,16.0,607.75,0,0.0,All risk checks passed
2025-11-13 00:53:00+00:00,FILLED,388fe281-2b57-4c1b-84b1-2d0bd23262cd,SELL,MARKET,16.0,607.75,16.0,607.75,
2025-11-13 00:54:00+00:00,RISK_PASS,dc01b568-9726-457e-b83c-21c2ac9b90cc,BUY,MARKET,16,607.8,0,0.0,All risk checks passed
2025-11-13 00:54:00+00:00,FILLED,dc01b568-9726-457e-b83c-21c2ac9b90cc,BUY,MARKET,16,607.8,16,607.8,
2025-11-13 00:55:00+00:00,RISK_PASS,d84ec57a-e2f2-4bfe-b987-7dba3400e538,SELL,MARKET,16.0,607.8,0,0.0,All risk checks passed
2025-11-13 00:55:00+00:00,FILLED,d84ec57a-e2f2-4bfe-b987-7dba3400e538,SELL,MARKET,16.0,607.8,14,607.8,
2025-11-13 00:56:00+00:00,RISK_PASS,f082c105-d00e-43eb-9428-11b8f25cc121,SELL,MARKET,2.0,607.7501,0,0.0,All risk checks passed
2025-11-13 00:56:00+00:00,FILLED,f082c105-d00e-43eb-9428-11b8f25cc121,SELL,MARKET,2.0,607.7501,2.0,607.7501,
2025-11-13 00:57:00+00:00,RISK_PASS,d757e877-3c7b-4547-88c3-c97a3f5a6848,BUY,MARKET,16,607.6799,0,0.0,All risk checks passed
2025-11-13 00:57:00+00:00,FILLED,d757e877-3c7b-4547-88c3-c97a3f5a6848,BUY,MARKET,16,607.6799,16,607.6799,
2025-11-13 00:58:00+00:00,RISK_PASS,cad33085-c9b8-4d7f-bd33-b46bed47607d,SELL,MARKET,16.0,607.4,0,0.0,All risk checks passed
2025-11-13 00:58:00+00:00,FILLED,cad33085-c9b8-4d7f-bd33-b46bed47607d,SELL,MARKET,16.0,607.4,16.0,607.4,
2025-11-13 09:00:00+00:00,RISK_PASS,8813abcc-5b03-47be-871c-f416742c4567,BUY,MARKET,13,613.39,0,0.0,All risk checks passed
2025-11-13 09:00:00+00:00,FILLED,8813abcc-5b03-47be-871c-f416742c4567,BUY,MARKET,13,613.39,13,613.39,
2025-11-13 09:01:00+00:00,RISK_PASS,7328eec7-9d5c-4d2b-8d0c-341bb64e1292,SELL,MARKET,13.0,613.28,0,0.0,All risk checks passed
2025-11-13 09:01:00+00:00,FILLED,7328eec7-9d5c-4d2b-8d0c-341bb64e1292,SELL,MARKET,13.0,613.28,13.0,613.28,
2025-11-13 09:02:00+00:00,RISK_PASS,49c3ecc1-1187-4de2-9566-767994ff413b,BUY,MARKET,13,612.52,0,0.0,All risk checks passed
2025-11-13 09:02:00+00:00,FILLED,49c3ecc1-1187-4de2-9566-767994ff413b,BUY,MARKET,13,612.52,13,612.52,
2025-11-13 09:03:00+00:00,RISK_PASS,81b0718f-544a-4cbf-94fe-7a4b67b099ae,SELL,MARKET,13.0,612.43,0,0.0,All risk checks passed
2025-11-13 09:03:00+00:00,REJECTED,81b0718f-544a-4cbf-94fe-7a4b67b099ae,SELL,MARKET,13.0,612.43,0,0.0,Random engine rejection
2025-11-13 09:04:00+00:00,RISK_PASS,99437f41-ed3e-4c51-a435-765004898d52,SELL,MARKET,13.0,612.2,0,0.0,All risk checks passed
2025-11-13 09:04:00+00:00,FILLED,99437f41-ed3e-4c51-a435-765004898d52,SELL,MARKET,13.0,612.2,13.0,612.2,
2025-11-13 09:05:00+00:00,RISK_PASS,a0cbcc82-6a87-4892-8455-7c5f8f4f8a62,BUY,MARKET,13,612.1,0,0.0,All risk checks passed
2025-11-13 09:05:00+00:00,FILLED,a0cbcc82-6a87-4892-8455-7c5f8f4f8a62,BUY,MARKET,13,612.1,13,612.1,
2025-11-13 09:07:00+00:00,RISK_PASS,f659a523-d4e5-44c3-98cf-ff8af9748ab1,SELL,MARKET,13.0,611.41,0,0.0,All risk checks passed
2025-11-13 09:07:00+00:00,FILLED,f659a523-d4e5-44c3-98cf-ff8af9748ab1,SELL,MARKET,13.0,611.41,13.0,611.41,
2025-11-13 09:08:00+00:00,RISK_PASS,b827651e-3c8d-4bda-90b8-c826dde367b4,BUY,MARKET,13,611.33,0,0.0,All risk checks passed
2025-11-13 09:08:00+00:00,FILLED,b827651e-3c8d-4bda-90b8-c826dde367b4,BUY,MARKET,13,611.33,13,611.33,
2025-11-13 09:17:00+00:00,RISK_PASS,571deba9-0663-4296-834d-d47624b9ffbb,BUY,MARKET,6,609.98,0,0.0,All risk checks passed
2025-11-13 09:17:00+00:00,REJECTED,571deba9-0663-4296-834d-d47624b9ffbb,BUY,MARKET,6,609.98,0,0.0,Random engine rejection
2025-11-13 09:19:00+00:00,RISK_PASS,6186aac9-8605-4fb8-8916-f85056f4d9ad,BUY,MARKET,6,610.1,0,0.0,All risk checks passed
2025-11-13 09:19:00+00:00,FILLED,6186aac9-8605-4fb8-8916-f85056f4d9ad,BUY,MARKET,6,610.1,6,610.1,
2025-11-13 09:50:00+00:00,RISK_PASS,01995a47-3076-4201-81dc-829594e2e8bc,SELL,MARKET,19.0,610.35,0,0.0,All risk checks passed
2025-11-13 09:50:00+00:00,FILLED,01995a47-3076-4201-81dc-829594e2e8bc,SELL,MARKET,19.0,610.35,9,610.35,
2025-11-13 09:51:00+00:00,RISK_PASS,8bc617d2-9196-4252-8110-5e7a7ced7873,BUY,MARKET,3,610.5,0,0.0,All risk checks passed
2025-11-13 09:51:00+00:00,RISK_PASS,2618b905-0c2a-4c63-b405-a91139b4703f,SELL,MARKET,10.0,610.5,0,0.0,All risk checks passed
2025-11-13 09:51:00+00:00,FILLED,8bc617d2-9196-4252-8110-5e7a7ced7873,BUY,MARKET,3,610.5,3,610.5,
2025-11-13 09:51:00+00:00,FILLED,2618b905-0c2a-4c63-b405-a91139b4703f,SELL,MARKET,10.0,610.5,10.0,610.5,
2025-11-13 09:53:00+00:00,RISK_PASS,5e29083e-ff03-4047-a77a-9972ac85f2bd,BUY,MARKET,10,610.3,0,0.0,All risk checks passed
2025-11-13 09:53:00+00:00,REJECTED,5e29083e-ff03-4047-a77a-9972ac85f2bd,BUY,MARKET,10,610.3,0,0.0,Random engine rejection
2025-11-13 09:54:00+00:00,RISK_PASS,764cd4bc-0698-4af4-92e5-764aa3cf372d,BUY,MARKET,10,610.32,0,0.0,All risk checks passed
2025-11-13 09:54:00+00:00,FILLED,764cd4bc-0698-4af4-92e5-764aa3cf372d,BUY,MARKET,10,610.32,10,610.32,
2025-11-13 09:58:00+00:00,RISK_PASS,82b3380d-ec29-468a-997e-beec27b7c795,SELL,MARKET,13.0,610.7,0,0.0,All risk checks passed
2025-11-13 09:58:00+00:00,REJECTED,82b3380d-ec29-468a-997e-beec27b7c795,SELL,MARKET,13.0,610.7,0,0.0,Random engine rejection
2025-11-13 10:10:00+00:00,RISK_PASS,a14d4f2d-1ef3-4554-b147-e6d628e9b7ee,SELL,MARKET,13.0,611.6,0,0.0,All risk checks passed
2025-11-13 10:10:00+00:00,FILLED,a14d4f2d-1ef3-4554-b147-e6d628e9b7ee,SELL,MARKET,13.0,611.6,13.0,611.6,
2025-11-13 10:11:00+00:00,RISK_PASS,2384897f-f4e9-4739-bdc6-f294c17f4616,BUY,MARKET,13,611.98,0,0.0,All risk checks passed
2025-11-13 10:11:00+00:00,FILLED,2384897f-f4e9-4739-bdc6-f294c17f4616,BUY,MARKET,13,611.98,13,611.98,
2025-11-13 10:12:00+00:00,RISK_PASS,b989703c-660d-4480-98cc-bbd664106574,SELL,MARKET,13.0,611.96,0,0.0,All risk checks passed
2025-11-13 10:12:00+00:00,FILLED,b989703c-660d-4480-98cc-bbd664106574,SELL,MARKET,13.0,611.96,13.0,611.96,
2025-11-13 10:14:00+00:00,RISK_PASS,9a5d5043-9769-4b25-aaf2-7ec4a370d0a7,BUY,MARKET,13,611.57,0,0.0,All risk checks passed
2025-11-13 10:14:00+00:00,FILLED,9a5d5043-9769-4b25-aaf2-7ec4a370d0a7,BUY,MARKET,13,611.57,13,611.57,
2025-11-13 11:30:00+00:00,RISK_PASS,6918bb43-c2cd-4f02-968a-76b5c9033968,SELL,MARKET,13.0,610.0,0,0.0,All risk checks passed
2025-11-13 11:30:00+00:00,FILLED,6918bb43-c2cd-4f02-968a-76b5c9033968,SELL,MARKET,13.0,610.0,13.0,610.0,
2025-11-13 11:46:00+00:00,RISK_PASS,2426fa85-23a3-472c-ab17-ef1190d3db80,BUY,MARKET,13,612.31,0,0.0,All risk checks passed
2025-11-13 11:46:00+00:00,FILLED,2426fa85-23a3-472c-ab17-ef1190d3db80,BUY,MARKET,13,612.31,10,612.31,
2025-11-13 11:48:00+00:00,RISK_PASS,d9bf5b2c-1f0d-4f20-bc50-cfbe6e194bc6,BUY,MARKET,3,612.0,0,0.0,All risk checks passed
2025-11-13 11:48:00+00:00,FILLED,d9bf5b2c-1f0d-4f20-bc50-cfbe6e194bc6,BUY,MARKET,3,612.0,3,612.0,
2025-11-13 11:50:00+00:00,RISK_PASS,0be569db-4758-4b11-a4b6-16e3153fa470,SELL,MARKET,13.0,612.7,0,0.0,All risk checks passed
2025-11-13 11:50:00+00:00,FILLED,0be569db-4758-4b11-a4b6-16e3153fa470,SELL,MARKET,13.0,612.7,13.0,612.7,
2025-11-13 11:52:00+00:00,RISK_PASS,4933e90f-35f6-4785-a6f4-7cf81ff8502b,BUY,MARKET,13,612.3,0,0.0,All risk checks passed
2025-11-13 11:52:00+00:00,FILLED,4933e90f-35f6-4785-a6f4-7cf81ff8502b,BUY,MARKET,13,612.3,7,612.3,
2025-11-13 11:53:00+00:00,RISK_PASS,17faec40-7792-4996-b18a-aa11bc296c57,BUY,MARKET,6,611.96,0,0.0,All risk checks passed
2025-11-13 11:53:00+00:00,FILLED,17faec40-7792-4996-b18a-aa11bc296c57,BUY,MARKET,6,611.96,6,611.96,
2025-11-13 12:07:00+00:00,RISK_PASS,b167b8b3-debc-4507-98f9-3b92081cd1b5,BUY,MARKET,6,610.5,0,0.0,All risk checks passed
2025-11-13 12:07:00+00:00,FILLED,b167b8b3-debc-4507-98f9-3b92081cd1b5,BUY,MARKET,6,610.5,2,610.5,
2025-11-13 12:08:00+00:00,RISK_PASS,8ce4ce5e-4b36-404a-95e8-7398c0c1de9c,BUY,MARKET,4,610.69,0,0.0,All risk checks passed
2025-11-13 12:08:00+00:00,FILLED,8ce4ce5e-4b36-404a-95e8-7398c0c1de9c,BUY,MARKET,4,610.69,4,610.69,
2025-11-13 12:11:00+00:00,RISK_PASS,5bf36f7f-774c-42e8-a2dd-3e13fdd7b829,SELL,MARKET,19.0,611.65,0,0.0,All risk checks passed
2025-11-13 12:11:00+00:00,FILLED,5bf36f7f-774c-42e8-a2dd-3e13fdd7b829,SELL,MARKET,19.0,611.65,19.0,611.65,
2025-11-13 12:13:00+00:00,RISK_PASS,2a107ef5-03a1-4714-975b-416501f92b23,BUY,MARKET,13,612.73,0,0.0,All risk checks passed
2025-11-13 12:13:00+00:00,FILLED,2a107ef5-03a1-4714-975b-416501f92b23,BUY,MARKET,13,612.73,13,612.73,
2025-11-13 12:49:00+00:00,RISK_PASS,6a65bcbc-75ac-4262-89c0-ee2229740564,SELL,MARKET,13.0,613.16,0,0.0,All risk checks passed
2025-11-13 12:49:00+00:00,FILLED,6a65bcbc-75ac-4262-89c0-ee2229740564,SELL,MARKET,13.0,613.16,13.0,613.16,
2025-11-13 12:50:00+00:00,RISK_PASS,e3662e2e-e221-482c-8bbc-c4d09e71a473,BUY,MARKET,13,613.01,0,0.0,All risk checks passed
2025-11-13 12:50:00+00:00,FILLED,e3662e2e-e221-482c-8bbc-c4d09e71a473,BUY,MARKET,13,613.01,13,613.01,
2025-11-13 13:10:00+00:00,RISK_PASS,59ecd9f4-dbc0-4448-b0b0-c21bb5f74cc9,SELL,MARKET,13.0,612.5556,0,0.0,All risk checks passed
2025-11-13 13:10:00+00:00,FILLED,59ecd9f4-dbc0-4448-b0b0-c21bb5f74cc9,SELL,MARKET,13.0,612.5556,13.0,612.5556,
2025-11-13 13:11:00+00:00,RISK_PASS,a468d252-dbb5-413a-9616-e4ddcfac094c,BUY,MARKET,13,612.63,0,0.0,All risk checks passed
2025-11-13 13:11:00+00:00,FILLED,a468d252-dbb5-413a-9616-e4ddcfac094c,BUY,MARKET,13,612.63,13,612.63,
2025-11-13 13:13:00+00:00,RISK_PASS,84be8424-6c31-4f6d-bb6c-5905c35e2fa7,SELL,MARKET,13.0,612.25,0,0.0,All risk checks passed
2025-11-13 13:13:00+00:00,FILLED,84be8424-6c31-4f6d-bb6c-5905c35e2fa7,SELL,MARKET,13.0,612.25,13.0,612.25,
2025-11-13 13:20:00+00:00,RISK_PASS,faeb8c10-16c5-4df2-ae5a-ba1696d51c92,BUY,MARKET,16,611.6,0,0.0,All risk checks passed
2025-11-13 13:20:00+00:00,FILLED,faeb8c10-16c5-4df2-ae5a-ba1696d51c92,BUY,MARKET,16,611.6,16,611.6,
2025-11-13 13:21:00+00:00,RISK_PASS,4658a742-8989-4386-a126-e83776d1b0b8,SELL,MARKET,16.0,610.61,0,0.0,All risk checks passed
2025-11-13 13:21:00+00:00,FILLED,4658a742-8989-4386-a126-e83776d1b0b8,SELL,MARKET,16.0,610.61,16.0,610.61,
2025-11-13 13:22:00+00:00,RISK_PASS,296accdc-2b9c-41f9-b18e-a30084659839,BUY,MARKET,16,610.71,0,0.0,All risk checks passed
2025-11-13 13:22:00+00:00,FILLED,296accdc-2b9c-41f9-b18e-a30084659839,BUY,MARKET,16,610.71,16,610.71,
2025-11-13 13:23:00+00:00,RISK_PASS,e6a1b578-7e67-4b05-b34b-6b1d70dceb3e,SELL,MARKET,16.0,610.76,0,0.0,All risk checks passed
2025-11-13 13:23:00+00:00,FILLED,e6a1b578-7e67-4b05-b34b-6b1d70dceb3e,SELL,MARKET,16.0,610.76,12,610.76,
2025-11-13 13:24:00+00:00,RISK_PASS,e945a2b7-b1df-4403-a14e-2a32ca6111d4,SELL,MARKET,4.0,611.0,0,0.0,All risk checks passed
2025-11-13 13:24:00+00:00,FILLED,e945a2b7-b1df-4403-a14e-2a32ca6111d4,SELL,MARKET,4.0,611.0,4.0,611.0,
2025-11-13 13:25:00+00:00,RISK_PASS,137a2f5f-6dd5-468c-bc85-17d9f3f33557,BUY,MARKET,16,610.86,0,0.0,All risk checks passed
2025-11-13 13:25:00+00:00,FILLED,137a2f5f-6dd5-468c-bc85-17d9f3f33557,BUY,MARKET,16,610.86,16,610.86,
2025-11-13 13:26:00+00:00,RISK_PASS,fbc82354-84fc-4339-8b60-d2d6513ff3b3,SELL,MARKET,16.0,610.71,0,0.0,All risk checks passed
2025-11-13 13:26:00+00:00,REJECTED,fbc82354-84fc-4339-8b60-d2d6513ff3b3,SELL,MARKET,16.0,610.71,0,0.0,Random engine rejection
2025-11-13 13:27:00+00:00,RISK_PASS,4bb72c25-0cef-4e5a-9005-90ed4dbfe62b,SELL,MARKET,16.0,610.629,0,0.0,All risk checks passed
2025-11-13 13:27:00+00:00,FILLED,4bb72c25-0cef-4e5a-9005-90ed4dbfe62b,SELL,MARKET,16.0,610.629,16.0,610.629,
2025-11-13 13:29:00+00:00,RISK_PASS,87795a83-2ba5-46d9-bb18-ea7211ce3dde,BUY,MARKET,16,610.5,0,0.0,All risk checks passed
2025-11-13 13:29:00+00:00,FILLED,87795a83-2ba5-46d9-bb18-ea7211ce3dde,BUY,MARKET,16,610.5,16,610.5,
2025-11-13 13:30:00+00:00,RISK_PASS,ab7f811a-07d5-45ae-a9f1-d89313e68fb2,SELL,MARKET,16.0,610.8,0,0.0,All risk checks passed
2025-11-13 13:30:00+00:00,FILLED,ab7f811a-07d5-45ae-a9f1-d89313e68fb2,SELL,MARKET,16.0,610.8,16.0,610.8,
2025-11-13 13:31:00+00:00,RISK_PASS,b790bd85-397a-40d1-ba07-17ca691b7b03,BUY,MARKET,16,610.8,0,0.0,All risk checks passed
2025-11-13 13:31:00+00:00,FILLED,b790bd85-397a-40d1-ba07-17ca691b7b03,BUY,MARKET,16,610.8,14,610.8,
2025-11-13 13:32:00+00:00,RISK_PASS,ed195da5-d024-4bfe-9eee-00fa6c952b30,BUY,MARKET,2,610.61,0,0.0,All risk checks passed
2025-11-13 13:32:00+00:00,RISK_PASS,56df8c11-9688-473b-a647-7ecc9bd97c5f,SELL,MARKET,14.0,610.61,0,0.0,All risk checks passed
2025-11-13 13:32:00+00:00,FILLED,ed195da5-d024-4bfe-9eee-00fa6c952b30,BUY,MARKET,2,610.61,2,610.61,
2025-11-13 13:32:00+00:00,FILLED,56df8c11-9688-473b-a647-7ecc9bd97c5f,SELL,MARKET,14.0,610.61,14.0,610.61,
2025-11-13 13:33:00+00:00,RISK_PASS,2a43e1a5-2670-46a5-ad73-96496f2c22fc,BUY,MARKET,14,610.17,0,0.0,All risk checks passed
2025-11-13 13:33:00+00:00,RISK_PASS,bebef10c-4bd6-479c-9795-2003bcdc5d5b,SELL,MARKET,2.0,610.17,0,0.0,All risk checks passed
2025-11-13 13:33:00+00:00,FILLED,2a43e1a5-2670-46a5-ad73-96496f2c22fc,BUY,MARKET,14,610.17,14,610.17,
2025-11-13 13:33:00+00:00,FILLED,bebef10c-4bd6-479c-9795-2003bcdc5d5b,SELL,MARKET,2.0,610.17,2.0,610.17,
2025-11-13 13:34:00+00:00,RISK_PASS,de4ec274-99d3-47a8-89b9-232faca019c1,BUY,MARKET,2,610.0,0,0.0,All risk checks passed
2025-11-13 13:34:00+00:00,RISK_PASS,4d74f6bf-2a45-435f-9214-513528387d05,SELL,MARKET,14.0,610.0,0,0.0,All risk checks passed
2025-11-13 13:34:00+00:00,FILLED,de4ec274-99d3-47a8-89b9-232faca019c1,BUY,MARKET,2,610.0,1,610.0,
2025-11-13 13:34:00+00:00,FILLED,4d74f6bf-2a45-435f-9214-513528387d05,SELL,MARKET,14.0,610.0,14.0,610.0,
2025-11-13 13:35:00+00:00,RISK_PASS,642a4524-db34-4a5e-9db9-134680aecb51,SELL,MARKET,1.0,609.72,0,0.0,All risk checks passed
2025-11-13 13:35:00+00:00,FILLED,642a4524-db34-4a5e-9db9-134680aecb51,SELL,MARKET,1.0,609.72,1.0,609.72,
2025-11-13 14:08:00+00:00,RISK_PASS,83c43d58-8338-47b9-b3fb-6f386143ca14,BUY,MARKET,16,609.258,0,0.0,All risk checks passed
2025-11-13 14:08:00+00:00,FILLED,83c43d58-8338-47b9-b3fb-6f386143ca14,BUY,MARKET,16,609.258,16,609.258,
2025-11-13 14:09:00+00:00,RISK_PASS,501d92e6-429d-485c-83ea-b6c343e229b9,SELL,MARKET,16.0,608.95,0,0.0,All risk checks passed
2025-11-13 14:09:00+00:00,FILLED,501d92e6-429d-485c-83ea-b6c343e229b9,SELL,MARKET,16.0,608.95,16.0,608.95,
2025-11-13 14:14:00+00:00,RISK_PASS,982baaf5-6ef8-4ee0-99ea-85c4695683a7,BUY,MARKET,16,608.71,0,0.0,All risk checks passed
2025-11-13 14:14:00+00:00,FILLED,982baaf5-6ef8-4ee0-99ea-85c4695683a7,BUY,MARKET,16,608.71,8,608.71,
2025-11-13 14:15:00+00:00,RISK_PASS,f44869cc-83da-42a7-ba17-7184baf78a32,BUY,MARKET,8,608.57,0,0.0,All risk checks passed
2025-11-13 14:15:00+00:00,RISK_PASS,7a438449-a635-44a5-b79c-8357638453f4,SELL,MARKET,8.0,608.57,0,0.0,All risk checks passed
2025-11-13 14:15:00+00:00,FILLED,f44869cc-83da-42a7-ba17-7184baf78a32,BUY,MARKET,8,608.57,8,608.57,
2025-11-13 14:15:00+00:00,FILLED,7a438449-a635-44a5-b79c-8357638453f4,SELL,MARKET,8.0,608.57,3,608.57,
2025-11-13 14:16:00+00:00,RISK_PASS,8f0ef389-70af-41a2-8844-649db13a9c27,BUY,MARKET,3,608.7708,0,0.0,All risk checks passed
2025-11-13 14:16:00+00:00,RISK_PASS,69466f32-a2fe-4a1c-bda2-1dfbb2272f34,SELL,MARKET,13.0,608.7708,0,0.0,All risk checks passed
2025-11-13 14:16:00+00:00,FILLED,8f0ef389-70af-41a2-8844-649db13a9c27,BUY,MARKET,3,608.7708,3,608.7708,
2025-11-13 14:16:00+00:00,FILLED,69466f32-a2fe-4a1c-bda2-1dfbb2272f34,SELL,MARKET,13.0,608.7708,13.0,608.7708,
2025-11-13 14:17:00+00:00,RISK_PASS,78034ad2-0f27-401c-9bc3-a388998de34e,SELL,MARKET,3.0,609.5,0,0.0,All risk checks passed
2025-11-13 14:17:00+00:00,FILLED,78034ad2-0f27-401c-9bc3-a388998de34e,SELL,MARKET,3.0,609.5,3.0,609.5,
2025-11-13 14:28:00+00:00,RISK_PASS,4de07305-7b55-40bc-ad90-07ae10c0f6ea,BUY,MARKET,13,612.0,0,0.0,All risk checks passed
2025-11-13 14:28:00+00:00,FILLED,4de07305-7b55-40bc-ad90-07ae10c0f6ea,BUY,MARKET,13,612.0,13,612.0,
2025-11-13 14:29:00+00:00,RISK_PASS,22797e2a-68da-4157-8266-2cee14f5522a,SELL,MARKET,13.0,613.2,0,0.0,All risk checks passed
2025-11-13 14:29:00+00:00,FILLED,22797e2a-68da-4157-8266-2cee14f5522a,SELL,MARKET,13.0,613.2,13.0,613.2,
2025-11-13 14:30:00+00:00,RISK_PASS,fb27daa2-d805-4ed6-b17e-a6517ddf5546,BUY,MARKET,13,610.26,0,0.0,All risk checks passed
2025-11-13 14:30:00+00:00,FILLED,fb27daa2-d805-4ed6-b17e-a6517ddf5546,BUY,MARKET,13,610.26,13,610.26,
2025-11-13 14:35:00+00:00,RISK_PASS,1b966fab-f5c8-4932-9e9f-45af2ab24753,SELL,MARKET,13.0,615.5,0,0.0,All risk checks passed
2025-11-13 14:35:00+00:00,REJECTED,1b966fab-f5c8-4932-9e9f-45af2ab24753,SELL,MARKET,13.0,615.5,0,0.0,Random engine rejection
2025-11-13 15:01:00+00:00,RISK_PASS,a20e929d-8fb9-4545-8def-243fe336b662,SELL,MARKET,13.0,614.095,0,0.0,All risk checks passed
2025-11-13 15:01:00+00:00,FILLED,a20e929d-8fb9-4545-8def-243fe336b662,SELL,MARKET,13.0,614.095,13.0,614.095,
2025-11-13 15:02:00+00:00,RISK_PASS,157d49b5-c1e4-497a-9d19-a9315f9ae605,BUY,MARKET,13,613.78,0,0.0,All risk checks passed
2025-11-13 15:02:00+00:00,FILLED,157d49b5-c1e4-497a-9d19-a9315f9ae605,BUY,MARKET,13,613.78,13,613.78,
2025-11-13 15:08:00+00:00,RISK_PASS,bf5efbf1-4ff3-45fd-b690-91692dc114a2,BUY,MARKET,6,616.01,0,0.0,All risk checks passed
2025-11-13 15:08:00+00:00,FILLED,bf5efbf1-4ff3-45fd-b690-91692dc114a2,BUY,MARKET,6,616.01,6,616.01,
2025-11-13 15:35:00+00:00,RISK_PASS,63d1c69f-6f77-47ba-9cb9-e948fc5b63a3,SELL,MARKET,19.0,614.13,0,0.0,All risk checks passed
2025-11-13 15:35:00+00:00,FILLED,63d1c69f-6f77-47ba-9cb9-e948fc5b63a3,SELL,MARKET,19.0,614.13,19.0,614.13,
2025-11-13 15:49:00+00:00,RISK_PASS,b6eeb681-fb66-4d22-aecd-7964848ff183,BUY,MARKET,16,611.8801,0,0.0,All risk checks passed
2025-11-13 15:49:00+00:00,FILLED,b6eeb681-fb66-4d22-aecd-7964848ff183,BUY,MARKET,16,611.8801,16,611.8801,
2025-11-13 15:50:00+00:00,RISK_PASS,77ce9852-b87c-4a99-ac2e-d971225ea3c3,SELL,MARKET,16.0,610.5101,0,0.0,All risk checks passed
2025-11-13 15:50:00+00:00,FILLED,77ce9852-b87c-4a99-ac2e-d971225ea3c3,SELL,MARKET,16.0,610.5101,16.0,610.5101,
2025-11-13 15:51:00+00:00,RISK_PASS,32f4d04e-132e-40ad-97d3-e13c4ca4d4d7,BUY,MARKET,16,609.7915,0,0.0,All risk checks passed
2025-11-13 15:51:00+00:00,FILLED,32f4d04e-132e-40ad-97d3-e13c4ca4d4d7,BUY,MARKET,16,609.7915,12,609.7915,
2025-11-13 15:52:00+00:00,RISK_PASS,56e2e852-2b27-477d-8646-2840e8c88249,BUY,MARKET,4,609.44,0,0.0,All risk checks passed
2025-11-13 15:52:00+00:00,RISK_PASS,10e1bed6-1e19-4410-bc60-444dab74f657,SELL,MARKET,12.0,609.44,0,0.0,All risk checks passed
2025-11-13 15:52:00+00:00,FILLED,56e2e852-2b27-477d-8646-2840e8c88249,BUY,MARKET,4,609.44,1,609.44,
2025-11-13 15:52:00+00:00,FILLED,10e1bed6-1e19-4410-bc60-444dab74f657,SELL,MARKET,12.0,609.44,12.0,609.44,
2025-11-13 15:53:00+00:00,RISK_PASS,fa6da14f-a463-40c5-b36f-20f80abb9cf6,BUY,MARKET,15,610.03,0,0.0,All risk checks passed
2025-11-13 15:53:00+00:00,RISK_PASS,5b9541fe-235a-4972-bb9a-f9cae2002d78,SELL,MARKET,1.0,610.03,0,0.0,All risk checks passed
2025-11-13 15:53:00+00:00,FILLED,fa6da14f-a463-40c5-b36f-20f80abb9cf6,BUY,MARKET,15,610.03,15,610.03,
2025-11-13 15:53:00+00:00,FILLED,5b9541fe-235a-4972-bb9a-f9cae2002d78,SELL,MARKET,1.0,610.03,1.0,610.03,
2025-11-13 15:54:00+00:00,RISK_PASS,461630cb-e217-4020-ba42-fdfa243fb0b5,BUY,MARKET,1,609.742,0,0.0,All risk checks passed
2025-11-13 15:54:00+00:00,RISK_PASS,bea1d9f7-e1de-43f4-b4aa-c68c8f4093fa,SELL,MARKET,15.0,609.742,0,0.0,All risk checks passed
2025-11-13 15:54:00+00:00,FILLED,461630cb-e217-4020-ba42-fdfa243fb0b5,BUY,MARKET,1,609.742,1,609.742,
2025-11-13 15:54:00+00:00,FILLED,bea1d9f7-e1de-43f4-b4aa-c68c8f4093fa,SELL,MARKET,15.0,609.742,15.0,609.742,
2025-11-13 15:55:00+00:00,RISK_PASS,5bb60d28-5ec9-485c-b48e-47b8559ff105,BUY,MARKET,15,609.611,0,0.0,All risk checks passed
2025-11-13 15:55:00+00:00,RISK_PASS,26a813db-e4a0-419a-90a9-4ce4f81b1dda,SELL,MARKET,1.0,609.611,0,0.0,All risk checks passed
2025-11-13 15:55:00+00:00,FILLED,5bb60d28-5ec9-485c-b48e-47b8559ff105,BUY,MARKET,15,609.611,15,609.611,
2025-11-13 15:55:00+00:00,FILLED,26a813db-e4a0-419a-90a9-4ce4f81b1dda,SELL,MARKET,1.0,609.611,1.0,609.611,
2025-11-13 15:56:00+00:00,RISK_PASS,78a82fd0-c5ce-4c6a-b5e2-1a9972bd7cc6,BUY,MARKET,1,609.7099,0,0.0,All risk checks passed
2025-11-13 15:56:00+00:00,RISK_PASS,2c90af01-9413-4ce6-9ca7-7dae02816a07,SELL,MARKET,15.0,609.7099,0,0.0,All risk checks passed
2025-11-13 15:56:00+00:00,FILLED,78a82fd0-c5ce-4c6a-b5e2-1a9972bd7cc6,BUY,MARKET,1,609.7099,1,609.7099,
2025-11-13 15:56:00+00:00,FILLED,2c90af01-9413-4ce6-9ca7-7dae02816a07,SELL,MARKET,15.0,609.7099,6,609.7099,
2025-11-13 15:57:00+00:00,RISK_PASS,27cb4fa9-c9d5-460e-9bf0-82aff5616953,BUY,MARKET,6,609.5301,0,0.0,All risk checks passed
2025-11-13 15:57:00+00:00,RISK_PASS,a1107ce4-771b-40ca-8163-ef8b7e7da228,SELL,MARKET,10.0,609.5301,0,0.0,All risk checks passed
2025-11-13 15:57:00+00:00,FILLED,27cb4fa9-c9d5-460e-9bf0-82aff5616953,BUY,MARKET,6,609.5301,6,609.5301,
2025-11-13 15:57:00+00:00,FILLED,a1107ce4-771b-40ca-8163-ef8b7e7da228,SELL,MARKET,10.0,609.5301,1,609.5301,
2025-11-13 15:58:00+00:00,RISK_PASS,5644b247-b0da-4aae-b705-cc94e42b392c,BUY,MARKET,1,610.2215,0,0.0,All risk checks passed
2025-11-13 15:58:00+00:00,RISK_PASS,aeefc5d3-faea-4089-97f5-83ccf52da9b8,SELL,MARKET,15.0,610.2215,0,0.0,All risk checks passed
2025-11-13 15:58:00+00:00,FILLED,5644b247-b0da-4aae-b705-cc94e42b392c,BUY,MARKET,1,610.2215,1,610.2215,
2025-11-13 15:58:00+00:00,FILLED,aeefc5d3-faea-4089-97f5-83ccf52da9b8,SELL,MARKET,15.0,610.2215,15.0,610.2215,
2025-11-13 15:59:00+00:00,RISK_PASS,cf200e3b-74cf-464d-8a65-ba1a42666d9c,SELL,MARKET,1.0,610.8214,0,0.0,All risk checks passed
2025-11-13 15:59:00+00:00,FILLED,cf200e3b-74cf-464d-8a65-ba1a42666d9c,SELL,MARKET,1.0,610.8214,1.0,610.8214,
2025-11-13 16:10:00+00:00,RISK_PASS,0197ef08-28d9-4c93-bdac-43ee69e8a04a,BUY,MARKET,16,607.0715,0,0.0,All risk checks passed
2025-11-13 16:10:00+00:00,FILLED,0197ef08-28d9-4c93-bdac-43ee69e8a04a,BUY,MARKET,16,607.0715,16,607.0715,
2025-11-13 16:11:00+00:00,RISK_PASS,4a60241f-6edd-4696-a5be-83b44e5ab1d4,SELL,MARKET,16.0,607.71,0,0.0,All risk checks passed
2025-11-13 16:11:00+00:00,FILLED,4a60241f-6edd-4696-a5be-83b44e5ab1d4,SELL,MARKET,16.0,607.71,16.0,607.71,
2025-11-13 16:27:00+00:00,RISK_PASS,e50963aa-f755-450e-a792-60689435c1b9,BUY,MARKET,16,606.875,0,0.0,All risk checks passed
2025-11-13 16:27:00+00:00,FILLED,e50963aa-f755-450e-a792-60689435c1b9,BUY,MARKET,16,606.875,16,606.875,
2025-11-13 16:28:00+00:00,RISK_PASS,94e2e83b-c4ca-4483-9b06-ac136ab968db,SELL,MARKET,16.0,606.74,0,0.0,All risk checks passed
2025-11-13 16:28:00+00:00,FILLED,94e2e83b-c4ca-4483-9b06-ac136ab968db,SELL,MARKET,16.0,606.74,16.0,606.74,
2025-11-13 16:29:00+00:00,RISK_PASS,acc8af59-0313-49a2-8aa9-7acd2680510e,BUY,MARKET,16,606.95,0,0.0,All risk checks passed
2025-11-13 16:29:00+00:00,FILLED,acc8af59-0313-49a2-8aa9-7acd2680510e,BUY,MARKET,16,606.95,16,606.95,
2025-11-13 16:30:00+00:00,RISK_PASS,cff9fd5c-b91e-4afc-b717-70ac09eaacd4,SELL,MARKET,16.0,607.445,0,0.0,All risk checks passed
2025-11-13 16:30:00+00:00,FILLED,cff9fd5c-b91e-4afc-b717-70ac09eaacd4,SELL,MARKET,16.0,607.445,16.0,607.445,
2025-11-13 16:50:00+00:00,RISK_PASS,aa5fc64d-bd27-42f7-b67f-a7bfe7c9d58b,BUY,MARKET,13,608.175,0,0.0,All risk checks passed
2025-11-13 16:50:00+00:00,FILLED,aa5fc64d-bd27-42f7-b67f-a7bfe7c9d58b,BUY,MARKET,13,608.175,13,608.175,
2025-11-13 17:19:00+00:00,RISK_PASS,ae901404-a70d-4639-b1d4-bf903315b32e,SELL,MARKET,13.0,608.18,0,0.0,All risk checks passed
2025-11-13 17:19:00+00:00,FILLED,ae901404-a70d-4639-b1d4-bf903315b32e,SELL,MARKET,13.0,608.18,10,608.18,
2025-11-13 17:20:00+00:00,RISK_PASS,47c213eb-f5a0-4734-8255-fdc023733418,BUY,MARKET,13,607.905,0,0.0,All risk checks passed
2025-11-13 17:20:00+00:00,RISK_PASS,1eec262d-3bbd-4e71-9ef5-72584554209c,SELL,MARKET,3.0,607.905,0,0.0,All risk checks passed
2025-11-13 17:20:00+00:00,FILLED,47c213eb-f5a0-4734-8255-fdc023733418,BUY,MARKET,13,607.905,13,607.905,
2025-11-13 17:20:00+00:00,FILLED,1eec262d-3bbd-4e71-9ef5-72584554209c,SELL,MARKET,3.0,607.905,3.0,607.905,
2025-11-13 17:21:00+00:00,RISK_PASS,c6d5805f-9c20-4771-b2cb-39a3edff29c5,BUY,MARKET,3,607.58,0,0.0,All risk checks passed
2025-11-13 17:21:00+00:00,RISK_PASS,c71aebb3-3ca5-411e-a6cb-e9c4d9238fdb,SELL,MARKET,13.0,607.58,0,0.0,All risk checks passed
2025-11-13 17:21:00+00:00,FILLED,c6d5805f-9c20-4771-b2cb-39a3edff29c5,BUY,MARKET,3,607.58,3,607.58,
2025-11-13 17:21:00+00:00,FILLED,c71aebb3-3ca5-411e-a6cb-e9c4d9238fdb,SELL,MARKET,13.0,607.58,13.0,607.58,
2025-11-13 17:22:00+00:00,RISK_PASS,0ff121b2-8d80-4d10-a437-61454d82e1a0,SELL,MARKET,3.0,608.43,0,0.0,All risk checks passed
2025-11-13 17:22:00+00:00,FILLED,0ff121b2-8d80-4d10-a437-61454d82e1a0,SELL,MARKET,3.0,608.43,3.0,608.43,
2025-11-13 17:37:00+00:00,RISK_PASS,c6056a3f-d7eb-460a-a129-09318c2f35b5,BUY,MARKET,16,607.09,0,0.0,All risk checks passed
2025-11-13 17:37:00+00:00,FILLED,c6056a3f-d7eb-460a-a129-09318c2f35b5,BUY,MARKET,16,607.09,16,607.09,
2025-11-13 17:38:00+00:00,RISK_PASS,9db6dde7-170e-4f44-9f22-2525e19f1f07,SELL,MARKET,16.0,607.2,0,0.0,All risk checks passed
2025-11-13 17:38:00+00:00,FILLED,9db6dde7-170e-4f44-9f22-2525e19f1f07,SELL,MARKET,16.0,607.2,16.0,607.2,
2025-11-13 17:43:00+00:00,RISK_PASS,273b4682-8042-42dc-b916-63ae1f55f977,BUY,MARKET,16,606.7128,0,0.0,All risk checks passed
2025-11-13 17:43:00+00:00,FILLED,273b4682-8042-42dc-b916-63ae1f55f977,BUY,MARKET,16,606.7128,16,606.7128,
2025-11-13 17:44:00+00:00,RISK_PASS,b15bccae-b067-4e7e-afbf-1ce9444fb065,SELL,MARKET,16.0,606.74,0,0.0,All risk checks passed
2025-11-13 17:44:00+00:00,FILLED,b15bccae-b067-4e7e-afbf-1ce9444fb065,SELL,MARKET,16.0,606.74,16.0,606.74,
2025-11-13 17:45:00+00:00,RISK_PASS,87ff0adb-d552-4ae1-8b63-629c901a5be8,BUY,MARKET,16,606.2005,0,0.0,All risk checks passed
2025-11-13 17:45:00+00:00,FILLED,87ff0adb-d552-4ae1-8b63-629c901a5be8,BUY,MARKET,16,606.2005,16,606.2005,
2025-11-13 17:46:00+00:00,RISK_PASS,89682488-802c-4a87-b78a-5460c77bce3d,SELL,MARKET,16.0,606.55,0,0.0,All risk checks passed
2025-11-13 17:46:00+00:00,FILLED,89682488-802c-4a87-b78a-5460c77bce3d,SELL,MARKET,16.0,606.55,16.0,606.55,
2025-11-13 17:47:00+00:00,RISK_PASS,74afa84f-3920-46e2-8f63-1dbd60bfd1bf,BUY,MARKET,16,606.29,0,0.0,All risk checks passed
2025-11-13 17:47:00+00:00,FILLED,74afa84f-3920-46e2-8f63-1dbd60bfd1bf,BUY,MARKET,16,606.29,16,606.29,
2025-11-13 17:48:00+00:00,RISK_PASS,37baf454-46fb-4381-852b-af7ee4960983,SELL,MARKET,16.0,606.905,0,0.0,All risk checks passed
2025-11-13 17:48:00+00:00,FILLED,37baf454-46fb-4381-852b-af7ee4960983,SELL,MARKET,16.0,606.905,16.0,606.905,
2025-11-13 18:28:00+00:00,RISK_PASS,1376a546-8944-4356-b577-24b2a19c437b,BUY,MARKET,16,604.58,0,0.0,All risk checks passed
2025-11-13 18:28:00+00:00,FILLED,1376a546-8944-4356-b577-24b2a19c437b,BUY,MARKET,16,604.58,16,604.58,
2025-11-13 18:29:00+00:00,RISK_PASS,9fedd232-5ea2-4a84-8a24-3f3b53c4d8b6,SELL,MARKET,16.0,604.91,0,0.0,All risk checks passed
2025-11-13 18:29:00+00:00,FILLED,9fedd232-5ea2-4a84-8a24-3f3b53c4d8b6,SELL,MARKET,16.0,604.91,16.0,604.91,
2025-11-13 18:41:00+00:00,RISK_PASS,18a03497-2932-453b-90c2-c9cbf81cf49f,BUY,MARKET,16,603.59,0,0.0,All risk checks passed
2025-11-13 18:41:00+00:00,FILLED,18a03497-2932-453b-90c2-c9cbf81cf49f,BUY,MARKET,16,603.59,16,603.59,
2025-11-13 18:42:00+00:00,RISK_PASS,6bbf385a-b93d-450f-86e4-570b9a4492c0,SELL,MARKET,16.0,603.17,0,0.0,All risk checks passed
2025-11-13 18:42:00+00:00,FILLED,6bbf385a-b93d-450f-86e4-570b9a4492c0,SELL,MARKET,16.0,603.17,16.0,603.17,
2025-11-13 19:07:00+00:00,RISK_PASS,1a0ed6ef-9b2e-4ce1-aacb-bed4bc3d44ea,BUY,MARKET,13,605.03,0,0.0,All risk checks passed
2025-11-13 19:07:00+00:00,FILLED,1a0ed6ef-9b2e-4ce1-aacb-bed4bc3d44ea,BUY,MARKET,13,605.03,13,605.03,
2025-11-13 19:22:00+00:00,RISK_PASS,1461b7ed-b665-430f-9373-00adda648595,SELL,MARKET,13.0,606.735,0,0.0,All risk checks passed
2025-11-13 19:22:00+00:00,FILLED,1461b7ed-b665-430f-9373-00adda648595,SELL,MARKET,13.0,606.735,1,606.735,
2025-11-13 19:23:00+00:00,RISK_PASS,167a5d7e-b576-4ed2-9f56-0f1e5816354f,BUY,MARKET,1,606.77,0,0.0,All risk checks passed
2025-11-13 19:23:00+00:00,RISK_PASS,61339d4a-5a19-4ad4-8707-0cfda2ee6529,SELL,MARKET,12.0,606.77,0,0.0,All risk checks passed
2025-11-13 19:23:00+00:00,FILLED,167a5d7e-b576-4ed2-9f56-0f1e5816354f,BUY,MARKET,1,606.77,1,606.77,
2025-11-13 19:23:00+00:00,REJECTED,61339d4a-5a19-4ad4-8707-0cfda2ee6529,SELL,MARKET,12.0,606.77,0,0.0,Random engine rejection
2025-11-13 19:24:00+00:00,RISK_PASS,dcc888c8-7ebe-476b-99ab-304d6477eb1d,SELL,MARKET,13.0,606.63,0,0.0,All risk checks passed
2025-11-13 19:24:00+00:00,FILLED,dcc888c8-7ebe-476b-99ab-304d6477eb1d,SELL,MARKET,13.0,606.63,13.0,606.63,
2025-11-13 19:25:00+00:00,RISK_PASS,dea32640-ba5f-48b0-b009-6c6ee3fdfe46,BUY,MARKET,13,607.435,0,0.0,All risk checks passed
2025-11-13 19:25:00+00:00,FILLED,dea32640-ba5f-48b0-b009-6c6ee3fdfe46,BUY,MARKET,13,607.435,13,607.435,
2025-11-13 19:26:00+00:00,RISK_PASS,8e0602cb-62db-400d-a95f-85a1fac68f74,SELL,MARKET,13.0,606.94,0,0.0,All risk checks passed
2025-11-13 19:26:00+00:00,REJECTED,8e0602cb-62db-400d-a95f-85a1fac68f74,SELL,MARKET,13.0,606.94,0,0.0,Random engine rejection
2025-11-13 19:53:00+00:00,RISK_PASS,b38c72f1-c9e3-4900-b46d-251fb65e754c,SELL,MARKET,13.0,606.4629,0,0.0,All risk checks passed
2025-11-13 19:53:00+00:00,FILLED,b38c72f1-c9e3-4900-b46d-251fb65e754c,SELL,MARKET,13.0,606.4629,13.0,606.4629,
2025-11-13 19:58:00+00:00,RISK_PASS,9ea53d79-9902-443c-bb88-5862962bc40b,BUY,MARKET,13,607.035,0,0.0,All risk checks passed
2025-11-13 19:58:00+00:00,FILLED,9ea53d79-9902-443c-bb88-5862962bc40b,BUY,MARKET,13,607.035,13,607.035,
2025-11-13 20:04:00+00:00,RISK_PASS,910fa388-580a-4f0a-90b4-9cf804d9071e,SELL,MARKET,13.0,605.8499,0,0.0,All risk checks passed
2025-11-13 20:04:00+00:00,FILLED,910fa388-580a-4f0a-90b4-9cf804d9071e,SELL,MARKET,13.0,605.8499,13.0,605.8499,
2025-11-13 20:26:00+00:00,RISK_PASS,907ad060-b77a-4a0e-8afd-8c438f1cdd95,BUY,MARKET,16,605.0,0,0.0,All risk checks passed
2025-11-13 20:26:00+00:00,FILLED,907ad060-b77a-4a0e-8afd-8c438f1cdd95,BUY,MARKET,16,605.0,16,605.0,
2025-11-13 20:27:00+00:00,RISK_PASS,9df61ab7-e018-42a8-8845-8eb478761933,SELL,MARKET,16.0,605.56,0,0.0,All risk checks passed
2025-11-13 20:27:00+00:00,FILLED,9df61ab7-e018-42a8-8845-8eb478761933,SELL,MARKET,16.0,605.56,16.0,605.56,
2025-11-13 20:35:00+00:00,RISK_PASS,b0a5964c-305a-4816-9a7b-db335a2047c3,BUY,MARKET,13,607.1467,0,0.0,All risk checks passed
2025-11-13 20:35:00+00:00,FILLED,b0a5964c-305a-4816-9a7b-db335a2047c3,BUY,MARKET,13,607.1467,13,607.1467,
2025-11-13 20:36:00+00:00,RISK_PASS,fedef217-f61d-48b6-aca9-7e1ca02da7ca,SELL,MARKET,13.0,607.14,0,0.0,All risk checks passed
2025-11-13 20:36:00+00:00,FILLED,fedef217-f61d-48b6-aca9-7e1ca02da7ca,SELL,MARKET,13.0,607.14,13.0,607.14,
2025-11-13 20:37:00+00:00,RISK_PASS,9c80c659-dc9f-48a8-80ac-c3211cb443cf,BUY,MARKET,13,606.83,0,0.0,All risk checks passed
2025-11-13 20:37:00+00:00,FILLED,9c80c659-dc9f-48a8-80ac-c3211cb443cf,BUY,MARKET,13,606.83,13,606.83,
2025-11-13 20:38:00+00:00,RISK_PASS,df344e89-0337-4344-935f-c936ad8326f2,SELL,MARKET,13.0,607.36,0,0.0,All risk checks passed
2025-11-13 20:38:00+00:00,FILLED,df344e89-0337-4344-935f-c936ad8326f2,SELL,MARKET,13.0,607.36,13.0,607.36,
2025-11-13 20:39:00+00:00,RISK_PASS,21698913-d0d3-438c-8c4a-be0ac8aee6dc,BUY,MARKET,13,607.34,0,0.0,All risk checks passed
2025-11-13 20:39:00+00:00,FILLED,21698913-d0d3-438c-8c4a-be0ac8aee6dc,BUY,MARKET,13,607.34,13,607.34,
2025-11-13 20:40:00+00:00,RISK_PASS,89800d54-bea7-48d8-a4ee-76288cc17552,SELL,MARKET,13.0,607.322,0,0.0,All risk checks passed
2025-11-13 20:40:00+00:00,REJECTED,89800d54-bea7-48d8-a4ee-76288cc17552,SELL,MARKET,13.0,607.322,0,0.0,Random engine rejection
2025-11-13 20:41:00+00:00,RISK_PASS,1733d6d2-ebec-47df-ac6c-b24b4acacabd,SELL,MARKET,13.0,607.83,0,0.0,All risk checks passed
2025-11-13 20:41:00+00:00,FILLED,1733d6d2-ebec-47df-ac6c-b24b4acacabd,SELL,MARKET,13.0,607.83,13.0,607.83,
2025-11-13 20:42:00+00:00,RISK_PASS,6ef888f3-35a3-4188-a432-8206b4b02f82,BUY,MARKET,13,607.38,0,0.0,All risk checks passed
2025-11-13 20:42:00+00:00,FILLED,6ef888f3-35a3-4188-a432-8206b4b02f82,BUY,MARKET,13,607.38,13,607.38,
2025-11-13 20:44:00+00:00,RISK_PASS,429850c0-46b6-4e52-98d6-b8ff7e43f405,SELL,MARKET,13.0,607.73,0,0.0,All risk checks passed
2025-11-13 20:44:00+00:00,FILLED,429850c0-46b6-4e52-98d6-b8ff7e43f405,SELL,MARKET,13.0,607.73,6,607.73,
2025-11-13 20:45:00+00:00,RISK_PASS,3cd6d448-ac87-4275-8e00-808ae9416866,BUY,MARKET,6,608.08,0,0.0,All risk checks passed
2025-11-13 20:45:00+00:00,RISK_PASS,1bb6324d-c9ba-4b31-94f1-a847b8d818e7,SELL,MARKET,7.0,608.08,0,0.0,All risk checks passed
2025-11-13 20:45:00+00:00,FILLED,3cd6d448-ac87-4275-8e00-808ae9416866,BUY,MARKET,6,608.08,6,608.08,
2025-11-13 20:45:00+00:00,FILLED,1bb6324d-c9ba-4b31-94f1-a847b8d818e7,SELL,MARKET,7.0,608.08,3,608.08,
2025-11-13 20:46:00+00:00,RISK_PASS,cf3551b9-1a84-4025-9a1c-da1e55cd9d1a,BUY,MARKET,3,607.67,0,0.0,All risk checks passed
2025-11-13 20:46:00+00:00,FILLED,cf3551b9-1a84-4025-9a1c-da1e55cd9d1a,BUY,MARKET,3,607.67,3,607.67,
2025-11-13 21:00:00+00:00,RISK_PASS,bfa4a5b6-8eb0-4a0a-8131-87fb44f08061,SELL,MARKET,13.0,609.99,0,0.0,All risk checks passed
2025-11-13 21:00:00+00:00,FILLED,bfa4a5b6-8eb0-4a0a-8131-87fb44f08061,SELL,MARKET,13.0,609.99,13.0,609.99,
2025-11-13 21:01:00+00:00,RISK_PASS,fcf1cc82-e234-477d-bbca-2fd2896d3a1c,BUY,MARKET,13,610.25,0,0.0,All risk checks passed
2025-11-13 21:01:00+00:00,FILLED,fcf1cc82-e234-477d-bbca-2fd2896d3a1c,BUY,MARKET,13,610.25,13,610.25,
2025-11-13 21:02:00+00:00,RISK_PASS,a2fa0639-bfca-4964-b215-606757a2b77f,SELL,MARKET,13.0,610.01,0,0.0,All risk checks passed
2025-11-13 21:02:00+00:00,FILLED,a2fa0639-bfca-4964-b215-606757a2b77f,SELL,MARKET,13.0,610.01,13.0,610.01,
2025-11-13 21:03:00+00:00,RISK_PASS,12c48069-45ff-406f-b18b-4a3089b0e98b,BUY,MARKET,13,609.7,0,0.0,All risk checks passed
2025-11-13 21:03:00+00:00,FILLED,12c48069-45ff-406f-b18b-4a3089b0e98b,BUY,MARKET,13,609.7,13,609.7,
2025-11-13 21:04:00+00:00,RISK_PASS,fa06fe4b-f5f1-4b1e-afd2-a9130de49164,SELL,MARKET,13.0,610.2007,0,0.0,All risk checks passed
2025-11-13 21:04:00+00:00,FILLED,fa06fe4b-f5f1-4b1e-afd2-a9130de49164,SELL,MARKET,13.0,610.2007,13.0,610.2007,
2025-11-13 21:05:00+00:00,RISK_PASS,76e44255-3e3c-4778-a451-bf3231b88300,BUY,MARKET,13,610.19,0,0.0,All risk checks passed
2025-11-13 21:05:00+00:00,FILLED,76e44255-3e3c-4778-a451-bf3231b88300,BUY,MARKET,13,610.19,13,610.19,
2025-11-13 21:06:00+00:00,RISK_PASS,2c70a2ee-4fcf-4ec8-be28-93faadeb9a18,SELL,MARKET,13.0,610.16,0,0.0,All risk checks passed
2025-11-13 21:06:00+00:00,FILLED,2c70a2ee-4fcf-4ec8-be28-93faadeb9a18,SELL,MARKET,13.0,610.16,13.0,610.16,
2025-11-13 21:07:00+00:00,RISK_PASS,5d09e817-0a21-4763-9e33-1789980e027c,BUY,MARKET,13,610.16,0,0.0,All risk checks passed
2025-11-13 21:07:00+00:00,FILLED,5d09e817-0a21-4763-9e33-1789980e027c,BUY,MARKET,13,610.16,13,610.16,
2025-11-13 21:08:00+00:00,RISK_PASS,7430a4df-7581-4fc3-a5d8-64e960ef9743,SELL,MARKET,13.0,610.16,0,0.0,All risk checks passed
2025-11-13 21:08:00+00:00,FILLED,7430a4df-7581-4fc3-a5d8-64e960ef9743,SELL,MARKET,13.0,610.16,13.0,610.16,
2025-11-13 21:09:00+00:00,RISK_PASS,0adae8dc-0eb0-40fa-9872-596750782d28,BUY,MARKET,13,610.17,0,0.0,All risk checks passed
2025-11-13 21:09:00+00:00,FILLED,0adae8dc-0eb0-40fa-9872-596750782d28,BUY,MARKET,13,610.17,13,610.17,
2025-11-13 21:10:00+00:00,RISK_PASS,9fec111f-6bfd-45ed-9b87-9b2deacc14c2,SELL,MARKET,13.0,610.5,0,0.0,All risk checks passed
2025-11-13 21:10:00+00:00,FILLED,9fec111f-6bfd-45ed-9b87-9b2deacc14c2,SELL,MARKET,13.0,610.5,13.0,610.5,
2025-11-13 21:11:00+00:00,RISK_PASS,9d64486e-0986-41ed-887d-21999acf8bfb,BUY,MARKET,13,610.3354,0,0.0,All risk checks passed
2025-11-13 21:11:00+00:00,FILLED,9d64486e-0986-41ed-887d-21999acf8bfb,BUY,MARKET,13,610.3354,13,610.3354,
2025-11-13 21:16:00+00:00,RISK_PASS,3da32740-b367-45d7-9613-95169feeac81,SELL,MARKET,13.0,610.8,0,0.0,All risk checks passed
2025-11-13 21:16:00+00:00,FILLED,3da32740-b367-45d7-9613-95169feeac81,SELL,MARKET,13.0,610.8,13.0,610.8,
2025-11-13 21:17:00+00:00,RISK_PASS,195348b5-5789-45df-b837-94924c7f131c,BUY,MARKET,13,610.6,0,0.0,All risk checks passed
2025-11-13 21:17:00+00:00,FILLED,195348b5-5789-45df-b837-94924c7f131c,BUY,MARKET,13,610.6,13,610.6,
2025-11-13 21:26:00+00:00,RISK_PASS,f6b52e93-0bbb-475a-bd0e-baca97d60cda,BUY,MARKET,6,609.06,0,0.0,All risk checks passed
2025-11-13 21:26:00+00:00,FILLED,f6b52e93-0bbb-475a-bd0e-baca97d60cda,BUY,MARKET,6,609.06,6,609.06,
2025-11-13 21:39:00+00:00,RISK_PASS,2387a926-5edd-4b70-99d8-75bf6e81dd21,SELL,MARKET,19.0,609.49,0,0.0,All risk checks passed
2025-11-13 21:39:00+00:00,FILLED,2387a926-5edd-4b70-99d8-75bf6e81dd21,SELL,MARKET,19.0,609.49,8,609.49,
2025-11-13 21:41:00+00:00,RISK_PASS,db1964a1-b0b8-4b9f-aac6-4b5c3878a207,SELL,MARKET,11.0,609.91,0,0.0,All risk checks passed
2025-11-13 21:41:00+00:00,FILLED,db1964a1-b0b8-4b9f-aac6-4b5c3878a207,SELL,MARKET,11.0,609.91,11.0,609.91,
2025-11-13 21:59:00+00:00,RISK_PASS,e8442c5e-c21b-4f75-8fe2-7f154e84020a,BUY,MARKET,16,608.46,0,0.0,All risk checks passed
2025-11-13 21:59:00+00:00,FILLED,e8442c5e-c21b-4f75-8fe2-7f154e84020a,BUY,MARKET,16,608.46,16,608.46,
2025-11-13 22:00:00+00:00,RISK_PASS,f71500f1-2ae0-47f9-ae77-25382b918795,SELL,MARKET,16.0,608.68,0,0.0,All risk checks passed
2025-11-13 22:00:00+00:00,FILLED,f71500f1-2ae0-47f9-ae77-25382b918795,SELL,MARKET,16.0,608.68,16.0,608.68,
2025-11-13 22:03:00+00:00,RISK_PASS,9624a638-69ad-4b05-a796-8341c83f1479,BUY,MARKET,16,608.5095,0,0.0,All risk checks passed
2025-11-13 22:03:00+00:00,REJECTED,9624a638-69ad-4b05-a796-8341c83f1479,BUY,MARKET,16,608.5095,0,0.0,Random engine rejection
2025-11-13 22:04:00+00:00,RISK_PASS,d119f151-1a17-454a-b1ea-968befd24eff,BUY,MARKET,16,608.48,0,0.0,All risk checks passed
2025-11-13 22:04:00+00:00,FILLED,d119f151-1a17-454a-b1ea-968befd24eff,BUY,MARKET,16,608.48,16,608.48,
2025-11-13 22:05:00+00:00,RISK_PASS,4205e9a2-d2d7-4cf3-92f6-28bb45a92eb5,SELL,MARKET,16.0,608.4175,0,0.0,All risk checks passed
2025-11-13 22:05:00+00:00,FILLED,4205e9a2-d2d7-4cf3-92f6-28bb45a92eb5,SELL,MARKET,16.0,608.4175,16.0,608.4175,
2025-11-13 22:48:00+00:00,RISK_PASS,988b9a4b-c70b-4a0f-a594-660505e1f81e,BUY,MARKET,16,607.89,0,0.0,All risk checks passed
2025-11-13 22:48:00+00:00,FILLED,988b9a4b-c70b-4a0f-a594-660505e1f81e,BUY,MARKET,16,607.89,16,607.89,
2025-11-13 22:49:00+00:00,RISK_PASS,08657b4a-f7ad-4660-aa99-79aea525deb9,SELL,MARKET,16.0,607.8804,0,0.0,All risk checks passed
2025-11-13 22:49:00+00:00,FILLED,08657b4a-f7ad-4660-aa99-79aea525deb9,SELL,MARKET,16.0,607.8804,16.0,607.8804,
2025-11-13 23:04:00+00:00,RISK_PASS,a76225fb-19f7-43b7-ace6-a59d3342a706,BUY,MARKET,13,609.0,0,0.0,All risk checks passed
2025-11-13 23:04:00+00:00,FILLED,a76225fb-19f7-43b7-ace6-a59d3342a706,BUY,MARKET,13,609.0,13,609.0,
2025-11-13 23:05:00+00:00,RISK_PASS,02a5d44e-6bc2-46ea-86da-a14411f45040,SELL,MARKET,13.0,608.99,0,0.0,All risk checks passed
2025-11-13 23:05:00+00:00,FILLED,02a5d44e-6bc2-46ea-86da-a14411f45040,SELL,MARKET,13.0,608.99,13.0,608.99,
2025-11-13 23:06:00+00:00,RISK_PASS,cc82270f-6c7d-4f08-b8e3-31a404a21108,BUY,MARKET,13,609.4676,0,0.0,All risk checks passed
2025-11-13 23:06:00+00:00,FILLED,cc82270f-6c7d-4f08-b8e3-31a404a21108,BUY,MARKET,13,609.4676,13,609.4676,
2025-11-13 23:07:00+00:00,RISK_PASS,cd64572c-e1b5-42ff-a753-1f58ef8427d2,SELL,MARKET,13.0,609.03,0,0.0,All risk checks passed
2025-11-13 23:07:00+00:00,FILLED,cd64572c-e1b5-42ff-a753-1f58ef8427d2,SELL,MARKET,13.0,609.03,13.0,609.03,
2025-11-13 23:09:00+00:00,RISK_PASS,f53ba9b8-2984-4e18-ad05-b5b507561cf1,BUY,MARKET,13,609.338,0,0.0,All risk checks passed
2025-11-13 23:09:00+00:00,FILLED,f53ba9b8-2984-4e18-ad05-b5b507561cf1,BUY,MARKET,13,609.338,13,609.338,
2025-11-13 23:35:00+00:00,RISK_PASS,b1f2b871-8f90-407d-8403-5b9d3e54ce4c,SELL,MARKET,13.0,609.0,0,0.0,All risk checks passed
2025-11-13 23:35:00+00:00,FILLED,b1f2b871-8f90-407d-8403-5b9d3e54ce4c,SELL,MARKET,13.0,609.0,13.0,609.0,
2025-11-13 23:36:00+00:00,RISK_PASS,3a482ad6-07c9-4fe5-b614-21b498fd8b26,BUY,MARKET,13,608.9499,0,0.0,All risk checks passed
2025-11-13 23:36:00+00:00,FILLED,3a482ad6-07c9-4fe5-b614-21b498fd8b26,BUY,MARKET,13,608.9499,13,608.9499,
2025-11-13 23:39:00+00:00,RISK_PASS,e76ead60-031e-4592-b4bb-4ff9735d251b,SELL,MARKET,13.0,609.0,0,0.0,All risk checks passed
2025-11-13 23:39:00+00:00,FILLED,e76ead60-031e-4592-b4bb-4ff9735d251b,SELL,MARKET,13.0,609.0,13.0,609.0,
2025-11-13 23:40:00+00:00,RISK_PASS,e01eb917-9f9b-428c-a2a8-b22ea72c0b18,BUY,MARKET,13,608.99,0,0.0,All risk checks passed
2025-11-13 23:40:00+00:00,FILLED,e01eb917-9f9b-428c-a2a8-b22ea72c0b18,BUY,MARKET,13,608.99,13,608.99,
2025-11-13 23:49:00+00:00,RISK_PASS,c1dcc5f0-e962-4a2c-894d-519adb098469,SELL,MARKET,13.0,609.2,0,0.0,All risk checks passed
2025-11-13 23:49:00+00:00,FILLED,c1dcc5f0-e962-4a2c-894d-519adb098469,SELL,MARKET,13.0,609.2,13.0,609.2,
2025-11-13 23:50:00+00:00,RISK_PASS,34e26830-d631-4bbe-8e58-4f3aab84715b,BUY,MARKET,13,609.23,0,0.0,All risk checks passed
2025-11-13 23:50:00+00:00,FILLED,34e26830-d631-4bbe-8e58-4f3aab84715b,BUY,MARKET,13,609.23,13,609.23,
2025-11-14 00:25:00+00:00,RISK_PASS,2e7680db-9f9f-46ee-90d4-2d7798e073a4,SELL,MARKET,13.0,609.14,0,0.0,All risk checks passed
2025-11-14 00:25:00+00:00,FILLED,2e7680db-9f9f-46ee-90d4-2d7798e073a4,SELL,MARKET,13.0,609.14,13.0,609.14,
2025-11-14 00:28:00+00:00,RISK_PASS,e59a82f5-96c9-45da-b6a7-6c9aff0eddcb,BUY,MARKET,13,609.19,0,0.0,All risk checks passed
2025-11-14 00:28:00+00:00,FILLED,e59a82f5-96c9-45da-b6a7-6c9aff0eddcb,BUY,MARKET,13,609.19,13,609.19,
2025-11-14 00:52:00+00:00,RISK_PASS,0f2feaa5-4c4c-47fb-a761-9dc631bf2e23,SELL,MARKET,13.0,608.75,0,0.0,All risk checks passed
2025-11-14 00:52:00+00:00,FILLED,0f2feaa5-4c4c-47fb-a761-9dc631bf2e23,SELL,MARKET,13.0,608.75,13.0,608.75,
2025-11-14 00:53:00+00:00,RISK_PASS,0f5f5fed-d544-42c1-a01d-df47b1bd60d6,BUY,MARKET,16,608.56,0,0.0,All risk checks passed
2025-11-14 00:53:00+00:00,FILLED,0f5f5fed-d544-42c1-a01d-df47b1bd60d6,BUY,MARKET,16,608.56,16,608.56,
2025-11-14 00:54:00+00:00,RISK_PASS,669b9eb1-d9fc-4029-aa2f-726cd9a509c3,SELL,MARKET,16.0,608.4006,0,0.0,All risk checks passed
2025-11-14 00:54:00+00:00,FILLED,669b9eb1-d9fc-4029-aa2f-726cd9a509c3,SELL,MARKET,16.0,608.4006,16.0,608.4006,
2025-11-14 00:55:00+00:00,RISK_PASS,f4f15229-18b2-47f3-9c3e-6e24ad9d9f9d,BUY,MARKET,16,608.54,0,0.0,All risk checks passed
2025-11-14 00:55:00+00:00,FILLED,f4f15229-18b2-47f3-9c3e-6e24ad9d9f9d,BUY,MARKET,16,608.54,16,608.54,
2025-11-14 00:56:00+00:00,RISK_PASS,27c4c894-c7d0-4428-9188-a11bfe2c5656,SELL,MARKET,16.0,608.4,0,0.0,All risk checks passed
2025-11-14 00:56:00+00:00,FILLED,27c4c894-c7d0-4428-9188-a11bfe2c5656,SELL,MARKET,16.0,608.4,16.0,608.4,
2025-11-14 00:57:00+00:00,RISK_PASS,614d3777-8abf-440f-aca3-19f0bf356af4,BUY,MARKET,16,608.5,0,0.0,All risk checks passed
2025-11-14 00:57:00+00:00,FILLED,614d3777-8abf-440f-aca3-19f0bf356af4,BUY,MARKET,16,608.5,16,608.5,
2025-11-14 00:58:00+00:00,RISK_PASS,80aa65e9-e3d7-4ff4-b442-bc4691995d53,SELL,MARKET,16.0,608.65,0,0.0,All risk checks passed
2025-11-14 00:58:00+00:00,REJECTED,80aa65e9-e3d7-4ff4-b442-bc4691995d53,SELL,MARKET,16.0,608.65,0,0.0,Random engine rejection
2025-11-14 00:59:00+00:00,RISK_PASS,04d9b6c6-99c3-4849-8b9e-d1311ab7b4f4,SELL,MARKET,16.0,608.75,0,0.0,All risk checks passed
2025-11-14 00:59:00+00:00,FILLED,04d9b6c6-99c3-4849-8b9e-d1311ab7b4f4,SELL,MARKET,16.0,608.75,16.0,608.75,
2025-11-14 09:00:00+00:00,RISK_PASS,d92867b6-31ac-4a25-981d-37eb6c23674d,BUY,MARKET,16,606.23,0,0.0,All risk checks passed
2025-11-14 09:00:00+00:00,FILLED,d92867b6-31ac-4a25-981d-37eb6c23674d,BUY,MARKET,16,606.23,16,606.23,
2025-11-14 09:01:00+00:00,RISK_PASS,b49dbf94-93d1-40ec-8470-55476375986b,SELL,MARKET,16.0,606.21,0,0.0,All risk checks passed
2025-11-14 09:01:00+00:00,FILLED,b49dbf94-93d1-40ec-8470-55476375986b,SELL,MARKET,16.0,606.21,16.0,606.21,
2025-11-14 09:02:00+00:00,RISK_PASS,a6f116a3-f9b6-41bd-a9ba-e337339f5795,BUY,MARKET,16,606.76,0,0.0,All risk checks passed
2025-11-14 09:02:00+00:00,FILLED,a6f116a3-f9b6-41bd-a9ba-e337339f5795,BUY,MARKET,16,606.76,14,606.76,
2025-11-14 09:03:00+00:00,RISK_PASS,31611e02-43e4-4921-9c11-9198bd0613cf,BUY,MARKET,2,606.75,0,0.0,All risk checks passed
2025-11-14 09:03:00+00:00,RISK_PASS,588f8536-e640-4a5b-b260-3dba2dda1df1,SELL,MARKET,14.0,606.75,0,0.0,All risk checks passed
2025-11-14 09:03:00+00:00,FILLED,31611e02-43e4-4921-9c11-9198bd0613cf,BUY,MARKET,2,606.75,2,606.75,
2025-11-14 09:03:00+00:00,FILLED,588f8536-e640-4a5b-b260-3dba2dda1df1,SELL,MARKET,14.0,606.75,14.0,606.75,
2025-11-14 09:04:00+00:00,RISK_PASS,8f0c26cf-9126-4e63-a3b6-eb026d71042e,BUY,MARKET,14,606.54,0,0.0,All risk checks passed
2025-11-14 09:04:00+00:00,RISK_PASS,0af0a327-1e05-46cc-bef9-6a08a10fbae5,SELL,MARKET,2.0,606.54,0,0.0,All risk checks passed
2025-11-14 09:04:00+00:00,FILLED,8f0c26cf-9126-4e63-a3b6-eb026d71042e,BUY,MARKET,14,606.54,14,606.54,
2025-11-14 09:04:00+00:00,FILLED,0af0a327-1e05-46cc-bef9-6a08a10fbae5,SELL,MARKET,2.0,606.54,2.0,606.54,
2025-11-14 09:05:00+00:00,RISK_PASS,f260eb37-abed-429a-86c3-ad43075f7394,SELL,MARKET,14.0,607.48,0,0.0,All risk checks passed
2025-11-14 09:05:00+00:00,FILLED,f260eb37-abed-429a-86c3-ad43075f7394,SELL,MARKET,14.0,607.48,14.0,607.48,
2025-11-14 09:38:00+00:00,RISK_PASS,eccdd718-5dcb-4b81-a14d-1a470f0a22a3,BUY,MARKET,16,606.11,0,0.0,All risk checks passed
2025-11-14 09:38:00+00:00,FILLED,eccdd718-5dcb-4b81-a14d-1a470f0a22a3,BUY,MARKET,16,606.11,16,606.11,
2025-11-14 09:39:00+00:00,RISK_PASS,54f00aea-52a9-4a8e-82a8-dce38dd256f3,SELL,MARKET,16.0,606.94,0,0.0,All risk checks passed
2025-11-14 09:39:00+00:00,FILLED,54f00aea-52a9-4a8e-82a8-dce38dd256f3,SELL,MARKET,16.0,606.94,16.0,606.94,
2025-11-14 10:14:00+00:00,RISK_PASS,63f5c4d3-b1c6-4baa-b0c0-b0e3ea34913a,BUY,MARKET,13,607.09,0,0.0,All risk checks passed
2025-11-14 10:14:00+00:00,FILLED,63f5c4d3-b1c6-4baa-b0c0-b0e3ea34913a,BUY,MARKET,13,607.09,13,607.09,
2025-11-14 10:39:00+00:00,RISK_PASS,227414cc-cd1d-4f83-9966-f7c85dbe5bdb,SELL,MARKET,13.0,607.65,0,0.0,All risk checks passed
2025-11-14 10:39:00+00:00,FILLED,227414cc-cd1d-4f83-9966-f7c85dbe5bdb,SELL,MARKET,13.0,607.65,13.0,607.65,
2025-11-14 10:40:00+00:00,RISK_PASS,d574c13f-e965-483c-9f1d-21b0ab8570f0,BUY,MARKET,13,607.26,0,0.0,All risk checks passed
2025-11-14 10:40:00+00:00,FILLED,d574c13f-e965-483c-9f1d-21b0ab8570f0,BUY,MARKET,13,607.26,13,607.26,
2025-11-14 10:54:00+00:00,RISK_PASS,9745e94c-59cd-4fbe-ac21-729148c22ce2,BUY,MARKET,6,606.5,0,0.0,All risk checks passed
2025-11-14 10:54:00+00:00,FILLED,9745e94c-59cd-4fbe-ac21-729148c22ce2,BUY,MARKET,6,606.5,6,606.5,
2025-11-14 11:01:00+00:00,RISK_PASS,ae9ef66b-8bed-4394-93c9-999039dcdba8,SELL,MARKET,19.0,605.5,0,0.0,All risk checks passed
2025-11-14 11:01:00+00:00,REJECTED,ae9ef66b-8bed-4394-93c9-999039dcdba8,SELL,MARKET,19.0,605.5,0,0.0,Random engine rejection
2025-11-14 11:03:00+00:00,RISK_PASS,69257d18-19ae-4022-bc00-7c8f2b6a78e4,SELL,MARKET,19.0,605.5,0,0.0,All risk checks passed
2025-11-14 11:03:00+00:00,FILLED,69257d18-19ae-4022-bc00-7c8f2b6a78e4,SELL,MARKET,19.0,605.5,19.0,605.5,
2025-11-14 11:04:00+00:00,RISK_PASS,2c8cd954-3186-4f4b-b0f2-b38999fd75aa,BUY,MARKET,16,605.54,0,0.0,All risk checks passed
2025-11-14 11:04:00+00:00,FILLED,2c8cd954-3186-4f4b-b0f2-b38999fd75aa,BUY,MARKET,16,605.54,16,605.54,
2025-11-14 11:06:00+00:00,RISK_PASS,ba70c5fc-cd5f-4bf3-93d0-7c102b182086,SELL,MARKET,16.0,605.38,0,0.0,All risk checks passed
2025-11-14 11:06:00+00:00,FILLED,ba70c5fc-cd5f-4bf3-93d0-7c102b182086,SELL,MARKET,16.0,605.38,1,605.38,
2025-11-14 11:07:00+00:00,RISK_PASS,fd00f8c3-880c-49bb-a647-2d092f919520,BUY,MARKET,1,605.21,0,0.0,All risk checks passed
2025-11-14 11:07:00+00:00,RISK_PASS,c8944c79-62b7-4f02-ba76-4c44465f996b,SELL,MARKET,15.0,605.21,0,0.0,All risk checks passed
2025-11-14 11:07:00+00:00,FILLED,fd00f8c3-880c-49bb-a647-2d092f919520,BUY,MARKET,1,605.21,1,605.21,
2025-11-14 11:07:00+00:00,FILLED,c8944c79-62b7-4f02-ba76-4c44465f996b,SELL,MARKET,15.0,605.21,15.0,605.21,
2025-11-14 11:08:00+00:00,RISK_PASS,32f77c00-dfaa-4e84-8503-29dc88b26483,BUY,MARKET,15,605.22,0,0.0,All risk checks passed
2025-11-14 11:08:00+00:00,RISK_PASS,7d857c68-73c2-4540-8058-074eb08905c9,SELL,MARKET,1.0,605.22,0,0.0,All risk checks passed
2025-11-14 11:08:00+00:00,FILLED,32f77c00-dfaa-4e84-8503-29dc88b26483,BUY,MARKET,15,605.22,15,605.22,
2025-11-14 11:08:00+00:00,FILLED,7d857c68-73c2-4540-8058-074eb08905c9,SELL,MARKET,1.0,605.22,1.0,605.22,
2025-11-14 11:09:00+00:00,RISK_PASS,838a91d6-eccd-4201-960b-1bfb7d5722e7,BUY,MARKET,1,604.86,0,0.0,All risk checks passed
2025-11-14 11:09:00+00:00,RISK_PASS,75c6f734-594e-4f96-9d17-5ee1fbb9aa3a,SELL,MARKET,15.0,604.86,0,0.0,All risk checks passed
2025-11-14 11:09:00+00:00,FILLED,838a91d6-eccd-4201-960b-1bfb7d5722e7,BUY,MARKET,1,604.86,1,604.86,
2025-11-14 11:09:00+00:00,FILLED,75c6f734-594e-4f96-9d17-5ee1fbb9aa3a,SELL,MARKET,15.0,604.86,15.0,604.86,
2025-11-14 11:10:00+00:00,RISK_PASS,37262e6c-52c6-49a3-ad18-83d9cd6c3ab6,BUY,MARKET,15,604.22,0,0.0,All risk checks passed
2025-11-14 11:10:00+00:00,RISK_PASS,7a478ba1-fb2f-4cde-be24-74abcedd2663,SELL,MARKET,1.0,604.22,0,0.0,All risk checks passed
2025-11-14 11:10:00+00:00,FILLED,37262e6c-52c6-49a3-ad18-83d9cd6c3ab6,BUY,MARKET,15,604.22,15,604.22,
2025-11-14 11:10:00+00:00,FILLED,7a478ba1-fb2f-4cde-be24-74abcedd2663,SELL,MARKET,1.0,604.22,1.0,604.22,
2025-11-14 11:11:00+00:00,RISK_PASS,42ac358f-4ed1-400e-b15d-ad1b476c43bb,BUY,MARKET,1,604.25,0,0.0,All risk checks passed
2025-11-14 11:11:00+00:00,RISK_PASS,4a0e4526-0569-4384-9f82-b108e48ff327,SELL,MARKET,15.0,604.25,0,0.0,All risk checks passed
2025-11-14 11:11:00+00:00,FILLED,42ac358f-4ed1-400e-b15d-ad1b476c43bb,BUY,MARKET,1,604.25,1,604.25,
2025-11-14 11:11:00+00:00,FILLED,4a0e4526-0569-4384-9f82-b108e48ff327,SELL,MARKET,15.0,604.25,15.0,604.25,
2025-11-14 11:12:00+00:00,RISK_PASS,8963f83e-d121-4d8f-a496-85c88bc1fb0a,BUY,MARKET,15,603.57,0,0.0,All risk checks passed
2025-11-14 11:12:00+00:00,RISK_PASS,3094428c-11bc-4ea1-9943-a21a70abc753,SELL,MARKET,1.0,603.57,0,0.0,All risk checks passed
2025-11-14 11:12:00+00:00,FILLED,8963f83e-d121-4d8f-a496-85c88bc1fb0a,BUY,MARKET,15,603.57,15,603.57,
2025-11-14 11:12:00+00:00,FILLED,3094428c-11bc-4ea1-9943-a21a70abc753,SELL,MARKET,1.0,603.57,1.0,603.57,
2025-11-14 11:13:00+00:00,RISK_PASS,4d2bea5a-6819-41e9-9490-921bd207663d,BUY,MARKET,1,603.5,0,0.0,All risk checks passed
2025-11-14 11:13:00+00:00,RISK_PASS,9d03f43e-0d60-496a-8085-f5be20254c6e,SELL,MARKET,15.0,603.5,0,0.0,All risk checks passed
2025-11-14 11:13:00+00:00,FILLED,4d2bea5a-6819-41e9-9490-921bd207663d,BUY,MARKET,1,603.5,1,603.5,
2025-11-14 11:13:00+00:00,FILLED,9d03f43e-0d60-496a-8085-f5be20254c6e,SELL,MARKET,15.0,603.5,15.0,603.5,
2025-11-14 11:14:00+00:00,RISK_PASS,a2348765-1513-42a9-b583-ff1a463fa1ca,BUY,MARKET,15,603.55,0,0.0,All risk checks passed
2025-11-14 11:14:00+00:00,RISK_PASS,d772438b-8d6b-4513-af23-b22dc2cb6c00,SELL,MARKET,1.0,603.55,0,0.0,All risk checks passed
2025-11-14 11:14:00+00:00,FILLED,a2348765-1513-42a9-b583-ff1a463fa1ca,BUY,MARKET,15,603.55,15,603.55,
2025-11-14 11:14:00+00:00,FILLED,d772438b-8d6b-4513-af23-b22dc2cb6c00,SELL,MARKET,1.0,603.55,1.0,603.55,
2025-11-14 11:15:00+00:00,RISK_PASS,d624f7e9-a080-42c2-b742-c5b784e33c6c,BUY,MARKET,1,603.75,0,0.0,All risk checks passed
2025-11-14 11:15:00+00:00,RISK_PASS,4d4af1ee-46be-4614-9684-8f349d245942,SELL,MARKET,15.0,603.75,0,0.0,All risk checks passed
2025-11-14 11:15:00+00:00,FILLED,d624f7e9-a080-42c2-b742-c5b784e33c6c,BUY,MARKET,1,603.75,1,603.75,
2025-11-14 11:15:00+00:00,FILLED,4d4af1ee-46be-4614-9684-8f349d245942,SELL,MARKET,15.0,603.75,15.0,603.75,
2025-11-14 11:16:00+00:00,RISK_PASS,6961ad55-0806-4e08-ba6e-552e81445314,BUY,MARKET,15,603.5,0,0.0,All risk checks passed
2025-11-14 11:16:00+00:00,RISK_PASS,49085b30-d460-49a3-a79d-abb8c9fffec3,SELL,MARKET,1.0,603.5,0,0.0,All risk checks passed
2025-11-14 11:16:00+00:00,FILLED,6961ad55-0806-4e08-ba6e-552e81445314,BUY,MARKET,15,603.5,15,603.5,
2025-11-14 11:16:00+00:00,FILLED,49085b30-d460-49a3-a79d-abb8c9fffec3,SELL,MARKET,1.0,603.5,1.0,603.5,
2025-11-14 11:17:00+00:00,RISK_PASS,93cd38b5-9e27-4523-ad65-29add5154a01,BUY,MARKET,1,603.25,0,0.0,All risk checks passed
2025-11-14 11:17:00+00:00,RISK_PASS,d30b5e1d-cfc5-4bf4-9eaa-0bee78c82b50,SELL,MARKET,15.0,603.25,0,0.0,All risk checks passed
2025-11-14 11:17:00+00:00,FILLED,93cd38b5-9e27-4523-ad65-29add5154a01,BUY,MARKET,1,603.25,1,603.25,
2025-11-14 11:17:00+00:00,FILLED,d30b5e1d-cfc5-4bf4-9eaa-0bee78c82b50,SELL,MARKET,15.0,603.25,15.0,603.25,
2025-11-14 11:18:00+00:00,RISK_PASS,9be6e195-3d37-414c-a5ad-0104d2ef79cf,BUY,MARKET,15,603.08,0,0.0,All risk checks passed
2025-11-14 11:18:00+00:00,RISK_PASS,f6d1a045-deb1-4564-9b3c-65767d50ff31,SELL,MARKET,1.0,603.08,0,0.0,All risk checks passed
2025-11-14 11:18:00+00:00,FILLED,9be6e195-3d37-414c-a5ad-0104d2ef79cf,BUY,MARKET,15,603.08,12,603.08,
2025-11-14 11:18:00+00:00,FILLED,f6d1a045-deb1-4564-9b3c-65767d50ff31,SELL,MARKET,1.0,603.08,1.0,603.08,
2025-11-14 11:19:00+00:00,RISK_PASS,cd9d7763-81a9-44f1-af67-eaf3c132c00b,BUY,MARKET,4,603.21,0,0.0,All risk checks passed
2025-11-14 11:19:00+00:00,RISK_PASS,4e36db35-8053-4503-a10e-509339fd39ec,SELL,MARKET,12.0,603.21,0,0.0,All risk checks passed
2025-11-14 11:19:00+00:00,FILLED,cd9d7763-81a9-44f1-af67-eaf3c132c00b,BUY,MARKET,4,603.21,1,603.21,
2025-11-14 11:19:00+00:00,FILLED,4e36db35-8053-4503-a10e-509339fd39ec,SELL,MARKET,12.0,603.21,12.0,603.21,
2025-11-14 11:20:00+00:00,RISK_PASS,8163019a-a5ae-46ae-aae1-8b383ded72c0,BUY,MARKET,15,603.0,0,0.0,All risk checks passed
2025-11-14 11:20:00+00:00,RISK_PASS,2da1bd43-36d9-4906-9934-f2ebeada5226,SELL,MARKET,1.0,603.0,0,0.0,All risk checks passed
2025-11-14 11:20:00+00:00,FILLED,8163019a-a5ae-46ae-aae1-8b383ded72c0,BUY,MARKET,15,603.0,15,603.0,
2025-11-14 11:20:00+00:00,FILLED,2da1bd43-36d9-4906-9934-f2ebeada5226,SELL,MARKET,1.0,603.0,1.0,603.0,
2025-11-14 11:21:00+00:00,RISK_PASS,0f43c345-e3f5-4c38-86c1-5444fbe5522d,BUY,MARKET,1,603.0,0,0.0,All risk checks passed
2025-11-14 11:21:00+00:00,RISK_PASS,36c61dd4-1aa1-4645-9cea-4d63fc1073e2,SELL,MARKET,15.0,603.0,0,0.0,All risk checks passed
2025-11-14 11:21:00+00:00,FILLED,0f43c345-e3f5-4c38-86c1-5444fbe5522d,BUY,MARKET,1,603.0,1,603.0,
2025-11-14 11:21:00+00:00,FILLED,36c61dd4-1aa1-4645-9cea-4d63fc1073e2,SELL,MARKET,15.0,603.0,15.0,603.0,
2025-11-14 11:22:00+00:00,RISK_PASS,0d5f93c8-54d3-4edf-834b-6ca9cb3d760f,BUY,MARKET,15,603.43,0,0.0,All risk checks passed
2025-11-14 11:22:00+00:00,RISK_PASS,5b43eb93-1d40-4e7c-8dd3-d0be4b443584,SELL,MARKET,1.0,603.43,0,0.0,All risk checks passed
2025-11-14 11:22:00+00:00,FILLED,0d5f93c8-54d3-4edf-834b-6ca9cb3d760f,BUY,MARKET,15,603.43,15,603.43,
2025-11-14 11:22:00+00:00,FILLED,5b43eb93-1d40-4e7c-8dd3-d0be4b443584,SELL,MARKET,1.0,603.43,1.0,603.43,
2025-11-14 11:23:00+00:00,RISK_PASS,c3813de3-34d8-4826-bdda-494afac1c335,BUY,MARKET,1,603.5,0,0.0,All risk checks passed
2025-11-14 11:23:00+00:00,RISK_PASS,bea8a493-079c-4a4d-bbea-bfddde81db88,SELL,MARKET,15.0,603.5,0,0.0,All risk checks passed
2025-11-14 11:23:00+00:00,FILLED,c3813de3-34d8-4826-bdda-494afac1c335,BUY,MARKET,1,603.5,1,603.5,
2025-11-14 11:23:00+00:00,FILLED,bea8a493-079c-4a4d-bbea-bfddde81db88,SELL,MARKET,15.0,603.5,15.0,603.5,
2025-11-14 11:24:00+00:00,RISK_PASS,00f64664-60d0-422a-8559-e172658268ee,SELL,MARKET,1.0,603.99,0,0.0,All risk checks passed
2025-11-14 11:24:00+00:00,REJECTED,00f64664-60d0-422a-8559-e172658268ee,SELL,MARKET,1.0,603.99,0,0.0,Random engine rejection
2025-11-14 11:25:00+00:00,RISK_PASS,c1713dce-59c0-44db-8a39-1399dbd51dc6,SELL,MARKET,1.0,604.23,0,0.0,All risk checks passed
2025-11-14 11:25:00+00:00,FILLED,c1713dce-59c0-44db-8a39-1399dbd51dc6,SELL,MARKET,1.0,604.23,1.0,604.23,
2025-11-14 11:38:00+00:00,RISK_PASS,be35acc7-2c43-4107-a134-09af58f18c77,BUY,MARKET,16,602.15,0,0.0,All risk checks passed
2025-11-14 11:38:00+00:00,FILLED,be35acc7-2c43-4107-a134-09af58f18c77,BUY,MARKET,16,602.15,16,602.15,
2025-11-14 11:39:00+00:00,RISK_PASS,46d63b58-e661-4ce0-9cbf-702f00a3af55,SELL,MARKET,16.0,602.48,0,0.0,All risk checks passed
2025-11-14 11:39:00+00:00,FILLED,46d63b58-e661-4ce0-9cbf-702f00a3af55,SELL,MARKET,16.0,602.48,16.0,602.48,
2025-11-14 11:40:00+00:00,RISK_PASS,8e3c559d-2c51-4594-a394-ff299d1381ba,BUY,MARKET,16,602.54,0,0.0,All risk checks passed
2025-11-14 11:40:00+00:00,FILLED,8e3c559d-2c51-4594-a394-ff299d1381ba,BUY,MARKET,16,602.54,16,602.54,
2025-11-14 11:41:00+00:00,RISK_PASS,6fcc8c5b-5b8b-4db2-87f9-5e546e3cd8aa,SELL,MARKET,16.0,602.55,0,0.0,All risk checks passed
2025-11-14 11:41:00+00:00,FILLED,6fcc8c5b-5b8b-4db2-87f9-5e546e3cd8aa,SELL,MARKET,16.0,602.55,16.0,602.55,
2025-11-14 11:42:00+00:00,RISK_PASS,7dd3b187-68e5-4e57-82c8-d2eaf1b84bf3,BUY,MARKET,16,602.61,0,0.0,All risk checks passed
2025-11-14 11:42:00+00:00,FILLED,7dd3b187-68e5-4e57-82c8-d2eaf1b84bf3,BUY,MARKET,16,602.61,16,602.61,
2025-11-14 11:43:00+00:00,RISK_PASS,c43d3379-cd40-418e-bdcd-70739f1a8afe,SELL,MARKET,16.0,602.3,0,0.0,All risk checks passed
2025-11-14 11:43:00+00:00,FILLED,c43d3379-cd40-418e-bdcd-70739f1a8afe,SELL,MARKET,16.0,602.3,16.0,602.3,
2025-11-14 11:44:00+00:00,RISK_PASS,541bf378-8e9c-4988-affa-ea7633a544fc,BUY,MARKET,16,602.51,0,0.0,All risk checks passed
2025-11-14 11:44:00+00:00,FILLED,541bf378-8e9c-4988-affa-ea7633a544fc,BUY,MARKET,16,602.51,16,602.51,
2025-11-14 11:45:00+00:00,RISK_PASS,90e55cf0-a20c-4af9-8f98-1d47b36369dc,SELL,MARKET,16.0,602.33,0,0.0,All risk checks passed
2025-11-14 11:45:00+00:00,FILLED,90e55cf0-a20c-4af9-8f98-1d47b36369dc,SELL,MARKET,16.0,602.33,16.0,602.33,
2025-11-14 11:46:00+00:00,RISK_PASS,8096e802-13bc-4215-a2bb-d488288e28a8,BUY,MARKET,16,602.0,0,0.0,All risk checks passed
2025-11-14 11:46:00+00:00,FILLED,8096e802-13bc-4215-a2bb-d488288e28a8,BUY,MARKET,16,602.0,16,602.0,
2025-11-14 11:47:00+00:00,RISK_PASS,a180791d-2a78-40ee-9bb7-137bf0413479,SELL,MARKET,16.0,602.23,0,0.0,All risk checks passed
2025-11-14 11:47:00+00:00,FILLED,a180791d-2a78-40ee-9bb7-137bf0413479,SELL,MARKET,16.0,602.23,16.0,602.23,
2025-11-14 12:03:00+00:00,RISK_PASS,a388c066-aa4a-4d5a-853b-8a314730f97d,BUY,MARKET,13,603.31,0,0.0,All risk checks passed
2025-11-14 12:03:00+00:00,FILLED,a388c066-aa4a-4d5a-853b-8a314730f97d,BUY,MARKET,13,603.31,5,603.31,
2025-11-14 12:04:00+00:00,RISK_PASS,0273d726-9000-4675-bed4-82630e30e5cf,BUY,MARKET,8,603.36,0,0.0,All risk checks passed
2025-11-14 12:04:00+00:00,FILLED,0273d726-9000-4675-bed4-82630e30e5cf,BUY,MARKET,8,603.36,8,603.36,
2025-11-14 12:11:00+00:00,RISK_PASS,c009cc4c-bb57-4748-97a2-912a7acd4c24,SELL,MARKET,13.0,601.63,0,0.0,All risk checks passed
2025-11-14 12:11:00+00:00,FILLED,c009cc4c-bb57-4748-97a2-912a7acd4c24,SELL,MARKET,13.0,601.63,13.0,601.63,
2025-11-14 12:12:00+00:00,RISK_PASS,d19dc2bc-b55d-499f-91b8-7a711d0b2fb3,BUY,MARKET,16,601.43,0,0.0,All risk checks passed
2025-11-14 12:12:00+00:00,FILLED,d19dc2bc-b55d-499f-91b8-7a711d0b2fb3,BUY,MARKET,16,601.43,8,601.43,
2025-11-14 12:13:00+00:00,RISK_PASS,b7a0b503-7456-455d-b0a2-ade781e1e7e3,BUY,MARKET,8,601.2,0,0.0,All risk checks passed
2025-11-14 12:13:00+00:00,RISK_PASS,ab15f88c-14c3-4eb9-b450-26ffa7a24668,SELL,MARKET,8.0,601.2,0,0.0,All risk checks passed
2025-11-14 12:13:00+00:00,FILLED,b7a0b503-7456-455d-b0a2-ade781e1e7e3,BUY,MARKET,8,601.2,8,601.2,
2025-11-14 12:13:00+00:00,FILLED,ab15f88c-14c3-4eb9-b450-26ffa7a24668,SELL,MARKET,8.0,601.2,8.0,601.2,
2025-11-14 12:14:00+00:00,RISK_PASS,a9d31cf3-7291-4af3-961f-8d59b6e1d802,BUY,MARKET,8,600.59,0,0.0,All risk checks passed
2025-11-14 12:14:00+00:00,RISK_PASS,5402fe0e-bc8a-4e3e-835c-325d504c2794,SELL,MARKET,8.0,600.59,0,0.0,All risk checks passed
2025-11-14 12:14:00+00:00,FILLED,a9d31cf3-7291-4af3-961f-8d59b6e1d802,BUY,MARKET,8,600.59,6,600.59,
2025-11-14 12:14:00+00:00,FILLED,5402fe0e-bc8a-4e3e-835c-325d504c2794,SELL,MARKET,8.0,600.59,8.0,600.59,
2025-11-14 12:15:00+00:00,RISK_PASS,5b7e491d-dbef-471c-8eca-3866a970a271,BUY,MARKET,10,601.0,0,0.0,All risk checks passed
2025-11-14 12:15:00+00:00,RISK_PASS,6e3e37c5-2332-4006-9e36-e407829f4dcb,SELL,MARKET,6.0,601.0,0,0.0,All risk checks passed
2025-11-14 12:15:00+00:00,FILLED,5b7e491d-dbef-471c-8eca-3866a970a271,BUY,MARKET,10,601.0,10,601.0,
2025-11-14 12:15:00+00:00,FILLED,6e3e37c5-2332-4006-9e36-e407829f4dcb,SELL,MARKET,6.0,601.0,6.0,601.0,
2025-11-14 12:16:00+00:00,RISK_PASS,bd0b65f4-2e4e-4621-90f9-40d0b8b21de6,BUY,MARKET,6,601.53,0,0.0,All risk checks passed
2025-11-14 12:16:00+00:00,RISK_PASS,21da909e-25e1-4eff-9ca2-56202c6ab139,SELL,MARKET,10.0,601.53,0,0.0,All risk checks passed
2025-11-14 12:16:00+00:00,FILLED,bd0b65f4-2e4e-4621-90f9-40d0b8b21de6,BUY,MARKET,6,601.53,6,601.53,
2025-11-14 12:16:00+00:00,FILLED,21da909e-25e1-4eff-9ca2-56202c6ab139,SELL,MARKET,10.0,601.53,6,601.53,
2025-11-14 12:17:00+00:00,RISK_PASS,f038c43d-face-4055-8588-e93e1e7465be,BUY,MARKET,6,601.18,0,0.0,All risk checks passed
2025-11-14 12:17:00+00:00,RISK_PASS,63aeff13-cbdf-4e9d-bb77-db09021ac8f1,SELL,MARKET,10.0,601.18,0,0.0,All risk checks passed
2025-11-14 12:17:00+00:00,FILLED,f038c43d-face-4055-8588-e93e1e7465be,BUY,MARKET,6,601.18,6,601.18,
2025-11-14 12:17:00+00:00,FILLED,63aeff13-cbdf-4e9d-bb77-db09021ac8f1,SELL,MARKET,10.0,601.18,10.0,601.18,
2025-11-14 12:18:00+00:00,RISK_PASS,e71b8416-db48-4f27-9cbe-15d3e6477268,BUY,MARKET,10,601.39,0,0.0,All risk checks passed
2025-11-14 12:18:00+00:00,RISK_PASS,a0f35bb0-cc59-4cd6-96a4-672e777e3004,SELL,MARKET,6.0,601.39,0,0.0,All risk checks passed
2025-11-14 12:18:00+00:00,FILLED,e71b8416-db48-4f27-9cbe-15d3e6477268,BUY,MARKET,10,601.39,10,601.39,
2025-11-14 12:18:00+00:00,REJECTED,a0f35bb0-cc59-4cd6-96a4-672e777e3004,SELL,MARKET,6.0,601.39,0,0.0,Random engine rejection
2025-11-14 12:19:00+00:00,RISK_PASS,a58cce3d-f2a2-48dd-bb31-f16ae023830e,SELL,MARKET,16.0,601.74,0,0.0,All risk checks passed
2025-11-14 12:19:00+00:00,FILLED,a58cce3d-f2a2-48dd-bb31-f16ae023830e,SELL,MARKET,16.0,601.74,16.0,601.74,
2025-11-14 12:39:00+00:00,RISK_PASS,f10d51a1-bcdf-41c3-8f2c-4e94aad86c5f,BUY,MARKET,16,598.88,0,0.0,All risk checks passed
2025-11-14 12:39:00+00:00,FILLED,f10d51a1-bcdf-41c3-8f2c-4e94aad86c5f,BUY,MARKET,16,598.88,16,598.88,
2025-11-14 12:40:00+00:00,RISK_PASS,7d26f5b7-a16d-4f46-815b-4ace478d9572,SELL,MARKET,16.0,598.51,0,0.0,All risk checks passed
2025-11-14 12:40:00+00:00,FILLED,7d26f5b7-a16d-4f46-815b-4ace478d9572,SELL,MARKET,16.0,598.51,16.0,598.51,
2025-11-14 12:41:00+00:00,RISK_PASS,4ef00d45-bddb-4fca-881f-03fbbbb43592,BUY,MARKET,16,597.2,0,0.0,All risk checks passed
2025-11-14 12:41:00+00:00,FILLED,4ef00d45-bddb-4fca-881f-03fbbbb43592,BUY,MARKET,16,597.2,16,597.2,
2025-11-14 12:42:00+00:00,RISK_PASS,59776118-c47e-45f5-b421-9a945bcaa4de,SELL,MARKET,16.0,596.92,0,0.0,All risk checks passed
2025-11-14 12:42:00+00:00,FILLED,59776118-c47e-45f5-b421-9a945bcaa4de,SELL,MARKET,16.0,596.92,3,596.92,
2025-11-14 12:43:00+00:00,RISK_PASS,4f6f2836-37f1-46da-ae49-00aebf592d5f,BUY,MARKET,3,596.65,0,0.0,All risk checks passed
2025-11-14 12:43:00+00:00,RISK_PASS,6b06968a-8ac5-455b-a9b8-5c53c0b0edfa,SELL,MARKET,13.0,596.65,0,0.0,All risk checks passed
2025-11-14 12:43:00+00:00,FILLED,4f6f2836-37f1-46da-ae49-00aebf592d5f,BUY,MARKET,3,596.65,3,596.65,
2025-11-14 12:43:00+00:00,FILLED,6b06968a-8ac5-455b-a9b8-5c53c0b0edfa,SELL,MARKET,13.0,596.65,13.0,596.65,
2025-11-14 12:44:00+00:00,RISK_PASS,c673b364-64b9-43e3-b42b-14d1cfb393ee,BUY,MARKET,13,597.21,0,0.0,All risk checks passed
2025-11-14 12:44:00+00:00,RISK_PASS,c604912d-29c7-448b-8af1-119c0464d040,SELL,MARKET,3.0,597.21,0,0.0,All risk checks passed
2025-11-14 12:44:00+00:00,FILLED,c673b364-64b9-43e3-b42b-14d1cfb393ee,BUY,MARKET,13,597.21,4,597.21,
2025-11-14 12:44:00+00:00,FILLED,c604912d-29c7-448b-8af1-119c0464d040,SELL,MARKET,3.0,597.21,3.0,597.21,
2025-11-14 12:45:00+00:00,RISK_PASS,432183f0-9445-4ac7-8ec5-cacdcbc04e46,BUY,MARKET,12,596.65,0,0.0,All risk checks passed
2025-11-14 12:45:00+00:00,RISK_PASS,011b91f2-a2b8-4336-b900-e9996ea8d2cb,SELL,MARKET,4.0,596.65,0,0.0,All risk checks passed
2025-11-14 12:45:00+00:00,FILLED,432183f0-9445-4ac7-8ec5-cacdcbc04e46,BUY,MARKET,12,596.65,12,596.65,
2025-11-14 12:45:00+00:00,FILLED,011b91f2-a2b8-4336-b900-e9996ea8d2cb,SELL,MARKET,4.0,596.65,4.0,596.65,
2025-11-14 12:46:00+00:00,RISK_PASS,952316d8-c800-4cc1-b71a-942c97d1d8ab,BUY,MARKET,4,597.6,0,0.0,All risk checks passed
2025-11-14 12:46:00+00:00,RISK_PASS,c5596f95-3458-457e-b273-0ee2eae7674c,SELL,MARKET,12.0,597.6,0,0.0,All risk checks passed
2025-11-14 12:46:00+00:00,FILLED,952316d8-c800-4cc1-b71a-942c97d1d8ab,BUY,MARKET,4,597.6,4,597.6,
2025-11-14 12:46:00+00:00,FILLED,c5596f95-3458-457e-b273-0ee2eae7674c,SELL,MARKET,12.0,597.6,12.0,597.6,
2025-11-14 12:47:00+00:00,RISK_PASS,9b2e0d37-0508-4ccf-976a-9f9abf2d5240,SELL,MARKET,4.0,598.0,0,0.0,All risk checks passed
2025-11-14 12:47:00+00:00,FILLED,9b2e0d37-0508-4ccf-976a-9f9abf2d5240,SELL,MARKET,4.0,598.0,4.0,598.0,
2025-11-14 13:03:00+00:00,RISK_PASS,ad624e1f-c195-41f9-bcae-92c5873da256,BUY,MARKET,13,599.73,0,0.0,All risk checks passed
2025-11-14 13:03:00+00:00,FILLED,ad624e1f-c195-41f9-bcae-92c5873da256,BUY,MARKET,13,599.73,13,599.73,
2025-11-14 13:11:00+00:00,RISK_PASS,886a9830-0a78-402a-9d55-c641f19ba793,SELL,MARKET,13.0,599.13,0,0.0,All risk checks passed
2025-11-14 13:11:00+00:00,FILLED,886a9830-0a78-402a-9d55-c641f19ba793,SELL,MARKET,13.0,599.13,13.0,599.13,
2025-11-14 13:15:00+00:00,RISK_PASS,8f1ab7ed-e4a9-4ade-88ea-256d6451beaf,BUY,MARKET,16,599.25,0,0.0,All risk checks passed
2025-11-14 13:15:00+00:00,FILLED,8f1ab7ed-e4a9-4ade-88ea-256d6451beaf,BUY,MARKET,16,599.25,16,599.25,
2025-11-14 13:16:00+00:00,RISK_PASS,dbecede7-89c6-40db-b6d1-5e94312a0fd9,SELL,MARKET,16.0,599.49,0,0.0,All risk checks passed
2025-11-14 13:16:00+00:00,FILLED,dbecede7-89c6-40db-b6d1-5e94312a0fd9,SELL,MARKET,16.0,599.49,16.0,599.49,
2025-11-14 13:18:00+00:00,RISK_PASS,ac5b154b-c410-4fc2-a370-1ea2532da16c,BUY,MARKET,13,599.52,0,0.0,All risk checks passed
2025-11-14 13:18:00+00:00,FILLED,ac5b154b-c410-4fc2-a370-1ea2532da16c,BUY,MARKET,13,599.52,13,599.52,
2025-11-14 13:24:00+00:00,RISK_PASS,3d1b428c-1ec6-46b4-8405-e20756838807,SELL,MARKET,13.0,598.3013,0,0.0,All risk checks passed
2025-11-14 13:24:00+00:00,FILLED,3d1b428c-1ec6-46b4-8405-e20756838807,SELL,MARKET,13.0,598.3013,13.0,598.3013,
2025-11-14 13:28:00+00:00,RISK_PASS,7844d674-5777-418d-8b34-3f12d8cc75de,BUY,MARKET,16,597.99,0,0.0,All risk checks passed
2025-11-14 13:28:00+00:00,FILLED,7844d674-5777-418d-8b34-3f12d8cc75de,BUY,MARKET,16,597.99,16,597.99,
2025-11-14 13:29:00+00:00,RISK_PASS,73663dee-8868-428f-a350-cb0098012a44,SELL,MARKET,16.0,598.46,0,0.0,All risk checks passed
2025-11-14 13:29:00+00:00,FILLED,73663dee-8868-428f-a350-cb0098012a44,SELL,MARKET,16.0,598.46,16.0,598.46,
2025-11-14 13:45:00+00:00,RISK_PASS,da656506-10e8-4b39-9b06-4fdf3233e941,BUY,MARKET,16,596.06,0,0.0,All risk checks passed
2025-11-14 13:45:00+00:00,FILLED,da656506-10e8-4b39-9b06-4fdf3233e941,BUY,MARKET,16,596.06,16,596.06,
2025-11-14 13:46:00+00:00,RISK_PASS,65a5bd01-2e96-4b1c-87f3-6090423f0801,SELL,MARKET,16.0,596.6,0,0.0,All risk checks passed
2025-11-14 13:46:00+00:00,FILLED,65a5bd01-2e96-4b1c-87f3-6090423f0801,SELL,MARKET,16.0,596.6,16.0,596.6,
2025-11-14 13:56:00+00:00,RISK_PASS,35448c8d-4f9f-4453-91d4-b1d972db4a8b,BUY,MARKET,13,598.51,0,0.0,All risk checks passed
2025-11-14 13:56:00+00:00,FILLED,35448c8d-4f9f-4453-91d4-b1d972db4a8b,BUY,MARKET,13,598.51,13,598.51,
2025-11-14 13:59:00+00:00,RISK_PASS,c449a4ce-53b8-4ecd-81c5-c6b09da121e0,SELL,MARKET,13.0,598.31,0,0.0,All risk checks passed
2025-11-14 13:59:00+00:00,FILLED,c449a4ce-53b8-4ecd-81c5-c6b09da121e0,SELL,MARKET,13.0,598.31,13.0,598.31,
2025-11-14 14:00:00+00:00,RISK_PASS,1e35e71f-c69d-4e69-a87c-bc6544edddd8,BUY,MARKET,13,598.43,0,0.0,All risk checks passed
2025-11-14 14:00:00+00:00,FILLED,1e35e71f-c69d-4e69-a87c-bc6544edddd8,BUY,MARKET,13,598.43,13,598.43,
2025-11-14 14:01:00+00:00,RISK_PASS,41e15bf9-0981-4c4d-9c4a-06f867671494,SELL,MARKET,13.0,598.65,0,0.0,All risk checks passed
2025-11-14 14:01:00+00:00,FILLED,41e15bf9-0981-4c4d-9c4a-06f867671494,SELL,MARKET,13.0,598.65,13.0,598.65,
2025-11-14 14:02:00+00:00,RISK_PASS,566358ec-df95-4525-8d2e-9aa95f761c23,BUY,MARKET,13,598.7,0,0.0,All risk checks passed
2025-11-14 14:02:00+00:00,FILLED,566358ec-df95-4525-8d2e-9aa95f761c23,BUY,MARKET,13,598.7,13,598.7,
2025-11-14 14:03:00+00:00,RISK_PASS,e514474f-547f-4174-8237-8d217f12e1c6,SELL,MARKET,13.0,599.21,0,0.0,All risk checks passed
2025-11-14 14:03:00+00:00,FILLED,e514474f-547f-4174-8237-8d217f12e1c6,SELL,MARKET,13.0,599.21,13.0,599.21,
2025-11-14 14:04:00+00:00,RISK_PASS,cc4ef0fc-c384-44a1-9c11-626aa6e9f7c5,BUY,MARKET,13,599.9,0,0.0,All risk checks passed
2025-11-14 14:04:00+00:00,FILLED,cc4ef0fc-c384-44a1-9c11-626aa6e9f7c5,BUY,MARKET,13,599.9,13,599.9,
2025-11-14 14:12:00+00:00,RISK_PASS,cd5183eb-957a-46f1-9ee4-3d60a9a08af1,SELL,MARKET,13.0,599.69,0,0.0,All risk checks passed
2025-11-14 14:12:00+00:00,FILLED,cd5183eb-957a-46f1-9ee4-3d60a9a08af1,SELL,MARKET,13.0,599.69,13.0,599.69,
2025-11-14 14:13:00+00:00,RISK_PASS,925c5e89-ea07-4597-bbb1-1636391ff3ca,BUY,MARKET,13,599.88,0,0.0,All risk checks passed
2025-11-14 14:13:00+00:00,FILLED,925c5e89-ea07-4597-bbb1-1636391ff3ca,BUY,MARKET,13,599.88,5,599.88,
2025-11-14 14:14:00+00:00,RISK_PASS,ece55af1-6878-4a7e-a933-f8fbfe0e1206,BUY,MARKET,8,600.0875,0,0.0,All risk checks passed
2025-11-14 14:14:00+00:00,RISK_PASS,b06988af-a6bb-47d2-9cd0-a7e62ef1c074,SELL,MARKET,5.0,600.0875,0,0.0,All risk checks passed
2025-11-14 14:14:00+00:00,FILLED,ece55af1-6878-4a7e-a933-f8fbfe0e1206,BUY,MARKET,8,600.0875,8,600.0875,
2025-11-14 14:14:00+00:00,FILLED,b06988af-a6bb-47d2-9cd0-a7e62ef1c074,SELL,MARKET,5.0,600.0875,5.0,600.0875,
2025-11-14 14:15:00+00:00,RISK_PASS,02f569d7-42be-4c81-b2fc-9f246f7419d7,BUY,MARKET,5,600.0,0,0.0,All risk checks passed
2025-11-14 14:15:00+00:00,FILLED,02f569d7-42be-4c81-b2fc-9f246f7419d7,BUY,MARKET,5,600.0,5,600.0,
2025-11-14 14:19:00+00:00,RISK_PASS,e3176844-4990-47bc-8356-2c96d853ad2e,SELL,MARKET,13.0,601.5,0,0.0,All risk checks passed
2025-11-14 14:19:00+00:00,FILLED,e3176844-4990-47bc-8356-2c96d853ad2e,SELL,MARKET,13.0,601.5,13.0,601.5,
2025-11-14 14:20:00+00:00,RISK_PASS,26afc96a-7481-46bf-ae49-0de56718fc70,BUY,MARKET,13,601.1725,0,0.0,All risk checks passed
2025-11-14 14:20:00+00:00,FILLED,26afc96a-7481-46bf-ae49-0de56718fc70,BUY,MARKET,13,601.1725,13,601.1725,
2025-11-14 14:21:00+00:00,RISK_PASS,aef5fb21-7106-48df-bacf-962549a61034,SELL,MARKET,13.0,601.02,0,0.0,All risk checks passed
2025-11-14 14:21:00+00:00,FILLED,aef5fb21-7106-48df-bacf-962549a61034,SELL,MARKET,13.0,601.02,13.0,601.02,
2025-11-14 14:22:00+00:00,RISK_PASS,8d28aace-2fee-46d6-ae22-885624e141b3,BUY,MARKET,13,600.97,0,0.0,All risk checks passed
2025-11-14 14:22:00+00:00,FILLED,8d28aace-2fee-46d6-ae22-885624e141b3,BUY,MARKET,13,600.97,13,600.97,
2025-11-14 14:25:00+00:00,RISK_PASS,2bf6360e-f446-4ce0-a4a0-5985a2a502ea,SELL,MARKET,13.0,601.41,0,0.0,All risk checks passed
2025-11-14 14:25:00+00:00,FILLED,2bf6360e-f446-4ce0-a4a0-5985a2a502ea,SELL,MARKET,13.0,601.41,13.0,601.41,
2025-11-14 14:26:00+00:00,RISK_PASS,2ff95bf9-c713-4dc7-a15c-52aa8286ac4f,BUY,MARKET,13,601.95,0,0.0,All risk checks passed
2025-11-14 14:26:00+00:00,FILLED,2ff95bf9-c713-4dc7-a15c-52aa8286ac4f,BUY,MARKET,13,601.95,13,601.95,
2025-11-14 14:27:00+00:00,RISK_PASS,50b14e68-515b-4a14-9407-ab9b515870fc,SELL,MARKET,13.0,601.75,0,0.0,All risk checks passed
2025-11-14 14:27:00+00:00,FILLED,50b14e68-515b-4a14-9407-ab9b515870fc,SELL,MARKET,13.0,601.75,13.0,601.75,
2025-11-14 14:28:00+00:00,RISK_PASS,eb7c696a-fe01-41b5-8b5e-bc2bb5aa88d5,BUY,MARKET,13,601.2775,0,0.0,All risk checks passed
2025-11-14 14:28:00+00:00,FILLED,eb7c696a-fe01-41b5-8b5e-bc2bb5aa88d5,BUY,MARKET,13,601.2775,2,601.2775,
2025-11-14 14:29:00+00:00,RISK_PASS,3323681d-6675-4a43-9ed6-762b50e1d648,BUY,MARKET,11,601.8,0,0.0,All risk checks passed
2025-11-14 14:29:00+00:00,FILLED,3323681d-6675-4a43-9ed6-762b50e1d648,BUY,MARKET,11,601.8,11,601.8,
2025-11-14 14:34:00+00:00,RISK_PASS,bb5f07dc-635e-4048-8c99-0dd59b758639,BUY,MARKET,7,595.88,0,0.0,All risk checks passed
2025-11-14 14:34:00+00:00,FILLED,bb5f07dc-635e-4048-8c99-0dd59b758639,BUY,MARKET,7,595.88,4,595.88,
2025-11-14 14:35:00+00:00,RISK_PASS,7446f8c1-0c23-44ba-a6c1-3ab3f3e179fd,SELL,MARKET,17.0,599.1688,0,0.0,All risk checks passed
2025-11-14 14:35:00+00:00,FILLED,7446f8c1-0c23-44ba-a6c1-3ab3f3e179fd,SELL,MARKET,17.0,599.1688,17.0,599.1688,
2025-11-14 14:43:00+00:00,RISK_PASS,8109ddf3-8707-4b23-9fdc-7d06d8cc7c5c,BUY,MARKET,13,600.29,0,0.0,All risk checks passed
2025-11-14 14:43:00+00:00,FILLED,8109ddf3-8707-4b23-9fdc-7d06d8cc7c5c,BUY,MARKET,13,600.29,13,600.29,
2025-11-14 14:48:00+00:00,RISK_PASS,ede9b320-cb74-4eb7-9f72-9cb11b5b47bf,SELL,MARKET,13.0,602.775,0,0.0,All risk checks passed
2025-11-14 14:48:00+00:00,FILLED,ede9b320-cb74-4eb7-9f72-9cb11b5b47bf,SELL,MARKET,13.0,602.775,13.0,602.775,
2025-11-14 14:49:00+00:00,RISK_PASS,b5946287-2c7b-4ea0-a91d-b53a1a935368,BUY,MARKET,13,601.9335,0,0.0,All risk checks passed
2025-11-14 14:49:00+00:00,FILLED,b5946287-2c7b-4ea0-a91d-b53a1a935368,BUY,MARKET,13,601.9335,13,601.9335,
2025-11-14 14:59:00+00:00,RISK_PASS,0d8103f2-caf7-42b8-83b5-aed7325706e0,SELL,MARKET,13.0,604.26,0,0.0,All risk checks passed
2025-11-14 14:59:00+00:00,FILLED,0d8103f2-caf7-42b8-83b5-aed7325706e0,SELL,MARKET,13.0,604.26,13.0,604.26,
2025-11-14 15:00:00+00:00,RISK_PASS,1a40e923-2f59-4f73-8c3c-ba2550326ad6,BUY,MARKET,19,604.62,0,0.0,All risk checks passed
2025-11-14 15:00:00+00:00,FILLED,1a40e923-2f59-4f73-8c3c-ba2550326ad6,BUY,MARKET,19,604.62,19,604.62,
2025-11-14 15:26:00+00:00,RISK_PASS,2c20f678-7185-4184-9a7c-4cee5e5ba639,SELL,MARKET,19.0,607.62,0,0.0,All risk checks passed
2025-11-14 15:26:00+00:00,FILLED,2c20f678-7185-4184-9a7c-4cee5e5ba639,SELL,MARKET,19.0,607.62,19.0,607.62,
2025-11-14 15:27:00+00:00,RISK_PASS,36bb0280-7168-482d-bfaf-3238f8042ee0,BUY,MARKET,19,608.88,0,0.0,All risk checks passed
2025-11-14 15:27:00+00:00,FILLED,36bb0280-7168-482d-bfaf-3238f8042ee0,BUY,MARKET,19,608.88,19,608.88,
2025-11-14 15:28:00+00:00,RISK_PASS,b611f40b-aa4b-4069-81f0-c9bd58778f36,SELL,MARKET,19.0,609.18,0,0.0,All risk checks passed
2025-11-14 15:28:00+00:00,FILLED,b611f40b-aa4b-4069-81f0-c9bd58778f36,SELL,MARKET,19.0,609.18,19.0,609.18,
2025-11-14 15:29:00+00:00,RISK_PASS,2b64dd0a-73c8-4e4c-8658-22f5830f5fac,BUY,MARKET,19,609.115,0,0.0,All risk checks passed
2025-11-14 15:29:00+00:00,FILLED,2b64dd0a-73c8-4e4c-8658-22f5830f5fac,BUY,MARKET,19,609.115,19,609.115,
2025-11-14 15:34:00+00:00,RISK_PASS,6a25ba9c-c45d-481a-a67c-75d843751a46,SELL,MARKET,19.0,608.84,0,0.0,All risk checks passed
2025-11-14 15:34:00+00:00,FILLED,6a25ba9c-c45d-481a-a67c-75d843751a46,SELL,MARKET,19.0,608.84,19.0,608.84,
2025-11-14 15:35:00+00:00,RISK_PASS,5fdf87aa-7e9a-410c-a458-212663425807,BUY,MARKET,19,609.51,0,0.0,All risk checks passed
2025-11-14 15:35:00+00:00,FILLED,5fdf87aa-7e9a-410c-a458-212663425807,BUY,MARKET,19,609.51,19,609.51,
2025-11-14 15:39:00+00:00,RISK_PASS,53a16dc9-2549-4da2-8b6b-637c2ce3d1d3,SELL,MARKET,19.0,610.2505,0,0.0,All risk checks passed
2025-11-14 15:39:00+00:00,FILLED,53a16dc9-2549-4da2-8b6b-637c2ce3d1d3,SELL,MARKET,19.0,610.2505,19.0,610.2505,
2025-11-14 15:40:00+00:00,RISK_PASS,af6a96d4-dd02-4ced-a659-653f8e07ee11,BUY,MARKET,19,609.9281,0,0.0,All risk checks passed
2025-11-14 15:40:00+00:00,FILLED,af6a96d4-dd02-4ced-a659-653f8e07ee11,BUY,MARKET,19,609.9281,19,609.9281,
2025-11-14 15:47:00+00:00,RISK_PASS,1bc1c278-9971-410b-8efc-d85e4f1cffc4,SELL,MARKET,19.0,611.815,0,0.0,All risk checks passed
2025-11-14 15:47:00+00:00,FILLED,1bc1c278-9971-410b-8efc-d85e4f1cffc4,SELL,MARKET,19.0,611.815,19.0,611.815,
2025-11-14 15:48:00+00:00,RISK_PASS,6d4b055e-352f-4f84-888a-2249e34f45a3,BUY,MARKET,19,611.13,0,0.0,All risk checks passed
2025-11-14 15:48:00+00:00,FILLED,6d4b055e-352f-4f84-888a-2249e34f45a3,BUY,MARKET,19,611.13,19,611.13,
2025-11-14 15:50:00+00:00,RISK_PASS,93b8bcd0-e70c-4e91-97b4-2f31c1d25a83,SELL,MARKET,19.0,610.91,0,0.0,All risk checks passed
2025-11-14 15:50:00+00:00,FILLED,93b8bcd0-e70c-4e91-97b4-2f31c1d25a83,SELL,MARKET,19.0,610.91,19.0,610.91,
2025-11-14 15:51:00+00:00,RISK_PASS,f66d9464-4e01-4b96-8514-cd4b9d1ee82f,BUY,MARKET,19,611.4576,0,0.0,All risk checks passed
2025-11-14 15:51:00+00:00,FILLED,f66d9464-4e01-4b96-8514-cd4b9d1ee82f,BUY,MARKET,19,611.4576,19,611.4576,
2025-11-14 16:06:00+00:00,RISK_PASS,9938c822-66be-49bb-b294-11b8ef9e57e9,SELL,MARKET,19.0,607.75,0,0.0,All risk checks passed
2025-11-14 16:06:00+00:00,FILLED,9938c822-66be-49bb-b294-11b8ef9e57e9,SELL,MARKET,19.0,607.75,19.0,607.75,
2025-11-14 16:07:00+00:00,RISK_PASS,1a74c9ba-0212-4ddd-9d12-eaa3a3f399f1,BUY,MARKET,16,607.27,0,0.0,All risk checks passed
2025-11-14 16:07:00+00:00,REJECTED,1a74c9ba-0212-4ddd-9d12-eaa3a3f399f1,BUY,MARKET,16,607.27,0,0.0,Random engine rejection
2025-11-14 16:12:00+00:00,RISK_PASS,5f20ff47-e45a-4a13-b1b0-849daacf0fa3,BUY,MARKET,16,608.57,0,0.0,All risk checks passed
2025-11-14 16:12:00+00:00,FILLED,5f20ff47-e45a-4a13-b1b0-849daacf0fa3,BUY,MARKET,16,608.57,5,608.57,
2025-11-14 16:13:00+00:00,RISK_PASS,925ef667-4ae4-4ca1-b35d-bb301095075c,BUY,MARKET,11,609.21,0,0.0,All risk checks passed
2025-11-14 16:13:00+00:00,RISK_PASS,75dea62b-9c54-4233-b6c7-ff0e2abf108c,SELL,MARKET,5.0,609.21,0,0.0,All risk checks passed
2025-11-14 16:13:00+00:00,FILLED,925ef667-4ae4-4ca1-b35d-bb301095075c,BUY,MARKET,11,609.21,11,609.21,
2025-11-14 16:13:00+00:00,FILLED,75dea62b-9c54-4233-b6c7-ff0e2abf108c,SELL,MARKET,5.0,609.21,5.0,609.21,
2025-11-14 16:14:00+00:00,RISK_PASS,c40b2db8-62b5-4788-a30f-5da8948faa79,SELL,MARKET,11.0,609.025,0,0.0,All risk checks passed
2025-11-14 16:14:00+00:00,FILLED,c40b2db8-62b5-4788-a30f-5da8948faa79,SELL,MARKET,11.0,609.025,11.0,609.025,
2025-11-14 16:20:00+00:00,RISK_PASS,b7720674-1c6f-4b2c-b0b1-34a46640a7f2,BUY,MARKET,13,609.555,0,0.0,All risk checks passed
2025-11-14 16:20:00+00:00,FILLED,b7720674-1c6f-4b2c-b0b1-34a46640a7f2,BUY,MARKET,13,609.555,13,609.555,
2025-11-14 16:21:00+00:00,RISK_PASS,192ef9a1-d8ea-4862-8b79-928d8862f690,SELL,MARKET,13.0,609.995,0,0.0,All risk checks passed
2025-11-14 16:21:00+00:00,FILLED,192ef9a1-d8ea-4862-8b79-928d8862f690,SELL,MARKET,13.0,609.995,13.0,609.995,
2025-11-14 16:22:00+00:00,RISK_PASS,1995fd5b-9b8e-4ee6-8a9e-50fd3af82b99,BUY,MARKET,13,610.32,0,0.0,All risk checks passed
2025-11-14 16:22:00+00:00,FILLED,1995fd5b-9b8e-4ee6-8a9e-50fd3af82b99,BUY,MARKET,13,610.32,4,610.32,
2025-11-14 16:23:00+00:00,RISK_PASS,3cc4e8ce-5aac-41b5-a834-2cac87d71803,BUY,MARKET,9,610.5599,0,0.0,All risk checks passed
2025-11-14 16:23:00+00:00,RISK_PASS,d17aeffa-b247-47f8-8631-1c28ef0b9572,SELL,MARKET,4.0,610.5599,0,0.0,All risk checks passed
2025-11-14 16:23:00+00:00,FILLED,3cc4e8ce-5aac-41b5-a834-2cac87d71803,BUY,MARKET,9,610.5599,9,610.5599,
2025-11-14 16:23:00+00:00,FILLED,d17aeffa-b247-47f8-8631-1c28ef0b9572,SELL,MARKET,4.0,610.5599,4.0,610.5599,
2025-11-14 16:24:00+00:00,RISK_PASS,ee5e143e-9304-4cfe-8757-5dc0c30919d4,BUY,MARKET,4,610.61,0,0.0,All risk checks passed
2025-11-14 16:24:00+00:00,RISK_PASS,5a32b2a9-649e-4342-89df-bd64d6b1f692,SELL,MARKET,9.0,610.61,0,0.0,All risk checks passed
2025-11-14 16:24:00+00:00,FILLED,ee5e143e-9304-4cfe-8757-5dc0c30919d4,BUY,MARKET,4,610.61,4,610.61,
2025-11-14 16:24:00+00:00,FILLED,5a32b2a9-649e-4342-89df-bd64d6b1f692,SELL,MARKET,9.0,610.61,9.0,610.61,
2025-11-14 16:25:00+00:00,RISK_PASS,38e08e1f-c2e7-417f-9ab1-1e9cfe5dcaaf,BUY,MARKET,9,611.2355,0,0.0,All risk checks passed
2025-11-14 16:25:00+00:00,RISK_PASS,927741bc-3613-4013-ad20-c9c2855472d3,SELL,MARKET,4.0,611.2355,0,0.0,All risk checks passed
2025-11-14 16:25:00+00:00,FILLED,38e08e1f-c2e7-417f-9ab1-1e9cfe5dcaaf,BUY,MARKET,9,611.2355,9,611.2355,
2025-11-14 16:25:00+00:00,FILLED,927741bc-3613-4013-ad20-c9c2855472d3,SELL,MARKET,4.0,611.2355,4.0,611.2355,
2025-11-14 16:26:00+00:00,RISK_PASS,9cae61b0-9939-472f-b51d-11b15144ad40,BUY,MARKET,4,611.46,0,0.0,All risk checks passed
2025-11-14 16:26:00+00:00,RISK_PASS,5867de9b-4668-4790-be0b-f81fe9cf5fa9,SELL,MARKET,9.0,611.46,0,0.0,All risk checks passed
2025-11-14 16:26:00+00:00,FILLED,9cae61b0-9939-472f-b51d-11b15144ad40,BUY,MARKET,4,611.46,4,611.46,
2025-11-14 16:26:00+00:00,FILLED,5867de9b-4668-4790-be0b-f81fe9cf5fa9,SELL,MARKET,9.0,611.46,9.0,611.46,
2025-11-14 16:27:00+00:00,RISK_PASS,06aa5608-81e6-4ef1-9210-c147597bfc38,BUY,MARKET,9,611.9,0,0.0,All risk checks passed
2025-11-14 16:27:00+00:00,RISK_PASS,a7aa58da-744c-462e-9868-38f87e353e3f,SELL,MARKET,4.0,611.9,0,0.0,All risk checks passed
2025-11-14 16:27:00+00:00,FILLED,06aa5608-81e6-4ef1-9210-c147597bfc38,BUY,MARKET,9,611.9,9,611.9,
2025-11-14 16:27:00+00:00,FILLED,a7aa58da-744c-462e-9868-38f87e353e3f,SELL,MARKET,4.0,611.9,4.0,611.9,
2025-11-14 16:28:00+00:00,RISK_PASS,bf4656d2-b9d5-4c9b-b9f9-6ed29c602a1a,BUY,MARKET,4,611.48,0,0.0,All risk checks passed
2025-11-14 16:28:00+00:00,RISK_PASS,e3e09e51-8a11-4f9e-910a-2fec42f45b89,SELL,MARKET,9.0,611.48,0,0.0,All risk checks passed
2025-11-14 16:28:00+00:00,FILLED,bf4656d2-b9d5-4c9b-b9f9-6ed29c602a1a,BUY,MARKET,4,611.48,4,611.48,
2025-11-14 16:28:00+00:00,FILLED,e3e09e51-8a11-4f9e-910a-2fec42f45b89,SELL,MARKET,9.0,611.48,9.0,611.48,
2025-11-14 16:29:00+00:00,RISK_PASS,4ff2fd7f-5b48-4a02-8488-1dffd682c4fa,BUY,MARKET,9,611.32,0,0.0,All risk checks passed
2025-11-14 16:29:00+00:00,FILLED,4ff2fd7f-5b48-4a02-8488-1dffd682c4fa,BUY,MARKET,9,611.32,9,611.32,
2025-11-14 16:41:00+00:00,RISK_PASS,cd9767c7-bb59-438e-b485-7aea223c46b1,BUY,MARKET,6,609.76,0,0.0,All risk checks passed
2025-11-14 16:41:00+00:00,FILLED,cd9767c7-bb59-438e-b485-7aea223c46b1,BUY,MARKET,6,609.76,6,609.76,
2025-11-14 16:46:00+00:00,RISK_PASS,2004dff7-5f63-4231-9a50-7b230dce8c26,SELL,MARKET,19.0,608.25,0,0.0,All risk checks passed
2025-11-14 16:46:00+00:00,FILLED,2004dff7-5f63-4231-9a50-7b230dce8c26,SELL,MARKET,19.0,608.25,11,608.25,
2025-11-14 16:47:00+00:00,RISK_PASS,34164d5e-0636-47f2-8a80-92e1976a7842,SELL,MARKET,8.0,608.8,0,0.0,All risk checks passed
2025-11-14 16:47:00+00:00,FILLED,34164d5e-0636-47f2-8a80-92e1976a7842,SELL,MARKET,8.0,608.8,8.0,608.8,
2025-11-14 17:10:00+00:00,RISK_PASS,75439bf6-bc43-45a3-a041-48847a25dd84,BUY,MARKET,13,611.25,0,0.0,All risk checks passed
2025-11-14 17:10:00+00:00,FILLED,75439bf6-bc43-45a3-a041-48847a25dd84,BUY,MARKET,13,611.25,13,611.25,
2025-11-14 17:11:00+00:00,RISK_PASS,f593ea95-4782-4ac2-9526-cfacb8bb2eb2,SELL,MARKET,13.0,611.56,0,0.0,All risk checks passed
2025-11-14 17:11:00+00:00,FILLED,f593ea95-4782-4ac2-9526-cfacb8bb2eb2,SELL,MARKET,13.0,611.56,13.0,611.56,
2025-11-14 17:12:00+00:00,RISK_PASS,2057a699-8ce6-4251-8a85-a9c43d4f2cce,BUY,MARKET,13,611.846,0,0.0,All risk checks passed
2025-11-14 17:12:00+00:00,FILLED,2057a699-8ce6-4251-8a85-a9c43d4f2cce,BUY,MARKET,13,611.846,13,611.846,
2025-11-14 17:13:00+00:00,RISK_PASS,1b57bca8-253c-4afa-9541-8773f3b3fe79,SELL,MARKET,13.0,612.84,0,0.0,All risk checks passed
2025-11-14 17:13:00+00:00,FILLED,1b57bca8-253c-4afa-9541-8773f3b3fe79,SELL,MARKET,13.0,612.84,13.0,612.84,
2025-11-14 17:14:00+00:00,RISK_PASS,f664362e-cc22-4aa0-8990-ae547624b90f,BUY,MARKET,13,612.45,0,0.0,All risk checks passed
2025-11-14 17:14:00+00:00,FILLED,f664362e-cc22-4aa0-8990-ae547624b90f,BUY,MARKET,13,612.45,13,612.45,
2025-11-14 17:15:00+00:00,RISK_PASS,cbc065a4-aaa6-4336-87ee-dda6afba19df,SELL,MARKET,13.0,611.775,0,0.0,All risk checks passed
2025-11-14 17:15:00+00:00,FILLED,cbc065a4-aaa6-4336-87ee-dda6afba19df,SELL,MARKET,13.0,611.775,13.0,611.775,
2025-11-14 17:16:00+00:00,RISK_PASS,25b184bd-7c8a-4af4-8041-f9bbe2dada87,BUY,MARKET,13,612.0,0,0.0,All risk checks passed
2025-11-14 17:16:00+00:00,FILLED,25b184bd-7c8a-4af4-8041-f9bbe2dada87,BUY,MARKET,13,612.0,13,612.0,
2025-11-14 17:27:00+00:00,RISK_PASS,4dd6eff5-77ac-4657-83af-992b9d414e3f,BUY,MARKET,6,610.82,0,0.0,All risk checks passed
2025-11-14 17:27:00+00:00,FILLED,4dd6eff5-77ac-4657-83af-992b9d414e3f,BUY,MARKET,6,610.82,1,610.82,
2025-11-14 17:28:00+00:00,RISK_PASS,240c03bf-8da3-4f27-ac44-c2aed82e26c1,BUY,MARKET,5,610.64,0,0.0,All risk checks passed
2025-11-14 17:28:00+00:00,FILLED,240c03bf-8da3-4f27-ac44-c2aed82e26c1,BUY,MARKET,5,610.64,5,610.64,
2025-11-14 17:48:00+00:00,RISK_PASS,46091c7a-8687-46ce-a540-6f8c83980e87,SELL,MARKET,19.0,609.91,0,0.0,All risk checks passed
2025-11-14 17:48:00+00:00,FILLED,46091c7a-8687-46ce-a540-6f8c83980e87,SELL,MARKET,19.0,609.91,19.0,609.91,
2025-11-14 17:51:00+00:00,RISK_PASS,af070609-f14d-4b4f-b5fb-56165fd74b9d,BUY,MARKET,16,608.7384,0,0.0,All risk checks passed
2025-11-14 17:51:00+00:00,FILLED,af070609-f14d-4b4f-b5fb-56165fd74b9d,BUY,MARKET,16,608.7384,16,608.7384,
2025-11-14 17:52:00+00:00,RISK_PASS,b7753db7-64c9-49c7-9b59-6c906a0b95e2,SELL,MARKET,16.0,609.76,0,0.0,All risk checks passed
2025-11-14 17:52:00+00:00,FILLED,b7753db7-64c9-49c7-9b59-6c906a0b95e2,SELL,MARKET,16.0,609.76,13,609.76,
2025-11-14 17:53:00+00:00,RISK_PASS,6d145c93-13e8-43b7-bd03-7059c1d837fd,SELL,MARKET,3.0,609.9966,0,0.0,All risk checks passed
2025-11-14 17:53:00+00:00,FILLED,6d145c93-13e8-43b7-bd03-7059c1d837fd,SELL,MARKET,3.0,609.9966,3.0,609.9966,
2025-11-14 18:18:00+00:00,RISK_PASS,6695f5ec-0e0e-4951-b0f0-4caab6cadc80,BUY,MARKET,13,609.735,0,0.0,All risk checks passed
2025-11-14 18:18:00+00:00,FILLED,6695f5ec-0e0e-4951-b0f0-4caab6cadc80,BUY,MARKET,13,609.735,13,609.735,
2025-11-14 18:23:00+00:00,RISK_PASS,a9e2733c-2fac-4cec-90d9-0ca972239083,SELL,MARKET,13.0,609.35,0,0.0,All risk checks passed
2025-11-14 18:23:00+00:00,FILLED,a9e2733c-2fac-4cec-90d9-0ca972239083,SELL,MARKET,13.0,609.35,13.0,609.35,
2025-11-14 18:30:00+00:00,RISK_PASS,41198aeb-fc9b-4e66-b92d-3061db0bbb63,BUY,MARKET,13,611.18,0,0.0,All risk checks passed
2025-11-14 18:30:00+00:00,FILLED,41198aeb-fc9b-4e66-b92d-3061db0bbb63,BUY,MARKET,13,611.18,13,611.18,
2025-11-14 18:43:00+00:00,RISK_PASS,f2201836-d1ed-4f28-8dec-80d118541251,SELL,MARKET,13.0,608.903,0,0.0,All risk checks passed
2025-11-14 18:43:00+00:00,FILLED,f2201836-d1ed-4f28-8dec-80d118541251,SELL,MARKET,13.0,608.903,13.0,608.903,
2025-11-14 18:51:00+00:00,RISK_PASS,f0ec1d87-2e20-4837-95a4-805e5ac9cc3d,BUY,MARKET,13,611.23,0,0.0,All risk checks passed
2025-11-14 18:51:00+00:00,FILLED,f0ec1d87-2e20-4837-95a4-805e5ac9cc3d,BUY,MARKET,13,611.23,13,611.23,
2025-11-14 18:52:00+00:00,RISK_PASS,9e584c24-ac8c-49d7-8582-5af4d42e342b,SELL,MARKET,13.0,611.3399,0,0.0,All risk checks passed
2025-11-14 18:52:00+00:00,FILLED,9e584c24-ac8c-49d7-8582-5af4d42e342b,SELL,MARKET,13.0,611.3399,13.0,611.3399,
2025-11-14 18:53:00+00:00,RISK_PASS,c96bc95d-0012-4951-b22b-25fd93875aac,BUY,MARKET,13,611.63,0,0.0,All risk checks passed
2025-11-14 18:53:00+00:00,FILLED,c96bc95d-0012-4951-b22b-25fd93875aac,BUY,MARKET,13,611.63,13,611.63,
2025-11-14 18:54:00+00:00,RISK_PASS,15fbbbac-ffeb-4dad-beea-ede43aa3542d,SELL,MARKET,13.0,611.6625,0,0.0,All risk checks passed
2025-11-14 18:54:00+00:00,FILLED,15fbbbac-ffeb-4dad-beea-ede43aa3542d,SELL,MARKET,13.0,611.6625,13.0,611.6625,
2025-11-14 18:55:00+00:00,RISK_PASS,21a799f7-385d-4ddd-9565-115f4c3cc69b,BUY,MARKET,13,611.663,0,0.0,All risk checks passed
2025-11-14 18:55:00+00:00,FILLED,21a799f7-385d-4ddd-9565-115f4c3cc69b,BUY,MARKET,13,611.663,13,611.663,
2025-11-14 18:56:00+00:00,RISK_PASS,93c3e7d2-5db1-4b73-be43-3d75e63fc64f,SELL,MARKET,13.0,611.865,0,0.0,All risk checks passed
2025-11-14 18:56:00+00:00,FILLED,93c3e7d2-5db1-4b73-be43-3d75e63fc64f,SELL,MARKET,13.0,611.865,13.0,611.865,
2025-11-14 18:57:00+00:00,RISK_PASS,a128afa8-93d6-4ea6-867d-07798686fd83,BUY,MARKET,13,611.7245,0,0.0,All risk checks passed
2025-11-14 18:57:00+00:00,FILLED,a128afa8-93d6-4ea6-867d-07798686fd83,BUY,MARKET,13,611.7245,13,611.7245,
2025-11-14 18:58:00+00:00,RISK_PASS,6ad344fc-dbdc-4f91-aad4-7b7ac302f1e5,SELL,MARKET,13.0,611.85,0,0.0,All risk checks passed
2025-11-14 18:58:00+00:00,FILLED,6ad344fc-dbdc-4f91-aad4-7b7ac302f1e5,SELL,MARKET,13.0,611.85,10,611.85,
2025-11-14 18:59:00+00:00,RISK_PASS,43323dd9-e947-4cbb-b834-6319b276f95c,BUY,MARKET,10,611.975,0,0.0,All risk checks passed
2025-11-14 18:59:00+00:00,RISK_PASS,5239370d-1e5d-46ad-b199-c28599a8adfa,SELL,MARKET,3.0,611.975,0,0.0,All risk checks passed
2025-11-14 18:59:00+00:00,FILLED,43323dd9-e947-4cbb-b834-6319b276f95c,BUY,MARKET,10,611.975,10,611.975,
2025-11-14 18:59:00+00:00,FILLED,5239370d-1e5d-46ad-b199-c28599a8adfa,SELL,MARKET,3.0,611.975,3.0,611.975,
2025-11-14 19:00:00+00:00,RISK_PASS,f1fee2cc-ba4b-4973-a615-d634291ecac0,BUY,MARKET,3,612.305,0,0.0,All risk checks passed
2025-11-14 19:00:00+00:00,RISK_PASS,b3cfdbb7-2d8e-4571-9cf3-e3b2c53be4e4,SELL,MARKET,10.0,612.305,0,0.0,All risk checks passed
2025-11-14 19:00:00+00:00,FILLED,f1fee2cc-ba4b-4973-a615-d634291ecac0,BUY,MARKET,3,612.305,3,612.305,
2025-11-14 19:00:00+00:00,FILLED,b3cfdbb7-2d8e-4571-9cf3-e3b2c53be4e4,SELL,MARKET,10.0,612.305,10.0,612.305,
2025-11-14 19:01:00+00:00,RISK_PASS,52093aff-e34f-4d88-9676-d00de0992f24,BUY,MARKET,10,612.19,0,0.0,All risk checks passed
2025-11-14 19:01:00+00:00,RISK_PASS,17b535d2-75ef-4e48-9d64-3518e7420296,SELL,MARKET,3.0,612.19,0,0.0,All risk checks passed
2025-11-14 19:01:00+00:00,FILLED,52093aff-e34f-4d88-9676-d00de0992f24,BUY,MARKET,10,612.19,10,612.19,
2025-11-14 19:01:00+00:00,FILLED,17b535d2-75ef-4e48-9d64-3518e7420296,SELL,MARKET,3.0,612.19,3.0,612.19,
2025-11-14 19:02:00+00:00,RISK_PASS,bb430b1e-7e5b-4c71-9098-5057dbfd854e,BUY,MARKET,3,612.2147,0,0.0,All risk checks passed
2025-11-14 19:02:00+00:00,RISK_PASS,9278b920-b269-4467-8965-31c58404ae82,SELL,MARKET,10.0,612.2147,0,0.0,All risk checks passed
2025-11-14 19:02:00+00:00,FILLED,bb430b1e-7e5b-4c71-9098-5057dbfd854e,BUY,MARKET,3,612.2147,3,612.2147,
2025-11-14 19:02:00+00:00,FILLED,9278b920-b269-4467-8965-31c58404ae82,SELL,MARKET,10.0,612.2147,10.0,612.2147,
2025-11-14 19:03:00+00:00,RISK_PASS,af0ea914-d95c-47d7-9561-afa3a56346af,BUY,MARKET,10,612.13,0,0.0,All risk checks passed
2025-11-14 19:03:00+00:00,RISK_PASS,a70b57b4-51aa-4df7-b6e4-19b85a595748,SELL,MARKET,3.0,612.13,0,0.0,All risk checks passed
2025-11-14 19:03:00+00:00,FILLED,af0ea914-d95c-47d7-9561-afa3a56346af,BUY,MARKET,10,612.13,10,612.13,
2025-11-14 19:03:00+00:00,FILLED,a70b57b4-51aa-4df7-b6e4-19b85a595748,SELL,MARKET,3.0,612.13,3.0,612.13,
2025-11-14 19:04:00+00:00,RISK_PASS,99ff5737-0a16-4a61-aaf1-ca21a3cd16fa,BUY,MARKET,3,611.7086,0,0.0,All risk checks passed
2025-11-14 19:04:00+00:00,RISK_PASS,26eac69e-8a66-4b44-a193-7f7619b1fc45,SELL,MARKET,10.0,611.7086,0,0.0,All risk checks passed
2025-11-14 19:04:00+00:00,FILLED,99ff5737-0a16-4a61-aaf1-ca21a3cd16fa,BUY,MARKET,3,611.7086,3,611.7086,
2025-11-14 19:04:00+00:00,FILLED,26eac69e-8a66-4b44-a193-7f7619b1fc45,SELL,MARKET,10.0,611.7086,10.0,611.7086,
2025-11-14 19:05:00+00:00,RISK_PASS,5208885d-2a4f-4877-a059-c0aeb89b21d9,BUY,MARKET,10,611.3399,0,0.0,All risk checks passed
2025-11-14 19:05:00+00:00,FILLED,5208885d-2a4f-4877-a059-c0aeb89b21d9,BUY,MARKET,10,611.3399,10,611.3399,
2025-11-14 19:27:00+00:00,RISK_PASS,7e170876-8abe-45dc-a49c-bd1757a9170e,SELL,MARKET,13.0,612.45,0,0.0,All risk checks passed
2025-11-14 19:27:00+00:00,FILLED,7e170876-8abe-45dc-a49c-bd1757a9170e,SELL,MARKET,13.0,612.45,13.0,612.45,
2025-11-14 19:28:00+00:00,RISK_PASS,2831f9ba-bca9-4d6a-a5fc-c9f38ed25821,BUY,MARKET,13,612.75,0,0.0,All risk checks passed
2025-11-14 19:28:00+00:00,FILLED,2831f9ba-bca9-4d6a-a5fc-c9f38ed25821,BUY,MARKET,13,612.75,13,612.75,
2025-11-14 19:29:00+00:00,RISK_PASS,4fcc0941-b3cd-4365-8c57-d0b2b976816c,SELL,MARKET,13.0,612.9899,0,0.0,All risk checks passed
2025-11-14 19:29:00+00:00,FILLED,4fcc0941-b3cd-4365-8c57-d0b2b976816c,SELL,MARKET,13.0,612.9899,13.0,612.9899,
2025-11-14 19:30:00+00:00,RISK_PASS,3cbbb2ab-5a42-4b49-89cc-83ec6c5e6693,BUY,MARKET,13,613.26,0,0.0,All risk checks passed
2025-11-14 19:30:00+00:00,FILLED,3cbbb2ab-5a42-4b49-89cc-83ec6c5e6693,BUY,MARKET,13,613.26,13,613.26,
2025-11-14 19:31:00+00:00,RISK_PASS,7f28e906-7968-4a36-91ab-776fce2e2437,SELL,MARKET,13.0,613.3,0,0.0,All risk checks passed
2025-11-14 19:31:00+00:00,FILLED,7f28e906-7968-4a36-91ab-776fce2e2437,SELL,MARKET,13.0,613.3,13.0,613.3,
2025-11-14 19:32:00+00:00,RISK_PASS,faad9440-27b8-45d1-a65b-2d1d41262c50,BUY,MARKET,13,613.01,0,0.0,All risk checks passed
2025-11-14 19:32:00+00:00,FILLED,faad9440-27b8-45d1-a65b-2d1d41262c50,BUY,MARKET,13,613.01,13,613.01,
2025-11-14 19:33:00+00:00,RISK_PASS,db52659c-265b-4401-ae98-73ac6171749f,SELL,MARKET,13.0,612.975,0,0.0,All risk checks passed
2025-11-14 19:33:00+00:00,FILLED,db52659c-265b-4401-ae98-73ac6171749f,SELL,MARKET,13.0,612.975,13.0,612.975,
2025-11-14 19:34:00+00:00,RISK_PASS,f7ae127d-2045-4107-81e5-656920d3e74f,BUY,MARKET,13,613.23,0,0.0,All risk checks passed
2025-11-14 19:34:00+00:00,FILLED,f7ae127d-2045-4107-81e5-656920d3e74f,BUY,MARKET,13,613.23,13,613.23,
2025-11-14 19:35:00+00:00,RISK_PASS,b2a4ea91-8886-4618-bad2-65109ae3010a,SELL,MARKET,13.0,613.065,0,0.0,All risk checks passed
2025-11-14 19:35:00+00:00,FILLED,b2a4ea91-8886-4618-bad2-65109ae3010a,SELL,MARKET,13.0,613.065,13.0,613.065,
2025-11-14 19:36:00+00:00,RISK_PASS,3d37c85f-c5d1-4ee4-9c2a-b455a592b198,BUY,MARKET,13,613.08,0,0.0,All risk checks passed
2025-11-14 19:36:00+00:00,FILLED,3d37c85f-c5d1-4ee4-9c2a-b455a592b198,BUY,MARKET,13,613.08,13,613.08,
2025-11-14 19:39:00+00:00,RISK_PASS,93b944c0-b722-4ab9-a716-d606c72b3461,SELL,MARKET,13.0,613.49,0,0.0,All risk checks passed
2025-11-14 19:39:00+00:00,FILLED,93b944c0-b722-4ab9-a716-d606c72b3461,SELL,MARKET,13.0,613.49,13.0,613.49,
2025-11-14 19:40:00+00:00,RISK_PASS,7eea1da3-070e-454c-8ce4-ace9e49f27c2,BUY,MARKET,13,613.4542,0,0.0,All risk checks passed
2025-11-14 19:40:00+00:00,FILLED,7eea1da3-070e-454c-8ce4-ace9e49f27c2,BUY,MARKET,13,613.4542,13,613.4542,
2025-11-14 19:41:00+00:00,RISK_PASS,b59feef5-39e4-4565-a0a4-aac30ec7b621,SELL,MARKET,13.0,613.39,0,0.0,All risk checks passed
2025-11-14 19:41:00+00:00,FILLED,b59feef5-39e4-4565-a0a4-aac30ec7b621,SELL,MARKET,13.0,613.39,13.0,613.39,
2025-11-14 19:42:00+00:00,RISK_PASS,507957e5-65e5-49bb-bf59-2de88872aa18,BUY,MARKET,13,613.175,0,0.0,All risk checks passed
2025-11-14 19:42:00+00:00,FILLED,507957e5-65e5-49bb-bf59-2de88872aa18,BUY,MARKET,13,613.175,13,613.175,
2025-11-14 19:54:00+00:00,RISK_PASS,dbd9397d-f83d-46f5-a108-3666d91f6048,BUY,MARKET,6,612.42,0,0.0,All risk checks passed
2025-11-14 19:54:00+00:00,FILLED,dbd9397d-f83d-46f5-a108-3666d91f6048,BUY,MARKET,6,612.42,6,612.42,
2025-11-14 20:01:00+00:00,RISK_PASS,25c094c8-09f1-4165-b4ba-9055b50ad3fa,SELL,MARKET,19.0,612.48,0,0.0,All risk checks passed
2025-11-14 20:01:00+00:00,FILLED,25c094c8-09f1-4165-b4ba-9055b50ad3fa,SELL,MARKET,19.0,612.48,19.0,612.48,
2025-11-14 20:06:00+00:00,RISK_PASS,a7528921-0cbc-4738-9ab6-eed401a63406,BUY,MARKET,16,611.475,0,0.0,All risk checks passed
2025-11-14 20:06:00+00:00,FILLED,a7528921-0cbc-4738-9ab6-eed401a63406,BUY,MARKET,16,611.475,4,611.475,
2025-11-14 20:07:00+00:00,RISK_PASS,66a73a31-cb0d-4b7e-837c-5ec0cdbdb66c,BUY,MARKET,12,611.5075,0,0.0,All risk checks passed
2025-11-14 20:07:00+00:00,RISK_PASS,319d794b-b014-467b-937c-20697517bec8,SELL,MARKET,4.0,611.5075,0,0.0,All risk checks passed
2025-11-14 20:07:00+00:00,FILLED,66a73a31-cb0d-4b7e-837c-5ec0cdbdb66c,BUY,MARKET,12,611.5075,12,611.5075,
2025-11-14 20:07:00+00:00,FILLED,319d794b-b014-467b-937c-20697517bec8,SELL,MARKET,4.0,611.5075,4.0,611.5075,
2025-11-14 20:08:00+00:00,RISK_PASS,22e3c59b-3e82-4217-a141-e681e8c75b6c,BUY,MARKET,4,611.33,0,0.0,All risk checks passed
2025-11-14 20:08:00+00:00,RISK_PASS,11d6b92b-ce5b-4656-bf09-f77c2a214232,SELL,MARKET,12.0,611.33,0,0.0,All risk checks passed
2025-11-14 20:08:00+00:00,FILLED,22e3c59b-3e82-4217-a141-e681e8c75b6c,BUY,MARKET,4,611.33,2,611.33,
2025-11-14 20:08:00+00:00,FILLED,11d6b92b-ce5b-4656-bf09-f77c2a214232,SELL,MARKET,12.0,611.33,12.0,611.33,
2025-11-14 20:09:00+00:00,RISK_PASS,74359455-e9b4-4171-8fe2-f853db27cc84,SELL,MARKET,2.0,611.25,0,0.0,All risk checks passed
2025-11-14 20:09:00+00:00,FILLED,74359455-e9b4-4171-8fe2-f853db27cc84,SELL,MARKET,2.0,611.25,2.0,611.25,
2025-11-14 20:11:00+00:00,RISK_PASS,d81c5427-e635-4e9c-9d80-20f080f8b5d5,BUY,MARKET,16,610.88,0,0.0,All risk checks passed
2025-11-14 20:11:00+00:00,REJECTED,d81c5427-e635-4e9c-9d80-20f080f8b5d5,BUY,MARKET,16,610.88,0,0.0,Random engine rejection
2025-11-14 20:13:00+00:00,RISK_PASS,a717cbc5-ef1a-42d0-9fe6-d10bcad6668c,BUY,MARKET,16,611.16,0,0.0,All risk checks passed
2025-11-14 20:13:00+00:00,REJECTED,a717cbc5-ef1a-42d0-9fe6-d10bcad6668c,BUY,MARKET,16,611.16,0,0.0,Random engine rejection
2025-11-14 20:14:00+00:00,RISK_PASS,dd0469dc-460a-45dd-ab3c-1b3ab6996dbb,BUY,MARKET,16,611.03,0,0.0,All risk checks passed
2025-11-14 20:14:00+00:00,FILLED,dd0469dc-460a-45dd-ab3c-1b3ab6996dbb,BUY,MARKET,16,611.03,16,611.03,
2025-11-14 20:15:00+00:00,RISK_PASS,59e19270-d4c4-4fba-b9aa-6e64f0e85fae,SELL,MARKET,16.0,610.85,0,0.0,All risk checks passed
2025-11-14 20:15:00+00:00,FILLED,59e19270-d4c4-4fba-b9aa-6e64f0e85fae,SELL,MARKET,16.0,610.85,16.0,610.85,
2025-11-14 20:16:00+00:00,RISK_PASS,3ca2aeb5-c509-4ee8-a75a-942476e157de,BUY,MARKET,16,610.81,0,0.0,All risk checks passed
2025-11-14 20:16:00+00:00,FILLED,3ca2aeb5-c509-4ee8-a75a-942476e157de,BUY,MARKET,16,610.81,16,610.81,
2025-11-14 20:17:00+00:00,RISK_PASS,d8ae0970-157c-4b7c-894f-9271e9ad4ddb,SELL,MARKET,16.0,610.31,0,0.0,All risk checks passed
2025-11-14 20:17:00+00:00,FILLED,d8ae0970-157c-4b7c-894f-9271e9ad4ddb,SELL,MARKET,16.0,610.31,16.0,610.31,
2025-11-14 20:18:00+00:00,RISK_PASS,179ba4e0-a94d-40e4-b0f8-26ee31ed2555,BUY,MARKET,16,610.075,0,0.0,All risk checks passed
2025-11-14 20:18:00+00:00,FILLED,179ba4e0-a94d-40e4-b0f8-26ee31ed2555,BUY,MARKET,16,610.075,11,610.075,
2025-11-14 20:19:00+00:00,RISK_PASS,9adba935-335d-4ac7-8ae7-ad9e2e9ca385,BUY,MARKET,5,609.9,0,0.0,All risk checks passed
2025-11-14 20:19:00+00:00,RISK_PASS,8fe57eaa-1082-42d9-b89c-d96daec6a207,SELL,MARKET,11.0,609.9,0,0.0,All risk checks passed
2025-11-14 20:19:00+00:00,FILLED,9adba935-335d-4ac7-8ae7-ad9e2e9ca385,BUY,MARKET,5,609.9,5,609.9,
2025-11-14 20:19:00+00:00,FILLED,8fe57eaa-1082-42d9-b89c-d96daec6a207,SELL,MARKET,11.0,609.9,11.0,609.9,
2025-11-14 20:20:00+00:00,RISK_PASS,c71b5cb8-4029-41bc-84c5-ee3e9e17025b,BUY,MARKET,11,610.08,0,0.0,All risk checks passed
2025-11-14 20:20:00+00:00,RISK_PASS,8bed5868-6482-4bd9-95cc-41ffc649e885,SELL,MARKET,5.0,610.08,0,0.0,All risk checks passed
2025-11-14 20:20:00+00:00,FILLED,c71b5cb8-4029-41bc-84c5-ee3e9e17025b,BUY,MARKET,11,610.08,11,610.08,
2025-11-14 20:20:00+00:00,FILLED,8bed5868-6482-4bd9-95cc-41ffc649e885,SELL,MARKET,5.0,610.08,5.0,610.08,
2025-11-14 20:21:00+00:00,RISK_PASS,92acc5b6-ed91-4b13-b1cb-fb35e843016a,BUY,MARKET,5,609.42,0,0.0,All risk checks passed
2025-11-14 20:21:00+00:00,RISK_PASS,461ca8d2-b71f-4879-bb91-d8748e2203f1,SELL,MARKET,11.0,609.42,0,0.0,All risk checks passed
2025-11-14 20:21:00+00:00,FILLED,92acc5b6-ed91-4b13-b1cb-fb35e843016a,BUY,MARKET,5,609.42,5,609.42,
2025-11-14 20:21:00+00:00,FILLED,461ca8d2-b71f-4879-bb91-d8748e2203f1,SELL,MARKET,11.0,609.42,11.0,609.42,
2025-11-14 20:22:00+00:00,RISK_PASS,f692f92c-7896-41f1-88d2-2fc449fab531,BUY,MARKET,11,609.25,0,0.0,All risk checks passed
2025-11-14 20:22:00+00:00,RISK_PASS,1114f17a-cb51-4093-84de-97ced5fe64b9,SELL,MARKET,5.0,609.25,0,0.0,All risk checks passed
2025-11-14 20:22:00+00:00,FILLED,f692f92c-7896-41f1-88d2-2fc449fab531,BUY,MARKET,11,609.25,11,609.25,
2025-11-14 20:22:00+00:00,FILLED,1114f17a-cb51-4093-84de-97ced5fe64b9,SELL,MARKET,5.0,609.25,5.0,609.25,
2025-11-14 20:23:00+00:00,RISK_PASS,fc425a93-3e17-46bf-b875-76429d480fb7,BUY,MARKET,5,609.575,0,0.0,All risk checks passed
2025-11-14 20:23:00+00:00,RISK_PASS,434920d7-3ebf-4d35-8212-16eda1c31df6,SELL,MARKET,11.0,609.575,0,0.0,All risk checks passed
2025-11-14 20:23:00+00:00,FILLED,fc425a93-3e17-46bf-b875-76429d480fb7,BUY,MARKET,5,609.575,5,609.575,
2025-11-14 20:23:00+00:00,FILLED,434920d7-3ebf-4d35-8212-16eda1c31df6,SELL,MARKET,11.0,609.575,11.0,609.575,
2025-11-14 20:24:00+00:00,RISK_PASS,cee51cf3-ca99-42bf-a315-8b40a16c0fa0,BUY,MARKET,11,609.7334,0,0.0,All risk checks passed
2025-11-14 20:24:00+00:00,RISK_PASS,2ee8544e-b555-435c-b7d6-1c75a992ee35,SELL,MARKET,5.0,609.7334,0,0.0,All risk checks passed
2025-11-14 20:24:00+00:00,FILLED,cee51cf3-ca99-42bf-a315-8b40a16c0fa0,BUY,MARKET,11,609.7334,11,609.7334,
2025-11-14 20:24:00+00:00,FILLED,2ee8544e-b555-435c-b7d6-1c75a992ee35,SELL,MARKET,5.0,609.7334,1,609.7334,
2025-11-14 20:25:00+00:00,RISK_PASS,ba1c81fc-5835-4b2a-8351-eccfc67e0545,SELL,MARKET,15.0,609.78,0,0.0,All risk checks passed
2025-11-14 20:25:00+00:00,FILLED,ba1c81fc-5835-4b2a-8351-eccfc67e0545,SELL,MARKET,15.0,609.78,15.0,609.78,
2025-11-14 20:26:00+00:00,RISK_PASS,970f71fb-1544-42e6-985f-c9060b9ff744,BUY,MARKET,16,609.89,0,0.0,All risk checks passed
2025-11-14 20:26:00+00:00,FILLED,970f71fb-1544-42e6-985f-c9060b9ff744,BUY,MARKET,16,609.89,16,609.89,
2025-11-14 20:27:00+00:00,RISK_PASS,d5fd17ab-f0bf-41cc-8f24-1bacd1f8f2b1,SELL,MARKET,16.0,609.83,0,0.0,All risk checks passed
2025-11-14 20:27:00+00:00,FILLED,d5fd17ab-f0bf-41cc-8f24-1bacd1f8f2b1,SELL,MARKET,16.0,609.83,16.0,609.83,
2025-11-14 20:49:00+00:00,RISK_PASS,f92e5725-ac44-48dd-911a-a901ae200836,BUY,MARKET,16,608.68,0,0.0,All risk checks passed
2025-11-14 20:49:00+00:00,FILLED,f92e5725-ac44-48dd-911a-a901ae200836,BUY,MARKET,16,608.68,9,608.68,
2025-11-14 20:50:00+00:00,RISK_PASS,3cba9f5d-6698-4d29-b510-e17706dde29b,SELL,MARKET,9.0,609.01,0,0.0,All risk checks passed
2025-11-14 20:50:00+00:00,FILLED,3cba9f5d-6698-4d29-b510-e17706dde29b,SELL,MARKET,9.0,609.01,9.0,609.01,
2025-11-14 21:23:00+00:00,RISK_PASS,476c743f-19a0-447e-9657-29d8d0706fb6,BUY,MARKET,13,609.9721,0,0.0,All risk checks passed
2025-11-14 21:23:00+00:00,FILLED,476c743f-19a0-447e-9657-29d8d0706fb6,BUY,MARKET,13,609.9721,13,609.9721,
2025-11-14 21:29:00+00:00,RISK_PASS,b866cd4d-bbed-4648-978e-6697a3a3f598,SELL,MARKET,13.0,610.36,0,0.0,All risk checks passed
2025-11-14 21:29:00+00:00,FILLED,b866cd4d-bbed-4648-978e-6697a3a3f598,SELL,MARKET,13.0,610.36,13.0,610.36,
2025-11-14 21:30:00+00:00,RISK_PASS,655b1912-d6fc-43b5-b14c-d8dcb8cf7261,BUY,MARKET,13,610.054,0,0.0,All risk checks passed
2025-11-14 21:30:00+00:00,FILLED,655b1912-d6fc-43b5-b14c-d8dcb8cf7261,BUY,MARKET,13,610.054,13,610.054,
2025-11-14 21:31:00+00:00,RISK_PASS,1a08cc9e-5477-4e86-818c-2e69c17720f9,SELL,MARKET,13.0,610.34,0,0.0,All risk checks passed
2025-11-14 21:31:00+00:00,FILLED,1a08cc9e-5477-4e86-818c-2e69c17720f9,SELL,MARKET,13.0,610.34,13.0,610.34,
2025-11-14 21:32:00+00:00,RISK_PASS,e9683521-eac8-4e5e-abfa-36d5e898fede,BUY,MARKET,13,610.24,0,0.0,All risk checks passed
2025-11-14 21:32:00+00:00,FILLED,e9683521-eac8-4e5e-abfa-36d5e898fede,BUY,MARKET,13,610.24,5,610.24,
2025-11-14 21:33:00+00:00,RISK_PASS,8ddd50c2-d132-43a5-859b-74a468da78a3,BUY,MARKET,8,610.25,0,0.0,All risk checks passed
2025-11-14 21:33:00+00:00,FILLED,8ddd50c2-d132-43a5-859b-74a468da78a3,BUY,MARKET,8,610.25,4,610.25,
2025-11-14 21:34:00+00:00,RISK_PASS,9cba204d-bb03-4e28-965d-81a3fa998321,BUY,MARKET,4,610.01,0,0.0,All risk checks passed
2025-11-14 21:34:00+00:00,FILLED,9cba204d-bb03-4e28-965d-81a3fa998321,BUY,MARKET,4,610.01,3,610.01,
2025-11-14 21:35:00+00:00,RISK_PASS,180b75e7-d167-4674-a922-6104a087f2bc,BUY,MARKET,1,610.0,0,0.0,All risk checks passed
2025-11-14 21:35:00+00:00,FILLED,180b75e7-d167-4674-a922-6104a087f2bc,BUY,MARKET,1,610.0,1,610.0,
2025-11-14 21:45:00+00:00,RISK_PASS,08780174-a79b-4596-9036-c6339dd94c74,BUY,MARKET,6,609.89,0,0.0,All risk checks passed
2025-11-14 21:45:00+00:00,FILLED,08780174-a79b-4596-9036-c6339dd94c74,BUY,MARKET,6,609.89,6,609.89,
2025-11-14 21:59:00+00:00,RISK_PASS,c177c047-e0c6-471b-84e2-98fb23263204,SELL,MARKET,19.0,609.42,0,0.0,All risk checks passed
2025-11-14 21:59:00+00:00,FILLED,c177c047-e0c6-471b-84e2-98fb23263204,SELL,MARKET,19.0,609.42,19.0,609.42,
2025-11-14 22:28:00+00:00,RISK_PASS,e0bda1f0-bf01-47c9-ae98-1696e5a655c8,BUY,MARKET,16,608.98,0,0.0,All risk checks passed
2025-11-14 22:28:00+00:00,FILLED,e0bda1f0-bf01-47c9-ae98-1696e5a655c8,BUY,MARKET,16,608.98,16,608.98,
2025-11-14 22:29:00+00:00,RISK_PASS,ccb49f6a-a350-4536-9b5b-759bde0b4c07,SELL,MARKET,16.0,608.8,0,0.0,All risk checks passed
2025-11-14 22:29:00+00:00,FILLED,ccb49f6a-a350-4536-9b5b-759bde0b4c07,SELL,MARKET,16.0,608.8,16.0,608.8,
2025-11-14 22:40:00+00:00,RISK_PASS,a1a8fd4d-c026-4553-b5e7-86f56a071892,BUY,MARKET,16,608.12,0,0.0,All risk checks passed
2025-11-14 22:40:00+00:00,FILLED,a1a8fd4d-c026-4553-b5e7-86f56a071892,BUY,MARKET,16,608.12,16,608.12,
2025-11-14 22:41:00+00:00,RISK_PASS,05860047-a547-406a-a315-fb51d585e2a0,SELL,MARKET,16.0,608.6761,0,0.0,All risk checks passed
2025-11-14 22:41:00+00:00,FILLED,05860047-a547-406a-a315-fb51d585e2a0,SELL,MARKET,16.0,608.6761,16.0,608.6761,
2025-11-14 23:23:00+00:00,RISK_PASS,e6cc9d9c-c0e0-4ae8-9d95-7ed7c8b4895a,BUY,MARKET,13,609.19,0,0.0,All risk checks passed
2025-11-14 23:23:00+00:00,FILLED,e6cc9d9c-c0e0-4ae8-9d95-7ed7c8b4895a,BUY,MARKET,13,609.19,13,609.19,
2025-11-14 23:29:00+00:00,RISK_PASS,72ed0399-4c22-42c8-9dac-1ca82d985d97,SELL,MARKET,13.0,609.5,0,0.0,All risk checks passed
2025-11-14 23:29:00+00:00,FILLED,72ed0399-4c22-42c8-9dac-1ca82d985d97,SELL,MARKET,13.0,609.5,13.0,609.5,
2025-11-14 23:30:00+00:00,RISK_PASS,55497255-dd4a-48ae-9bb9-01a87abc88ed,BUY,MARKET,13,609.4675,0,0.0,All risk checks passed
2025-11-14 23:30:00+00:00,FILLED,55497255-dd4a-48ae-9bb9-01a87abc88ed,BUY,MARKET,13,609.4675,13,609.4675,
2025-11-14 23:31:00+00:00,RISK_PASS,00931c4d-790d-4c45-b056-d902a8ac1b98,SELL,MARKET,13.0,609.49,0,0.0,All risk checks passed
2025-11-14 23:31:00+00:00,FILLED,00931c4d-790d-4c45-b056-d902a8ac1b98,SELL,MARKET,13.0,609.49,13.0,609.49,
2025-11-14 23:32:00+00:00,RISK_PASS,ce6c2151-8d28-486d-94c2-186fc414a9ca,BUY,MARKET,13,609.49,0,0.0,All risk checks passed
2025-11-14 23:32:00+00:00,FILLED,ce6c2151-8d28-486d-94c2-186fc414a9ca,BUY,MARKET,13,609.49,13,609.49,
2025-11-14 23:33:00+00:00,RISK_PASS,2ee47680-59e0-4117-acea-a1151407d392,SELL,MARKET,13.0,609.49,0,0.0,All risk checks passed
2025-11-14 23:33:00+00:00,FILLED,2ee47680-59e0-4117-acea-a1151407d392,SELL,MARKET,13.0,609.49,13.0,609.49,
2025-11-14 23:34:00+00:00,RISK_PASS,0e45573f-1916-44f5-bf7c-5aa2236500f2,BUY,MARKET,13,609.5,0,0.0,All risk checks passed
2025-11-14 23:34:00+00:00,FILLED,0e45573f-1916-44f5-bf7c-5aa2236500f2,BUY,MARKET,13,609.5,13,609.5,
2025-11-14 23:35:00+00:00,RISK_PASS,986e9706-99ea-43d1-b6a8-dfc97df2d12c,SELL,MARKET,13.0,609.53,0,0.0,All risk checks passed
2025-11-14 23:35:00+00:00,FILLED,986e9706-99ea-43d1-b6a8-dfc97df2d12c,SELL,MARKET,13.0,609.53,13.0,609.53,
2025-11-14 23:36:00+00:00,RISK_PASS,7deca778-be5e-48b0-8618-665be01407e3,BUY,MARKET,13,609.5001,0,0.0,All risk checks passed
2025-11-14 23:36:00+00:00,FILLED,7deca778-be5e-48b0-8618-665be01407e3,BUY,MARKET,13,609.5001,13,609.5001,
2025-11-14 23:37:00+00:00,RISK_PASS,2978ecf4-42ed-4a6f-929c-b5da6c0a23a5,SELL,MARKET,13.0,609.75,0,0.0,All risk checks passed
2025-11-14 23:37:00+00:00,FILLED,2978ecf4-42ed-4a6f-929c-b5da6c0a23a5,SELL,MARKET,13.0,609.75,13.0,609.75,
2025-11-14 23:38:00+00:00,RISK_PASS,0aa78d2f-1be1-47cc-8bbb-a4c2442384c3,BUY,MARKET,13,609.5,0,0.0,All risk checks passed
2025-11-14 23:38:00+00:00,FILLED,0aa78d2f-1be1-47cc-8bbb-a4c2442384c3,BUY,MARKET,13,609.5,13,609.5,
2025-11-15 00:07:00+00:00,RISK_PASS,df72484c-bf71-4b36-98b6-652502c520f3,SELL,MARKET,13.0,609.99,0,0.0,All risk checks passed
2025-11-15 00:07:00+00:00,FILLED,df72484c-bf71-4b36-98b6-652502c520f3,SELL,MARKET,13.0,609.99,13.0,609.99,
2025-11-15 00:09:00+00:00,RISK_PASS,fbb944b6-a8f8-4be1-b527-344c57cd3d73,BUY,MARKET,13,609.94,0,0.0,All risk checks passed
2025-11-15 00:09:00+00:00,FILLED,fbb944b6-a8f8-4be1-b527-344c57cd3d73,BUY,MARKET,13,609.94,13,609.94,
2025-11-15 00:35:00+00:00,RISK_PASS,8d7a85a0-e205-41e3-aa4d-1faf6194a4e9,SELL,MARKET,13.0,610.0,0,0.0,All risk checks passed
2025-11-15 00:35:00+00:00,FILLED,8d7a85a0-e205-41e3-aa4d-1faf6194a4e9,SELL,MARKET,13.0,610.0,6,610.0,
2025-11-15 00:36:00+00:00,RISK_PASS,4342e0fc-5ba2-4ee9-ad42-1a74497fbb57,BUY,MARKET,6,609.9801,0,0.0,All risk checks passed
2025-11-15 00:36:00+00:00,RISK_PASS,4927bacf-d8c7-4307-bd33-dba622aaecca,SELL,MARKET,7.0,609.9801,0,0.0,All risk checks passed
2025-11-15 00:36:00+00:00,FILLED,4342e0fc-5ba2-4ee9-ad42-1a74497fbb57,BUY,MARKET,6,609.9801,6,609.9801,
2025-11-15 00:36:00+00:00,FILLED,4927bacf-d8c7-4307-bd33-dba622aaecca,SELL,MARKET,7.0,609.9801,7.0,609.9801,
2025-11-15 00:37:00+00:00,RISK_PASS,b4b39f32-0591-4b9e-be45-99fc2500b6d2,BUY,MARKET,7,610.0,0,0.0,All risk checks passed
2025-11-15 00:37:00+00:00,FILLED,b4b39f32-0591-4b9e-be45-99fc2500b6d2,BUY,MARKET,7,610.0,6,610.0,
2025-11-15 00:38:00+00:00,RISK_PASS,56467b0b-35a2-4730-95cd-e73d26e39685,BUY,MARKET,1,609.9999,0,0.0,All risk checks passed
2025-11-15 00:38:00+00:00,FILLED,56467b0b-35a2-4730-95cd-e73d26e39685,BUY,MARKET,1,609.9999,1,609.9999,
2025-11-15 00:39:00+00:00,RISK_PASS,4ed19de3-dabe-4b3d-b65d-f2c345d9e428,SELL,MARKET,13.0,609.9801,0,0.0,All risk checks passed
2025-11-15 00:39:00+00:00,FILLED,4ed19de3-dabe-4b3d-b65d-f2c345d9e428,SELL,MARKET,13.0,609.9801,13.0,609.9801,
2025-11-15 00:40:00+00:00,RISK_PASS,696e44fa-8b13-414c-8a69-4377371f563c,BUY,MARKET,13,609.98,0,0.0,All risk checks passed
2025-11-15 00:40:00+00:00,FILLED,696e44fa-8b13-414c-8a69-4377371f563c,BUY,MARKET,13,609.98,13,609.98,
2025-11-15 00:48:00+00:00,RISK_PASS,08277ad8-54ed-42a0-8f99-af35bd8131f0,BUY,MARKET,6,609.6642,0,0.0,All risk checks passed
2025-11-15 00:48:00+00:00,FILLED,08277ad8-54ed-42a0-8f99-af35bd8131f0,BUY,MARKET,6,609.6642,6,609.6642,
2025-11-15 00:50:00+00:00,RISK_PASS,61b8fd64-d0b4-498a-9c19-39b202e0890b,SELL,MARKET,19.0,609.61,0,0.0,All risk checks passed
2025-11-15 00:50:00+00:00,FILLED,61b8fd64-d0b4-498a-9c19-39b202e0890b,SELL,MARKET,19.0,609.61,19.0,609.61,
2025-11-17 09:00:00+00:00,RISK_PASS,b6ee8221-c7c9-4553-a089-4dd986d5e603,BUY,MARKET,13,612.33,0,0.0,All risk checks passed
2025-11-17 09:00:00+00:00,FILLED,b6ee8221-c7c9-4553-a089-4dd986d5e603,BUY,MARKET,13,612.33,13,612.33,
2025-11-17 09:01:00+00:00,RISK_PASS,39f7546a-0402-4e88-bf28-c3e27061801a,SELL,MARKET,13.0,612.15,0,0.0,All risk checks passed
2025-11-17 09:01:00+00:00,FILLED,39f7546a-0402-4e88-bf28-c3e27061801a,SELL,MARKET,13.0,612.15,13.0,612.15,
2025-11-17 09:02:00+00:00,RISK_PASS,7085fe30-fb8e-40bd-98b5-6e924e2c58a8,BUY,MARKET,13,611.7,0,0.0,All risk checks passed
2025-11-17 09:02:00+00:00,FILLED,7085fe30-fb8e-40bd-98b5-6e924e2c58a8,BUY,MARKET,13,611.7,13,611.7,
2025-11-17 09:03:00+00:00,RISK_PASS,d7035e43-dfb3-4f11-a735-5b6aa98efd97,SELL,MARKET,13.0,611.56,0,0.0,All risk checks passed
2025-11-17 09:03:00+00:00,FILLED,d7035e43-dfb3-4f11-a735-5b6aa98efd97,SELL,MARKET,13.0,611.56,13.0,611.56,
2025-11-17 09:04:00+00:00,RISK_PASS,02364d4d-6285-4cb7-baeb-bb5f0cb4268a,BUY,MARKET,13,611.75,0,0.0,All risk checks passed
2025-11-17 09:04:00+00:00,FILLED,02364d4d-6285-4cb7-baeb-bb5f0cb4268a,BUY,MARKET,13,611.75,13,611.75,
2025-11-17 09:06:00+00:00,RISK_PASS,fe7f5378-b350-42d9-be98-672f3d5b809c,SELL,MARKET,13.0,612.0,0,0.0,All risk checks passed
2025-11-17 09:06:00+00:00,FILLED,fe7f5378-b350-42d9-be98-672f3d5b809c,SELL,MARKET,13.0,612.0,13.0,612.0,
2025-11-17 09:08:00+00:00,RISK_PASS,4ab11835-cd6c-42c5-81a6-8f343fedad4b,BUY,MARKET,13,611.9,0,0.0,All risk checks passed
2025-11-17 09:08:00+00:00,FILLED,4ab11835-cd6c-42c5-81a6-8f343fedad4b,BUY,MARKET,13,611.9,13,611.9,
2025-11-17 09:09:00+00:00,RISK_PASS,ef0cc964-cf50-4c3c-8f9a-eef09140d2c9,SELL,MARKET,13.0,612.19,0,0.0,All risk checks passed
2025-11-17 09:09:00+00:00,FILLED,ef0cc964-cf50-4c3c-8f9a-eef09140d2c9,SELL,MARKET,13.0,612.19,13.0,612.19,
2025-11-17 09:10:00+00:00,RISK_PASS,93b57b24-d135-4dbf-bde2-17da5af11017,BUY,MARKET,13,612.21,0,0.0,All risk checks passed
2025-11-17 09:10:00+00:00,REJECTED,93b57b24-d135-4dbf-bde2-17da5af11017,BUY,MARKET,13,612.21,0,0.0,Random engine rejection
2025-11-17 09:11:00+00:00,RISK_PASS,5bca3b0b-735e-423a-b11f-eecdab49d87e,BUY,MARKET,13,612.49,0,0.0,All risk checks passed
2025-11-17 09:11:00+00:00,FILLED,5bca3b0b-735e-423a-b11f-eecdab49d87e,BUY,MARKET,13,612.49,13,612.49,
2025-11-17 09:12:00+00:00,RISK_PASS,95a9b8c7-f2b2-4c53-9b6c-5b09427bad11,SELL,MARKET,13.0,613.0,0,0.0,All risk checks passed
2025-11-17 09:12:00+00:00,FILLED,95a9b8c7-f2b2-4c53-9b6c-5b09427bad11,SELL,MARKET,13.0,613.0,11,613.0,
2025-11-17 09:13:00+00:00,RISK_PASS,912fe48c-48ea-4938-ad8c-5e55855ab78d,BUY,MARKET,11,612.54,0,0.0,All risk checks passed
2025-11-17 09:13:00+00:00,RISK_PASS,2b086b25-8f97-47e5-8917-a41c3e847981,SELL,MARKET,2.0,612.54,0,0.0,All risk checks passed
2025-11-17 09:13:00+00:00,REJECTED,912fe48c-48ea-4938-ad8c-5e55855ab78d,BUY,MARKET,11,612.54,0,0.0,Random engine rejection
2025-11-17 09:13:00+00:00,FILLED,2b086b25-8f97-47e5-8917-a41c3e847981,SELL,MARKET,2.0,612.54,2.0,612.54,
2025-11-17 09:15:00+00:00,RISK_PASS,94f2d931-0dd6-4945-935d-4018f8c339b0,BUY,MARKET,13,612.09,0,0.0,All risk checks passed
2025-11-17 09:15:00+00:00,FILLED,94f2d931-0dd6-4945-935d-4018f8c339b0,BUY,MARKET,13,612.09,13,612.09,
2025-11-17 09:16:00+00:00,RISK_PASS,dc3c8754-0842-4c76-b7bc-8bd612b9108c,SELL,MARKET,13.0,612.56,0,0.0,All risk checks passed
2025-11-17 09:16:00+00:00,FILLED,dc3c8754-0842-4c76-b7bc-8bd612b9108c,SELL,MARKET,13.0,612.56,13.0,612.56,
2025-11-17 09:17:00+00:00,RISK_PASS,123594fb-3a23-4db7-835c-f6ab706ff21e,BUY,MARKET,13,612.16,0,0.0,All risk checks passed
2025-11-17 09:17:00+00:00,FILLED,123594fb-3a23-4db7-835c-f6ab706ff21e,BUY,MARKET,13,612.16,13,612.16,
2025-11-17 09:35:00+00:00,RISK_PASS,51ee7744-35c6-44cb-8e38-959a1927c1de,BUY,MARKET,6,611.75,0,0.0,All risk checks passed
2025-11-17 09:35:00+00:00,FILLED,51ee7744-35c6-44cb-8e38-959a1927c1de,BUY,MARKET,6,611.75,6,611.75,
2025-11-17 10:03:00+00:00,RISK_PASS,2d018dac-58d1-4e25-a452-a1cf1a19bcf1,SELL,MARKET,19.0,611.04,0,0.0,All risk checks passed
2025-11-17 10:03:00+00:00,FILLED,2d018dac-58d1-4e25-a452-a1cf1a19bcf1,SELL,MARKET,19.0,611.04,19.0,611.04,
2025-11-17 10:17:00+00:00,RISK_PASS,4a72e271-4e6b-4637-9b4b-c25a58d60719,BUY,MARKET,16,610.46,0,0.0,All risk checks passed
2025-11-17 10:17:00+00:00,FILLED,4a72e271-4e6b-4637-9b4b-c25a58d60719,BUY,MARKET,16,610.46,16,610.46,
2025-11-17 10:18:00+00:00,RISK_PASS,5988ca91-3213-42ff-86d6-e1a429f23000,SELL,MARKET,16.0,610.41,0,0.0,All risk checks passed
2025-11-17 10:18:00+00:00,FILLED,5988ca91-3213-42ff-86d6-e1a429f23000,SELL,MARKET,16.0,610.41,16.0,610.41,
2025-11-17 10:20:00+00:00,RISK_PASS,5886eab5-885f-49a8-a27c-5c674e8be064,BUY,MARKET,16,610.57,0,0.0,All risk checks passed
2025-11-17 10:20:00+00:00,FILLED,5886eab5-885f-49a8-a27c-5c674e8be064,BUY,MARKET,16,610.57,16,610.57,
2025-11-17 10:21:00+00:00,RISK_PASS,aea13992-2c45-44c8-9720-0054938f0576,SELL,MARKET,16.0,610.48,0,0.0,All risk checks passed
2025-11-17 10:21:00+00:00,FILLED,aea13992-2c45-44c8-9720-0054938f0576,SELL,MARKET,16.0,610.48,16.0,610.48,
2025-11-17 10:35:00+00:00,RISK_PASS,616ad4fa-8904-4ac3-80fe-ea7cd436bb07,BUY,MARKET,16,610.44,0,0.0,All risk checks passed
2025-11-17 10:35:00+00:00,FILLED,616ad4fa-8904-4ac3-80fe-ea7cd436bb07,BUY,MARKET,16,610.44,16,610.44,
2025-11-17 10:37:00+00:00,RISK_PASS,3a8d70ae-d62e-4e5d-8beb-6913f64312ee,SELL,MARKET,16.0,610.92,0,0.0,All risk checks passed
2025-11-17 10:37:00+00:00,FILLED,3a8d70ae-d62e-4e5d-8beb-6913f64312ee,SELL,MARKET,16.0,610.92,16.0,610.92,
2025-11-17 10:51:00+00:00,RISK_PASS,30487f0e-a4fb-49b0-86d4-aafa511222e9,BUY,MARKET,16,608.74,0,0.0,All risk checks passed
2025-11-17 10:51:00+00:00,FILLED,30487f0e-a4fb-49b0-86d4-aafa511222e9,BUY,MARKET,16,608.74,16,608.74,
2025-11-17 10:52:00+00:00,RISK_PASS,8ba89edf-48d1-40ea-81e0-7185846f8bc8,SELL,MARKET,16.0,609.4,0,0.0,All risk checks passed
2025-11-17 10:52:00+00:00,FILLED,8ba89edf-48d1-40ea-81e0-7185846f8bc8,SELL,MARKET,16.0,609.4,16.0,609.4,
2025-11-17 11:28:00+00:00,RISK_PASS,77ec040d-4e71-408e-ada4-858d2b389a95,BUY,MARKET,13,610.26,0,0.0,All risk checks passed
2025-11-17 11:28:00+00:00,FILLED,77ec040d-4e71-408e-ada4-858d2b389a95,BUY,MARKET,13,610.26,13,610.26,
2025-11-17 11:33:00+00:00,RISK_PASS,648aa85f-8817-461b-9932-9d18be895988,SELL,MARKET,13.0,610.93,0,0.0,All risk checks passed
2025-11-17 11:33:00+00:00,FILLED,648aa85f-8817-461b-9932-9d18be895988,SELL,MARKET,13.0,610.93,13.0,610.93,
2025-11-17 11:34:00+00:00,RISK_PASS,62b20767-d347-4999-83b1-fe509dff196b,BUY,MARKET,13,611.29,0,0.0,All risk checks passed
2025-11-17 11:34:00+00:00,FILLED,62b20767-d347-4999-83b1-fe509dff196b,BUY,MARKET,13,611.29,13,611.29,
2025-11-17 11:36:00+00:00,RISK_PASS,ee7d3491-bb28-419b-98c2-579b114e44d5,SELL,MARKET,13.0,612.0,0,0.0,All risk checks passed
2025-11-17 11:36:00+00:00,FILLED,ee7d3491-bb28-419b-98c2-579b114e44d5,SELL,MARKET,13.0,612.0,13.0,612.0,
2025-11-17 11:37:00+00:00,RISK_PASS,186f2eb0-4c8e-4d59-b242-24f6f6339d85,BUY,MARKET,13,611.01,0,0.0,All risk checks passed
2025-11-17 11:37:00+00:00,FILLED,186f2eb0-4c8e-4d59-b242-24f6f6339d85,BUY,MARKET,13,611.01,13,611.01,
2025-11-17 12:04:00+00:00,RISK_PASS,16cf5a79-ab9f-4272-8608-1de8ac3b30fa,BUY,MARKET,3,608.35,0,0.0,All risk checks passed
2025-11-17 12:04:00+00:00,RISK_PASS,cae4a666-f16f-49dd-b3e1-ffe3f002cdd4,SELL,MARKET,13.0,608.35,0,0.0,All risk checks passed
2025-11-17 12:04:00+00:00,FILLED,16cf5a79-ab9f-4272-8608-1de8ac3b30fa,BUY,MARKET,3,608.35,3,608.35,
2025-11-17 12:04:00+00:00,FILLED,cae4a666-f16f-49dd-b3e1-ffe3f002cdd4,SELL,MARKET,13.0,608.35,13.0,608.35,
2025-11-17 12:05:00+00:00,RISK_PASS,9bd61666-1a10-4585-9251-861b516a7582,BUY,MARKET,13,608.35,0,0.0,All risk checks passed
2025-11-17 12:05:00+00:00,RISK_PASS,adf4f4b7-a7cb-4994-bbb1-2e9579ecdcc8,SELL,MARKET,3.0,608.35,0,0.0,All risk checks passed
2025-11-17 12:05:00+00:00,FILLED,9bd61666-1a10-4585-9251-861b516a7582,BUY,MARKET,13,608.35,13,608.35,
2025-11-17 12:05:00+00:00,FILLED,adf4f4b7-a7cb-4994-bbb1-2e9579ecdcc8,SELL,MARKET,3.0,608.35,3.0,608.35,
2025-11-17 12:06:00+00:00,RISK_PASS,2db7038c-baeb-4527-a2bb-96473ed6cf20,BUY,MARKET,3,608.35,0,0.0,All risk checks passed
2025-11-17 12:06:00+00:00,RISK_PASS,01fc2ec8-1860-4bd6-88df-d32a6fda3299,SELL,MARKET,13.0,608.35,0,0.0,All risk checks passed
2025-11-17 12:06:00+00:00,FILLED,2db7038c-baeb-4527-a2bb-96473ed6cf20,BUY,MARKET,3,608.35,3,608.35,
2025-11-17 12:06:00+00:00,REJECTED,01fc2ec8-1860-4bd6-88df-d32a6fda3299,SELL,MARKET,13.0,608.35,0,0.0,Random engine rejection
2025-11-17 12:08:00+00:00,RISK_PASS,3c390ab5-8603-442c-824f-47c888947e4b,SELL,MARKET,16.0,609.1,0,0.0,All risk checks passed
2025-11-17 12:08:00+00:00,FILLED,3c390ab5-8603-442c-824f-47c888947e4b,SELL,MARKET,16.0,609.1,16.0,609.1,
2025-11-17 12:10:00+00:00,RISK_PASS,0a4d48c7-a310-49eb-af9b-b2434ef6c62b,BUY,MARKET,16,608.71,0,0.0,All risk checks passed
2025-11-17 12:10:00+00:00,FILLED,0a4d48c7-a310-49eb-af9b-b2434ef6c62b,BUY,MARKET,16,608.71,16,608.71,
2025-11-17 12:11:00+00:00,RISK_PASS,cd841307-4da0-4830-82c0-6c62a3879218,SELL,MARKET,16.0,608.89,0,0.0,All risk checks passed
2025-11-17 12:11:00+00:00,FILLED,cd841307-4da0-4830-82c0-6c62a3879218,SELL,MARKET,16.0,608.89,16.0,608.89,
2025-11-17 12:12:00+00:00,RISK_PASS,5907d1a4-2c98-4ed3-ad92-f66db0ceac36,BUY,MARKET,16,608.3,0,0.0,All risk checks passed
2025-11-17 12:12:00+00:00,FILLED,5907d1a4-2c98-4ed3-ad92-f66db0ceac36,BUY,MARKET,16,608.3,16,608.3,
2025-11-17 12:13:00+00:00,RISK_PASS,f5b93d47-85a5-4185-937a-07bc28849b42,SELL,MARKET,16.0,608.03,0,0.0,All risk checks passed
2025-11-17 12:13:00+00:00,FILLED,f5b93d47-85a5-4185-937a-07bc28849b42,SELL,MARKET,16.0,608.03,16.0,608.03,
2025-11-17 12:14:00+00:00,RISK_PASS,50aa1350-d45f-4c45-afa5-4246f64656d8,BUY,MARKET,16,607.82,0,0.0,All risk checks passed
2025-11-17 12:14:00+00:00,FILLED,50aa1350-d45f-4c45-afa5-4246f64656d8,BUY,MARKET,16,607.82,13,607.82,
2025-11-17 12:15:00+00:00,RISK_PASS,aefc05d3-c146-43c7-b3cd-c5babdc4b096,SELL,MARKET,13.0,608.7,0,0.0,All risk checks passed
2025-11-17 12:15:00+00:00,FILLED,aefc05d3-c146-43c7-b3cd-c5babdc4b096,SELL,MARKET,13.0,608.7,13.0,608.7,
2025-11-17 13:05:00+00:00,RISK_PASS,4e423f88-8883-4e0d-9edd-ef0624211819,BUY,MARKET,13,608.5,0,0.0,All risk checks passed
2025-11-17 13:05:00+00:00,FILLED,4e423f88-8883-4e0d-9edd-ef0624211819,BUY,MARKET,13,608.5,13,608.5,
2025-11-17 13:30:00+00:00,RISK_PASS,5e0305e1-68d3-4e95-8a44-46ee194fd7e3,BUY,MARKET,3,607.91,0,0.0,All risk checks passed
2025-11-17 13:30:00+00:00,RISK_PASS,3e38f5bf-bdcf-4318-821f-5cc3f3fb68b4,SELL,MARKET,13.0,607.91,0,0.0,All risk checks passed
2025-11-17 13:30:00+00:00,FILLED,5e0305e1-68d3-4e95-8a44-46ee194fd7e3,BUY,MARKET,3,607.91,3,607.91,
2025-11-17 13:30:00+00:00,FILLED,3e38f5bf-bdcf-4318-821f-5cc3f3fb68b4,SELL,MARKET,13.0,607.91,13.0,607.91,
2025-11-17 13:31:00+00:00,RISK_PASS,18666701-dbe1-4947-a096-60c6868e1ed1,BUY,MARKET,13,607.75,0,0.0,All risk checks passed
2025-11-17 13:31:00+00:00,RISK_PASS,3beffdb9-4aa2-483d-a88e-e29869823678,SELL,MARKET,3.0,607.75,0,0.0,All risk checks passed
2025-11-17 13:31:00+00:00,FILLED,18666701-dbe1-4947-a096-60c6868e1ed1,BUY,MARKET,13,607.75,13,607.75,
2025-11-17 13:31:00+00:00,FILLED,3beffdb9-4aa2-483d-a88e-e29869823678,SELL,MARKET,3.0,607.75,3.0,607.75,
2025-11-17 13:32:00+00:00,RISK_PASS,bdeb718f-0228-430f-8d59-02738cf76c85,BUY,MARKET,3,607.9,0,0.0,All risk checks passed
2025-11-17 13:32:00+00:00,RISK_PASS,49f44463-6909-420a-af5e-ddb244da9a0f,SELL,MARKET,13.0,607.9,0,0.0,All risk checks passed
2025-11-17 13:32:00+00:00,FILLED,bdeb718f-0228-430f-8d59-02738cf76c85,BUY,MARKET,3,607.9,3,607.9,
2025-11-17 13:32:00+00:00,FILLED,49f44463-6909-420a-af5e-ddb244da9a0f,SELL,MARKET,13.0,607.9,13.0,607.9,
2025-11-17 13:33:00+00:00,RISK_PASS,75db7bb4-b566-457b-a28d-ab56acbde8f3,SELL,MARKET,3.0,608.25,0,0.0,All risk checks passed
2025-11-17 13:33:00+00:00,FILLED,75db7bb4-b566-457b-a28d-ab56acbde8f3,SELL,MARKET,3.0,608.25,3.0,608.25,
2025-11-17 13:34:00+00:00,RISK_PASS,036ed2e9-3791-4aa0-a4d3-88b9c9cd69ac,BUY,MARKET,16,607.5,0,0.0,All risk checks passed
2025-11-17 13:34:00+00:00,FILLED,036ed2e9-3791-4aa0-a4d3-88b9c9cd69ac,BUY,MARKET,16,607.5,16,607.5,
2025-11-17 13:35:00+00:00,RISK_PASS,25bd098a-ec59-4c69-927d-b8cac0681258,SELL,MARKET,16.0,607.12,0,0.0,All risk checks passed
2025-11-17 13:35:00+00:00,FILLED,25bd098a-ec59-4c69-927d-b8cac0681258,SELL,MARKET,16.0,607.12,16.0,607.12,
2025-11-17 13:40:00+00:00,RISK_PASS,6d7dbee2-cac1-4903-935d-df5a4293a64e,BUY,MARKET,16,606.68,0,0.0,All risk checks passed
2025-11-17 13:40:00+00:00,FILLED,6d7dbee2-cac1-4903-935d-df5a4293a64e,BUY,MARKET,16,606.68,16,606.68,
2025-11-17 13:41:00+00:00,RISK_PASS,5a290252-7ea8-4d89-bdb0-7a4091e3c7c2,SELL,MARKET,16.0,607.0,0,0.0,All risk checks passed
2025-11-17 13:41:00+00:00,FILLED,5a290252-7ea8-4d89-bdb0-7a4091e3c7c2,SELL,MARKET,16.0,607.0,16.0,607.0,
2025-11-17 14:13:00+00:00,RISK_PASS,8a7f2114-b1e0-4f16-ae6c-1387a99f58b1,BUY,MARKET,16,605.37,0,0.0,All risk checks passed
2025-11-17 14:13:00+00:00,FILLED,8a7f2114-b1e0-4f16-ae6c-1387a99f58b1,BUY,MARKET,16,605.37,3,605.37,
2025-11-17 14:14:00+00:00,RISK_PASS,48ff0656-a1a0-43fa-b52f-2ad33b4db2d0,SELL,MARKET,3.0,605.5966,0,0.0,All risk checks passed
2025-11-17 14:14:00+00:00,FILLED,48ff0656-a1a0-43fa-b52f-2ad33b4db2d0,SELL,MARKET,3.0,605.5966,3.0,605.5966,
2025-11-17 14:15:00+00:00,RISK_PASS,c1e06374-d69b-4b2a-9ca9-15131d4d2c62,BUY,MARKET,16,605.1001,0,0.0,All risk checks passed
2025-11-17 14:15:00+00:00,FILLED,c1e06374-d69b-4b2a-9ca9-15131d4d2c62,BUY,MARKET,16,605.1001,16,605.1001,
2025-11-17 14:16:00+00:00,RISK_PASS,c8e19143-90f4-4e53-a3d6-9323e3b43186,SELL,MARKET,16.0,605.4,0,0.0,All risk checks passed
2025-11-17 14:16:00+00:00,FILLED,c8e19143-90f4-4e53-a3d6-9323e3b43186,SELL,MARKET,16.0,605.4,16.0,605.4,
2025-11-17 14:18:00+00:00,RISK_PASS,02acb00f-1c39-43c2-8ae6-279723cf8685,BUY,MARKET,16,605.1,0,0.0,All risk checks passed
2025-11-17 14:18:00+00:00,FILLED,02acb00f-1c39-43c2-8ae6-279723cf8685,BUY,MARKET,16,605.1,16,605.1,
2025-11-17 14:19:00+00:00,RISK_PASS,721fecdb-c61c-46eb-a3ab-9022d1409d2b,SELL,MARKET,16.0,604.75,0,0.0,All risk checks passed
2025-11-17 14:19:00+00:00,FILLED,721fecdb-c61c-46eb-a3ab-9022d1409d2b,SELL,MARKET,16.0,604.75,16.0,604.75,
2025-11-17 14:27:00+00:00,RISK_PASS,34e03d65-5a2d-4def-bb4d-11793e00c959,BUY,MARKET,13,609.02,0,0.0,All risk checks passed
2025-11-17 14:27:00+00:00,FILLED,34e03d65-5a2d-4def-bb4d-11793e00c959,BUY,MARKET,13,609.02,13,609.02,
2025-11-17 14:29:00+00:00,RISK_PASS,600aec2c-58cd-4302-b30d-69f4637426a0,SELL,MARKET,13.0,609.69,0,0.0,All risk checks passed
2025-11-17 14:29:00+00:00,FILLED,600aec2c-58cd-4302-b30d-69f4637426a0,SELL,MARKET,13.0,609.69,13.0,609.69,
2025-11-17 14:30:00+00:00,RISK_PASS,4a7d55de-5da2-4c50-82f1-b4225287dbaf,BUY,MARKET,13,604.8301,0,0.0,All risk checks passed
2025-11-17 14:30:00+00:00,FILLED,4a7d55de-5da2-4c50-82f1-b4225287dbaf,BUY,MARKET,13,604.8301,13,604.8301,
2025-11-17 14:36:00+00:00,RISK_PASS,0cda53a4-09d9-4a47-973f-b2802a6db3de,SELL,MARKET,13.0,605.35,0,0.0,All risk checks passed
2025-11-17 14:36:00+00:00,FILLED,0cda53a4-09d9-4a47-973f-b2802a6db3de,SELL,MARKET,13.0,605.35,13.0,605.35,
2025-11-17 14:44:00+00:00,RISK_PASS,921cbd69-2db1-4b48-af80-21ccbec5ff02,BUY,MARKET,13,608.055,0,0.0,All risk checks passed
2025-11-17 14:44:00+00:00,FILLED,921cbd69-2db1-4b48-af80-21ccbec5ff02,BUY,MARKET,13,608.055,13,608.055,
2025-11-17 14:47:00+00:00,RISK_PASS,be70beda-a33b-4191-8099-af7a3e60b315,SELL,MARKET,13.0,610.38,0,0.0,All risk checks passed
2025-11-17 14:47:00+00:00,FILLED,be70beda-a33b-4191-8099-af7a3e60b315,SELL,MARKET,13.0,610.38,13.0,610.38,
2025-11-17 14:48:00+00:00,RISK_PASS,11d6f651-0fb6-4196-aba5-e13e07ec5086,BUY,MARKET,13,610.3836,0,0.0,All risk checks passed
2025-11-17 14:48:00+00:00,FILLED,11d6f651-0fb6-4196-aba5-e13e07ec5086,BUY,MARKET,13,610.3836,13,610.3836,
2025-11-17 14:49:00+00:00,RISK_PASS,bae65271-d47f-432d-b278-89ea81db6a48,SELL,MARKET,13.0,610.43,0,0.0,All risk checks passed
2025-11-17 14:49:00+00:00,FILLED,bae65271-d47f-432d-b278-89ea81db6a48,SELL,MARKET,13.0,610.43,13.0,610.43,
2025-11-17 14:50:00+00:00,RISK_PASS,90479e48-a7bd-4bd2-b048-ace4c5d06d59,BUY,MARKET,13,611.01,0,0.0,All risk checks passed
2025-11-17 14:50:00+00:00,FILLED,90479e48-a7bd-4bd2-b048-ace4c5d06d59,BUY,MARKET,13,611.01,13,611.01,
2025-11-17 14:51:00+00:00,RISK_PASS,44825041-a5b4-4863-892b-074ad5429142,SELL,MARKET,13.0,611.3775,0,0.0,All risk checks passed
2025-11-17 14:51:00+00:00,REJECTED,44825041-a5b4-4863-892b-074ad5429142,SELL,MARKET,13.0,611.3775,0,0.0,Random engine rejection
2025-11-17 14:52:00+00:00,RISK_PASS,7f91a2e7-a5b1-4955-9227-95dda3558fc5,SELL,MARKET,13.0,610.7,0,0.0,All risk checks passed
2025-11-17 14:52:00+00:00,FILLED,7f91a2e7-a5b1-4955-9227-95dda3558fc5,SELL,MARKET,13.0,610.7,8,610.7,
2025-11-17 14:53:00+00:00,RISK_PASS,ecf70df5-854d-491d-ac0b-52607dba44a4,BUY,MARKET,8,610.69,0,0.0,All risk checks passed
2025-11-17 14:53:00+00:00,RISK_PASS,1fc3d772-69ce-48c8-8987-aa6b7fb82535,SELL,MARKET,5.0,610.69,0,0.0,All risk checks passed
2025-11-17 14:53:00+00:00,FILLED,ecf70df5-854d-491d-ac0b-52607dba44a4,BUY,MARKET,8,610.69,8,610.69,
2025-11-17 14:53:00+00:00,FILLED,1fc3d772-69ce-48c8-8987-aa6b7fb82535,SELL,MARKET,5.0,610.69,5.0,610.69,
2025-11-17 14:54:00+00:00,RISK_PASS,93166461-07e5-4598-b274-295c47358552,BUY,MARKET,5,610.65,0,0.0,All risk checks passed
2025-11-17 14:54:00+00:00,RISK_PASS,fa313e69-5237-4068-b664-0d8cb03be04d,SELL,MARKET,8.0,610.65,0,0.0,All risk checks passed
2025-11-17 14:54:00+00:00,FILLED,93166461-07e5-4598-b274-295c47358552,BUY,MARKET,5,610.65,5,610.65,
2025-11-17 14:54:00+00:00,FILLED,fa313e69-5237-4068-b664-0d8cb03be04d,SELL,MARKET,8.0,610.65,8.0,610.65,
2025-11-17 14:55:00+00:00,RISK_PASS,8a9d752d-d0f8-40fe-b01c-e52b820dd000,BUY,MARKET,8,610.2,0,0.0,All risk checks passed
2025-11-17 14:55:00+00:00,RISK_PASS,e79729a8-f7dc-48d6-8b45-2444aabfb5a0,SELL,MARKET,5.0,610.2,0,0.0,All risk checks passed
2025-11-17 14:55:00+00:00,FILLED,8a9d752d-d0f8-40fe-b01c-e52b820dd000,BUY,MARKET,8,610.2,8,610.2,
2025-11-17 14:55:00+00:00,FILLED,e79729a8-f7dc-48d6-8b45-2444aabfb5a0,SELL,MARKET,5.0,610.2,1,610.2,
2025-11-17 14:56:00+00:00,RISK_PASS,ef92c176-217a-4e45-803e-6b00278084d3,BUY,MARKET,1,609.735,0,0.0,All risk checks passed
2025-11-17 14:56:00+00:00,FILLED,ef92c176-217a-4e45-803e-6b00278084d3,BUY,MARKET,1,609.735,1,609.735,
2025-11-17 15:04:00+00:00,RISK_PASS,dba24f63-09f7-4f0e-aa74-04cb6d0b6a81,BUY,MARKET,6,607.83,0,0.0,All risk checks passed
2025-11-17 15:04:00+00:00,FILLED,dba24f63-09f7-4f0e-aa74-04cb6d0b6a81,BUY,MARKET,6,607.83,6,607.83,
2025-11-17 15:10:00+00:00,RISK_PASS,571b7f43-7af0-4777-a44a-50aae6136e41,SELL,MARKET,19.0,606.145,0,0.0,All risk checks passed
2025-11-17 15:10:00+00:00,FILLED,571b7f43-7af0-4777-a44a-50aae6136e41,SELL,MARKET,19.0,606.145,19.0,606.145,
2025-11-17 15:14:00+00:00,RISK_PASS,ae1e8264-36e7-4210-bfbd-d4f6e4ede895,BUY,MARKET,16,606.3076,0,0.0,All risk checks passed
2025-11-17 15:14:00+00:00,FILLED,ae1e8264-36e7-4210-bfbd-d4f6e4ede895,BUY,MARKET,16,606.3076,16,606.3076,
2025-11-17 15:15:00+00:00,RISK_PASS,b3fc55c0-fe9a-4d24-82ae-0cc6cc263d81,SELL,MARKET,16.0,606.3101,0,0.0,All risk checks passed
2025-11-17 15:15:00+00:00,FILLED,b3fc55c0-fe9a-4d24-82ae-0cc6cc263d81,SELL,MARKET,16.0,606.3101,16.0,606.3101,
2025-11-17 15:48:00+00:00,RISK_PASS,47f96a74-e773-488b-ac48-c6a5b96b6348,BUY,MARKET,13,608.1,0,0.0,All risk checks passed
2025-11-17 15:48:00+00:00,FILLED,47f96a74-e773-488b-ac48-c6a5b96b6348,BUY,MARKET,13,608.1,13,608.1,
2025-11-17 16:08:00+00:00,RISK_PASS,250c54be-aa48-4c9c-9819-ddfc90e77424,BUY,MARKET,3,605.41,0,0.0,All risk checks passed
2025-11-17 16:08:00+00:00,RISK_PASS,a997e966-434a-4da4-9517-d8cdf0a86140,SELL,MARKET,13.0,605.41,0,0.0,All risk checks passed
2025-11-17 16:08:00+00:00,FILLED,250c54be-aa48-4c9c-9819-ddfc90e77424,BUY,MARKET,3,605.41,3,605.41,
2025-11-17 16:08:00+00:00,FILLED,a997e966-434a-4da4-9517-d8cdf0a86140,SELL,MARKET,13.0,605.41,13.0,605.41,
2025-11-17 16:09:00+00:00,RISK_PASS,8989362d-db50-4d25-8ef5-74c5392b6561,BUY,MARKET,13,605.56,0,0.0,All risk checks passed
2025-11-17 16:09:00+00:00,RISK_PASS,9bbf6b63-7bdc-4e49-8774-227734b23825,SELL,MARKET,3.0,605.56,0,0.0,All risk checks passed
2025-11-17 16:09:00+00:00,FILLED,8989362d-db50-4d25-8ef5-74c5392b6561,BUY,MARKET,13,605.56,13,605.56,
2025-11-17 16:09:00+00:00,FILLED,9bbf6b63-7bdc-4e49-8774-227734b23825,SELL,MARKET,3.0,605.56,3.0,605.56,
2025-11-17 16:10:00+00:00,RISK_PASS,247d780d-7ea6-408b-834a-a327b6d245be,SELL,MARKET,13.0,605.985,0,0.0,All risk checks passed
2025-11-17 16:10:00+00:00,FILLED,247d780d-7ea6-408b-834a-a327b6d245be,SELL,MARKET,13.0,605.985,3,605.985,
2025-11-17 16:11:00+00:00,RISK_PASS,2728e8ca-78a2-43b9-8303-1f25c55e2eda,SELL,MARKET,10.0,605.78,0,0.0,All risk checks passed
2025-11-17 16:11:00+00:00,FILLED,2728e8ca-78a2-43b9-8303-1f25c55e2eda,SELL,MARKET,10.0,605.78,4,605.78,
2025-11-17 16:12:00+00:00,RISK_PASS,a3b7c023-e854-4512-a87c-5d4687cee4e4,BUY,MARKET,10,605.26,0,0.0,All risk checks passed
2025-11-17 16:12:00+00:00,RISK_PASS,aa9db474-4bcc-44d2-8d51-170869a146bb,SELL,MARKET,6.0,605.26,0,0.0,All risk checks passed
2025-11-17 16:12:00+00:00,REJECTED,a3b7c023-e854-4512-a87c-5d4687cee4e4,BUY,MARKET,10,605.26,0,0.0,Random engine rejection
2025-11-17 16:12:00+00:00,FILLED,aa9db474-4bcc-44d2-8d51-170869a146bb,SELL,MARKET,6.0,605.26,6.0,605.26,
2025-11-17 16:14:00+00:00,RISK_PASS,d40905d9-db58-47e4-bace-c0840d6634be,BUY,MARKET,16,605.26,0,0.0,All risk checks passed
2025-11-17 16:14:00+00:00,FILLED,d40905d9-db58-47e4-bace-c0840d6634be,BUY,MARKET,16,605.26,16,605.26,
2025-11-17 16:15:00+00:00,RISK_PASS,6085bebf-374b-4524-85ab-f6536ec8db58,SELL,MARKET,16.0,604.7082,0,0.0,All risk checks passed
2025-11-17 16:15:00+00:00,FILLED,6085bebf-374b-4524-85ab-f6536ec8db58,SELL,MARKET,16.0,604.7082,16.0,604.7082,
2025-11-17 16:17:00+00:00,RISK_PASS,b4f9d165-9957-4861-8045-42ca7883efa8,BUY,MARKET,16,604.555,0,0.0,All risk checks passed
2025-11-17 16:17:00+00:00,FILLED,b4f9d165-9957-4861-8045-42ca7883efa8,BUY,MARKET,16,604.555,16,604.555,
2025-11-17 16:18:00+00:00,RISK_PASS,1c7aa0dc-4279-4191-94d8-0e4349746998,SELL,MARKET,16.0,604.59,0,0.0,All risk checks passed
2025-11-17 16:18:00+00:00,FILLED,1c7aa0dc-4279-4191-94d8-0e4349746998,SELL,MARKET,16.0,604.59,9,604.59,
2025-11-17 16:19:00+00:00,RISK_PASS,683a61b1-e6c0-4dc3-a516-664603531b3e,BUY,MARKET,9,604.48,0,0.0,All risk checks passed
2025-11-17 16:19:00+00:00,RISK_PASS,1d3e6d3f-f1ab-4517-b14d-f8bc2e1018aa,SELL,MARKET,7.0,604.48,0,0.0,All risk checks passed
2025-11-17 16:19:00+00:00,FILLED,683a61b1-e6c0-4dc3-a516-664603531b3e,BUY,MARKET,9,604.48,9,604.48,
2025-11-17 16:19:00+00:00,FILLED,1d3e6d3f-f1ab-4517-b14d-f8bc2e1018aa,SELL,MARKET,7.0,604.48,7.0,604.48,
2025-11-17 16:20:00+00:00,RISK_PASS,10d2c20c-e649-4154-a3e8-d28eb1e0cf16,SELL,MARKET,9.0,604.395,0,0.0,All risk checks passed
2025-11-17 16:20:00+00:00,FILLED,10d2c20c-e649-4154-a3e8-d28eb1e0cf16,SELL,MARKET,9.0,604.395,9.0,604.395,
2025-11-17 16:21:00+00:00,RISK_PASS,8e25380b-17bd-46ff-b409-848d255be7a7,BUY,MARKET,16,603.695,0,0.0,All risk checks passed
2025-11-17 16:21:00+00:00,FILLED,8e25380b-17bd-46ff-b409-848d255be7a7,BUY,MARKET,16,603.695,9,603.695,
2025-11-17 16:22:00+00:00,RISK_PASS,c041e973-5a70-4983-8a0d-4a03a84d1044,BUY,MARKET,7,603.7925,0,0.0,All risk checks passed
2025-11-17 16:22:00+00:00,RISK_PASS,ae9c08f9-e9d6-4d97-a8a1-ba1139e47d38,SELL,MARKET,9.0,603.7925,0,0.0,All risk checks passed
2025-11-17 16:22:00+00:00,FILLED,c041e973-5a70-4983-8a0d-4a03a84d1044,BUY,MARKET,7,603.7925,7,603.7925,
2025-11-17 16:22:00+00:00,FILLED,ae9c08f9-e9d6-4d97-a8a1-ba1139e47d38,SELL,MARKET,9.0,603.7925,9.0,603.7925,
2025-11-17 16:23:00+00:00,RISK_PASS,a42d4ac7-04db-45bf-bec9-fb2f5be83fdc,SELL,MARKET,7.0,604.44,0,0.0,All risk checks passed
2025-11-17 16:23:00+00:00,FILLED,a42d4ac7-04db-45bf-bec9-fb2f5be83fdc,SELL,MARKET,7.0,604.44,7.0,604.44,
2025-11-17 16:35:00+00:00,RISK_PASS,0403c9b8-5a93-41bd-8177-426606e92399,BUY,MARKET,13,607.2,0,0.0,All risk checks passed
2025-11-17 16:35:00+00:00,FILLED,0403c9b8-5a93-41bd-8177-426606e92399,BUY,MARKET,13,607.2,13,607.2,
2025-11-17 16:36:00+00:00,RISK_PASS,514ef5c2-6e63-43f7-ae25-284437bed25f,SELL,MARKET,13.0,606.875,0,0.0,All risk checks passed
2025-11-17 16:36:00+00:00,FILLED,514ef5c2-6e63-43f7-ae25-284437bed25f,SELL,MARKET,13.0,606.875,13.0,606.875,
2025-11-17 16:37:00+00:00,RISK_PASS,87f15a08-78d8-467f-8447-7292751c85d9,BUY,MARKET,13,607.2996,0,0.0,All risk checks passed
2025-11-17 16:37:00+00:00,FILLED,87f15a08-78d8-467f-8447-7292751c85d9,BUY,MARKET,13,607.2996,13,607.2996,
2025-11-17 16:47:00+00:00,RISK_PASS,c118048e-192a-407b-9a13-235c95aa3504,SELL,MARKET,13.0,607.905,0,0.0,All risk checks passed
2025-11-17 16:47:00+00:00,FILLED,c118048e-192a-407b-9a13-235c95aa3504,SELL,MARKET,13.0,607.905,13.0,607.905,
2025-11-17 16:48:00+00:00,RISK_PASS,3f235789-c178-4f1e-940c-e124ea4f6436,BUY,MARKET,13,608.2986,0,0.0,All risk checks passed
2025-11-17 16:48:00+00:00,FILLED,3f235789-c178-4f1e-940c-e124ea4f6436,BUY,MARKET,13,608.2986,13,608.2986,
2025-11-17 16:50:00+00:00,RISK_PASS,c2122da5-e941-490e-8136-e4427d849df4,SELL,MARKET,13.0,608.5825,0,0.0,All risk checks passed
2025-11-17 16:50:00+00:00,FILLED,c2122da5-e941-490e-8136-e4427d849df4,SELL,MARKET,13.0,608.5825,13.0,608.5825,
2025-11-17 16:51:00+00:00,RISK_PASS,c79f8964-73e9-45c1-bfbc-054201c863de,BUY,MARKET,13,608.39,0,0.0,All risk checks passed
2025-11-17 16:51:00+00:00,FILLED,c79f8964-73e9-45c1-bfbc-054201c863de,BUY,MARKET,13,608.39,13,608.39,
2025-11-17 16:52:00+00:00,RISK_PASS,6049cb77-e7e8-4c1f-bf23-b74a330e1f3f,SELL,MARKET,13.0,608.5,0,0.0,All risk checks passed
2025-11-17 16:52:00+00:00,FILLED,6049cb77-e7e8-4c1f-bf23-b74a330e1f3f,SELL,MARKET,13.0,608.5,13.0,608.5,
2025-11-17 16:53:00+00:00,RISK_PASS,a6f354eb-16ea-4fa9-9907-c4cbe1adb48b,BUY,MARKET,13,608.41,0,0.0,All risk checks passed
2025-11-17 16:53:00+00:00,FILLED,a6f354eb-16ea-4fa9-9907-c4cbe1adb48b,BUY,MARKET,13,608.41,13,608.41,
2025-11-17 16:54:00+00:00,RISK_PASS,6ba69354-8f9e-4af6-aedb-d82f21f0e1b3,SELL,MARKET,13.0,608.385,0,0.0,All risk checks passed
2025-11-17 16:54:00+00:00,FILLED,6ba69354-8f9e-4af6-aedb-d82f21f0e1b3,SELL,MARKET,13.0,608.385,13.0,608.385,
2025-11-17 16:55:00+00:00,RISK_PASS,a1f2a216-99cc-4557-b5e6-dd31e86fafaf,BUY,MARKET,13,608.43,0,0.0,All risk checks passed
2025-11-17 16:55:00+00:00,FILLED,a1f2a216-99cc-4557-b5e6-dd31e86fafaf,BUY,MARKET,13,608.43,13,608.43,
2025-11-17 16:56:00+00:00,RISK_PASS,c1ffe4fb-3e4b-4cda-a84a-9309aba47481,SELL,MARKET,13.0,608.66,0,0.0,All risk checks passed
2025-11-17 16:56:00+00:00,FILLED,c1ffe4fb-3e4b-4cda-a84a-9309aba47481,SELL,MARKET,13.0,608.66,13.0,608.66,
2025-11-17 16:57:00+00:00,RISK_PASS,296407e2-21f7-4800-9ea7-337bdad21736,BUY,MARKET,13,608.65,0,0.0,All risk checks passed
2025-11-17 16:57:00+00:00,FILLED,296407e2-21f7-4800-9ea7-337bdad21736,BUY,MARKET,13,608.65,13,608.65,
2025-11-17 17:06:00+00:00,RISK_PASS,7ff8648b-ae4c-4a69-8ad9-a48fc5e69af2,BUY,MARKET,6,607.445,0,0.0,All risk checks passed
2025-11-17 17:06:00+00:00,FILLED,7ff8648b-ae4c-4a69-8ad9-a48fc5e69af2,BUY,MARKET,6,607.445,6,607.445,
2025-11-17 17:13:00+00:00,RISK_PASS,f1e72142-d625-4e2a-9138-80b62d23e600,SELL,MARKET,19.0,606.67,0,0.0,All risk checks passed
2025-11-17 17:13:00+00:00,FILLED,f1e72142-d625-4e2a-9138-80b62d23e600,SELL,MARKET,19.0,606.67,14,606.67,
2025-11-17 17:14:00+00:00,RISK_PASS,53e6d3e2-bb16-489d-ae05-2a074c627ffb,BUY,MARKET,11,606.332,0,0.0,All risk checks passed
2025-11-17 17:14:00+00:00,RISK_PASS,51be1d40-c1fd-4ff5-b14d-6658a3bf6700,SELL,MARKET,5.0,606.332,0,0.0,All risk checks passed
2025-11-17 17:14:00+00:00,REJECTED,53e6d3e2-bb16-489d-ae05-2a074c627ffb,BUY,MARKET,11,606.332,0,0.0,Random engine rejection
2025-11-17 17:14:00+00:00,FILLED,51be1d40-c1fd-4ff5-b14d-6658a3bf6700,SELL,MARKET,5.0,606.332,5.0,606.332,
2025-11-17 17:15:00+00:00,RISK_PASS,805c1c4d-c059-47a9-8314-6331b2af3ff5,BUY,MARKET,16,606.4,0,0.0,All risk checks passed
2025-11-17 17:15:00+00:00,FILLED,805c1c4d-c059-47a9-8314-6331b2af3ff5,BUY,MARKET,16,606.4,16,606.4,
2025-11-17 17:16:00+00:00,RISK_PASS,30f88be5-68c4-4cf4-8d64-3772b98702a6,SELL,MARKET,16.0,606.595,0,0.0,All risk checks passed
2025-11-17 17:16:00+00:00,FILLED,30f88be5-68c4-4cf4-8d64-3772b98702a6,SELL,MARKET,16.0,606.595,16.0,606.595,
2025-11-17 17:17:00+00:00,RISK_PASS,c2afff68-fac7-477a-a672-19c93cd831e8,BUY,MARKET,16,606.315,0,0.0,All risk checks passed
2025-11-17 17:17:00+00:00,FILLED,c2afff68-fac7-477a-a672-19c93cd831e8,BUY,MARKET,16,606.315,16,606.315,
2025-11-17 17:18:00+00:00,RISK_PASS,55416de8-c3d6-4571-8464-60c16c2a0845,SELL,MARKET,16.0,606.215,0,0.0,All risk checks passed
2025-11-17 17:18:00+00:00,FILLED,55416de8-c3d6-4571-8464-60c16c2a0845,SELL,MARKET,16.0,606.215,16.0,606.215,
2025-11-17 17:19:00+00:00,RISK_PASS,348568c8-64aa-43ff-b805-3a364e86a001,BUY,MARKET,16,606.2701,0,0.0,All risk checks passed
2025-11-17 17:19:00+00:00,FILLED,348568c8-64aa-43ff-b805-3a364e86a001,BUY,MARKET,16,606.2701,16,606.2701,
2025-11-17 17:20:00+00:00,RISK_PASS,02cd1aae-e94b-4439-af30-7492291988ac,SELL,MARKET,16.0,606.6023,0,0.0,All risk checks passed
2025-11-17 17:20:00+00:00,FILLED,02cd1aae-e94b-4439-af30-7492291988ac,SELL,MARKET,16.0,606.6023,16.0,606.6023,
2025-11-17 17:43:00+00:00,RISK_PASS,3310a83c-348e-43c5-8a40-2f00467fff19,BUY,MARKET,16,605.1184,0,0.0,All risk checks passed
2025-11-17 17:43:00+00:00,FILLED,3310a83c-348e-43c5-8a40-2f00467fff19,BUY,MARKET,16,605.1184,16,605.1184,
2025-11-17 17:44:00+00:00,RISK_PASS,1da5c1e4-db71-4385-8bb3-3e8fb8523d71,SELL,MARKET,16.0,604.8244,0,0.0,All risk checks passed
2025-11-17 17:44:00+00:00,FILLED,1da5c1e4-db71-4385-8bb3-3e8fb8523d71,SELL,MARKET,16.0,604.8244,16.0,604.8244,
2025-11-17 17:45:00+00:00,RISK_PASS,9c27d1f9-bd91-44fb-83f6-16a30eee6c7c,BUY,MARKET,16,604.265,0,0.0,All risk checks passed
2025-11-17 17:45:00+00:00,FILLED,9c27d1f9-bd91-44fb-83f6-16a30eee6c7c,BUY,MARKET,16,604.265,16,604.265,
2025-11-17 17:46:00+00:00,RISK_PASS,fd9c9eed-5c49-4029-8c8c-d2dbf3608554,SELL,MARKET,16.0,604.44,0,0.0,All risk checks passed
2025-11-17 17:46:00+00:00,FILLED,fd9c9eed-5c49-4029-8c8c-d2dbf3608554,SELL,MARKET,16.0,604.44,16.0,604.44,
2025-11-17 17:47:00+00:00,RISK_PASS,1215960d-74b0-4ab1-a1a5-7d70756f475a,BUY,MARKET,16,604.63,0,0.0,All risk checks passed
2025-11-17 17:47:00+00:00,FILLED,1215960d-74b0-4ab1-a1a5-7d70756f475a,BUY,MARKET,16,604.63,16,604.63,
2025-11-17 17:48:00+00:00,RISK_PASS,a0c8d4c4-6c4d-469d-bbac-03c318d58c11,SELL,MARKET,16.0,604.47,0,0.0,All risk checks passed
2025-11-17 17:48:00+00:00,FILLED,a0c8d4c4-6c4d-469d-bbac-03c318d58c11,SELL,MARKET,16.0,604.47,16.0,604.47,
2025-11-17 17:49:00+00:00,RISK_PASS,9c9e1372-1df2-457d-9030-5cb8ad6b6adb,BUY,MARKET,16,605.03,0,0.0,All risk checks passed
2025-11-17 17:49:00+00:00,FILLED,9c9e1372-1df2-457d-9030-5cb8ad6b6adb,BUY,MARKET,16,605.03,16,605.03,
2025-11-17 17:50:00+00:00,RISK_PASS,123d8150-86ac-4044-b4ac-04a813d95a8e,SELL,MARKET,16.0,604.52,0,0.0,All risk checks passed
2025-11-17 17:50:00+00:00,FILLED,123d8150-86ac-4044-b4ac-04a813d95a8e,SELL,MARKET,16.0,604.52,16.0,604.52,
2025-11-17 17:51:00+00:00,RISK_PASS,bbbfe3c6-36da-4900-9c7a-3aeb9bebd0cc,BUY,MARKET,16,604.22,0,0.0,All risk checks passed
2025-11-17 17:51:00+00:00,FILLED,bbbfe3c6-36da-4900-9c7a-3aeb9bebd0cc,BUY,MARKET,16,604.22,16,604.22,
2025-11-17 17:52:00+00:00,RISK_PASS,daffa291-30d5-40a6-86bb-922c367eb3c3,SELL,MARKET,16.0,604.1901,0,0.0,All risk checks passed
2025-11-17 17:52:00+00:00,REJECTED,daffa291-30d5-40a6-86bb-922c367eb3c3,SELL,MARKET,16.0,604.1901,0,0.0,Random engine rejection
2025-11-17 17:53:00+00:00,RISK_PASS,f1f80d30-56ee-4dae-90b9-affa7bc101fb,SELL,MARKET,16.0,604.36,0,0.0,All risk checks passed
2025-11-17 17:53:00+00:00,FILLED,f1f80d30-56ee-4dae-90b9-affa7bc101fb,SELL,MARKET,16.0,604.36,16.0,604.36,
2025-11-17 18:03:00+00:00,RISK_PASS,d9ea7494-e460-43cd-a41f-702e59b72602,BUY,MARKET,16,603.08,0,0.0,All risk checks passed
2025-11-17 18:03:00+00:00,FILLED,d9ea7494-e460-43cd-a41f-702e59b72602,BUY,MARKET,16,603.08,16,603.08,
2025-11-17 18:04:00+00:00,RISK_PASS,691b0105-41e5-4730-a460-f1ba7fed8bb4,SELL,MARKET,16.0,603.14,0,0.0,All risk checks passed
2025-11-17 18:04:00+00:00,FILLED,691b0105-41e5-4730-a460-f1ba7fed8bb4,SELL,MARKET,16.0,603.14,16.0,603.14,
2025-11-17 18:23:00+00:00,RISK_PASS,092e51f4-48c5-4c38-b857-a446b1dff620,BUY,MARKET,13,604.85,0,0.0,All risk checks passed
2025-11-17 18:23:00+00:00,FILLED,092e51f4-48c5-4c38-b857-a446b1dff620,BUY,MARKET,13,604.85,13,604.85,
2025-11-17 18:34:00+00:00,RISK_PASS,ba01cb48-98fc-4323-84d6-eb40dc37e442,BUY,MARKET,6,603.98,0,0.0,All risk checks passed
2025-11-17 18:34:00+00:00,FILLED,ba01cb48-98fc-4323-84d6-eb40dc37e442,BUY,MARKET,6,603.98,6,603.98,
2025-11-17 18:40:00+00:00,RISK_PASS,2ce22564-82ca-4e58-baa0-c37004f586b3,SELL,MARKET,19.0,604.04,0,0.0,All risk checks passed
2025-11-17 18:40:00+00:00,FILLED,2ce22564-82ca-4e58-baa0-c37004f586b3,SELL,MARKET,19.0,604.04,19.0,604.04,
2025-11-17 18:41:00+00:00,RISK_PASS,5152077d-0b65-4b79-a943-43f5fc74c238,BUY,MARKET,13,604.62,0,0.0,All risk checks passed
2025-11-17 18:41:00+00:00,FILLED,5152077d-0b65-4b79-a943-43f5fc74c238,BUY,MARKET,13,604.62,13,604.62,
2025-11-17 18:45:00+00:00,RISK_PASS,5c322bc2-f83f-4138-9646-73bc51b09591,SELL,MARKET,13.0,605.615,0,0.0,All risk checks passed
2025-11-17 18:45:00+00:00,FILLED,5c322bc2-f83f-4138-9646-73bc51b09591,SELL,MARKET,13.0,605.615,13.0,605.615,
2025-11-17 18:46:00+00:00,RISK_PASS,c2022f00-36d8-415d-ac13-7831aab6d5ec,BUY,MARKET,13,606.18,0,0.0,All risk checks passed
2025-11-17 18:46:00+00:00,FILLED,c2022f00-36d8-415d-ac13-7831aab6d5ec,BUY,MARKET,13,606.18,13,606.18,
2025-11-17 18:47:00+00:00,RISK_PASS,a8f3dab2-eb6e-4fc6-b0a8-6c4936d0f636,SELL,MARKET,13.0,605.99,0,0.0,All risk checks passed
2025-11-17 18:47:00+00:00,FILLED,a8f3dab2-eb6e-4fc6-b0a8-6c4936d0f636,SELL,MARKET,13.0,605.99,13.0,605.99,
2025-11-17 18:48:00+00:00,RISK_PASS,81071d93-a4ed-4a4e-9526-39dec316224d,BUY,MARKET,13,606.06,0,0.0,All risk checks passed
2025-11-17 18:48:00+00:00,FILLED,81071d93-a4ed-4a4e-9526-39dec316224d,BUY,MARKET,13,606.06,13,606.06,
2025-11-17 18:56:00+00:00,RISK_PASS,40e7c855-87df-4409-b08c-22468a7f8715,BUY,MARKET,6,602.745,0,0.0,All risk checks passed
2025-11-17 18:56:00+00:00,FILLED,40e7c855-87df-4409-b08c-22468a7f8715,BUY,MARKET,6,602.745,4,602.745,
2025-11-17 18:57:00+00:00,RISK_PASS,eb6193e9-99fa-439a-83ce-b7ecebf8c015,SELL,MARKET,17.0,601.8745,0,0.0,All risk checks passed
2025-11-17 18:57:00+00:00,FILLED,eb6193e9-99fa-439a-83ce-b7ecebf8c015,SELL,MARKET,17.0,601.8745,17.0,601.8745,
2025-11-17 18:58:00+00:00,RISK_PASS,0906a9bf-79ac-4475-bcee-3ddf86625e5f,BUY,MARKET,16,600.97,0,0.0,All risk checks passed
2025-11-17 18:58:00+00:00,FILLED,0906a9bf-79ac-4475-bcee-3ddf86625e5f,BUY,MARKET,16,600.97,16,600.97,
2025-11-17 18:59:00+00:00,RISK_PASS,a994bfb9-8f4f-48f8-ac39-e656274a0142,SELL,MARKET,16.0,601.07,0,0.0,All risk checks passed
2025-11-17 18:59:00+00:00,FILLED,a994bfb9-8f4f-48f8-ac39-e656274a0142,SELL,MARKET,16.0,601.07,16.0,601.07,
2025-11-17 19:00:00+00:00,RISK_PASS,b9082175-8706-4051-b2d4-1ad023584c1f,BUY,MARKET,16,601.41,0,0.0,All risk checks passed
2025-11-17 19:00:00+00:00,FILLED,b9082175-8706-4051-b2d4-1ad023584c1f,BUY,MARKET,16,601.41,16,601.41,
2025-11-17 19:01:00+00:00,RISK_PASS,e32cbf99-3bd9-434f-9717-56fc0bb24e25,SELL,MARKET,16.0,601.01,0,0.0,All risk checks passed
2025-11-17 19:01:00+00:00,REJECTED,e32cbf99-3bd9-434f-9717-56fc0bb24e25,SELL,MARKET,16.0,601.01,0,0.0,Random engine rejection
2025-11-17 19:02:00+00:00,RISK_PASS,13af536d-f37e-4689-a575-66a14cd189e5,SELL,MARKET,16.0,600.9856,0,0.0,All risk checks passed
2025-11-17 19:02:00+00:00,FILLED,13af536d-f37e-4689-a575-66a14cd189e5,SELL,MARKET,16.0,600.9856,16.0,600.9856,
2025-11-17 19:03:00+00:00,RISK_PASS,479af5ab-4196-418d-a0ae-f74229b7ffe9,BUY,MARKET,16,600.47,0,0.0,All risk checks passed
2025-11-17 19:03:00+00:00,FILLED,479af5ab-4196-418d-a0ae-f74229b7ffe9,BUY,MARKET,16,600.47,16,600.47,
2025-11-17 19:04:00+00:00,RISK_PASS,fd64292e-40a5-4c92-86bc-03ee59225099,SELL,MARKET,16.0,600.97,0,0.0,All risk checks passed
2025-11-17 19:04:00+00:00,FILLED,fd64292e-40a5-4c92-86bc-03ee59225099,SELL,MARKET,16.0,600.97,16.0,600.97,
2025-11-17 19:05:00+00:00,RISK_PASS,6b0bc4f6-a2d4-4b2a-bcc4-880824ea3a00,BUY,MARKET,16,601.11,0,0.0,All risk checks passed
2025-11-17 19:05:00+00:00,FILLED,6b0bc4f6-a2d4-4b2a-bcc4-880824ea3a00,BUY,MARKET,16,601.11,16,601.11,
2025-11-17 19:06:00+00:00,RISK_PASS,d20058dd-48dd-4da7-a1ea-33b95a57ddff,SELL,MARKET,16.0,601.52,0,0.0,All risk checks passed
2025-11-17 19:06:00+00:00,FILLED,d20058dd-48dd-4da7-a1ea-33b95a57ddff,SELL,MARKET,16.0,601.52,3,601.52,
2025-11-17 19:07:00+00:00,RISK_PASS,7321a331-acd1-4992-8517-9558836e408a,BUY,MARKET,3,601.495,0,0.0,All risk checks passed
2025-11-17 19:07:00+00:00,RISK_PASS,12aaa9de-1c2c-4492-b21c-8ff4acab475b,SELL,MARKET,13.0,601.495,0,0.0,All risk checks passed
2025-11-17 19:07:00+00:00,FILLED,7321a331-acd1-4992-8517-9558836e408a,BUY,MARKET,3,601.495,3,601.495,
2025-11-17 19:07:00+00:00,FILLED,12aaa9de-1c2c-4492-b21c-8ff4acab475b,SELL,MARKET,13.0,601.495,13.0,601.495,
2025-11-17 19:08:00+00:00,RISK_PASS,a4c791fa-f778-4889-9d2a-80034af5e988,SELL,MARKET,3.0,601.681,0,0.0,All risk checks passed
2025-11-17 19:08:00+00:00,FILLED,a4c791fa-f778-4889-9d2a-80034af5e988,SELL,MARKET,3.0,601.681,3.0,601.681,
2025-11-17 19:21:00+00:00,RISK_PASS,3063cc53-50e0-46c5-b882-03f3afe6e333,BUY,MARKET,16,600.261,0,0.0,All risk checks passed
2025-11-17 19:21:00+00:00,FILLED,3063cc53-50e0-46c5-b882-03f3afe6e333,BUY,MARKET,16,600.261,16,600.261,
2025-11-17 19:22:00+00:00,RISK_PASS,235fe617-12c0-49f7-acab-8e52596f18a3,SELL,MARKET,16.0,600.1,0,0.0,All risk checks passed
2025-11-17 19:22:00+00:00,REJECTED,235fe617-12c0-49f7-acab-8e52596f18a3,SELL,MARKET,16.0,600.1,0,0.0,Random engine rejection
2025-11-17 19:23:00+00:00,RISK_PASS,ed1d6c94-a32b-4cbe-80ba-2fb42c01c1d9,SELL,MARKET,16.0,600.29,0,0.0,All risk checks passed
2025-11-17 19:23:00+00:00,REJECTED,ed1d6c94-a32b-4cbe-80ba-2fb42c01c1d9,SELL,MARKET,16.0,600.29,0,0.0,Random engine rejection
2025-11-17 19:24:00+00:00,RISK_PASS,b99716b9-fce5-487f-a18e-a61324e35b58,SELL,MARKET,16.0,600.39,0,0.0,All risk checks passed
2025-11-17 19:24:00+00:00,FILLED,b99716b9-fce5-487f-a18e-a61324e35b58,SELL,MARKET,16.0,600.39,16.0,600.39,
2025-11-17 19:25:00+00:00,RISK_PASS,4c6f96c2-0375-4f62-95f8-c2a19cf469bd,BUY,MARKET,16,599.94,0,0.0,All risk checks passed
2025-11-17 19:25:00+00:00,FILLED,4c6f96c2-0375-4f62-95f8-c2a19cf469bd,BUY,MARKET,16,599.94,4,599.94,
2025-11-17 19:26:00+00:00,RISK_PASS,a5ab9f82-c05e-42d9-9262-7a7b7d3e6d43,BUY,MARKET,12,599.94,0,0.0,All risk checks passed
2025-11-17 19:26:00+00:00,RISK_PASS,ab60d72c-b5df-4624-bf85-9bd1d8fd4a46,SELL,MARKET,4.0,599.94,0,0.0,All risk checks passed
2025-11-17 19:26:00+00:00,FILLED,a5ab9f82-c05e-42d9-9262-7a7b7d3e6d43,BUY,MARKET,12,599.94,12,599.94,
2025-11-17 19:26:00+00:00,FILLED,ab60d72c-b5df-4624-bf85-9bd1d8fd4a46,SELL,MARKET,4.0,599.94,4.0,599.94,
2025-11-17 19:27:00+00:00,RISK_PASS,24c0a8b8-3336-4e15-8c4c-47b6f9d18a53,BUY,MARKET,4,599.365,0,0.0,All risk checks passed
2025-11-17 19:27:00+00:00,RISK_PASS,0f943fa5-1217-4523-a4ba-d2f3bd6dc191,SELL,MARKET,12.0,599.365,0,0.0,All risk checks passed
2025-11-17 19:27:00+00:00,FILLED,24c0a8b8-3336-4e15-8c4c-47b6f9d18a53,BUY,MARKET,4,599.365,4,599.365,
2025-11-17 19:27:00+00:00,FILLED,0f943fa5-1217-4523-a4ba-d2f3bd6dc191,SELL,MARKET,12.0,599.365,12.0,599.365,
2025-11-17 19:28:00+00:00,RISK_PASS,922baf82-6bd6-40d0-9d99-0d01e4b05a09,BUY,MARKET,12,599.5263,0,0.0,All risk checks passed
2025-11-17 19:28:00+00:00,RISK_PASS,c4733244-76b4-42d7-9b10-e18f877ea39c,SELL,MARKET,4.0,599.5263,0,0.0,All risk checks passed
2025-11-17 19:28:00+00:00,FILLED,922baf82-6bd6-40d0-9d99-0d01e4b05a09,BUY,MARKET,12,599.5263,3,599.5263,
2025-11-17 19:28:00+00:00,FILLED,c4733244-76b4-42d7-9b10-e18f877ea39c,SELL,MARKET,4.0,599.5263,4.0,599.5263,
2025-11-17 19:29:00+00:00,RISK_PASS,76819a3f-fd04-4ac5-963a-64809e43779e,SELL,MARKET,3.0,600.15,0,0.0,All risk checks passed
2025-11-17 19:29:00+00:00,FILLED,76819a3f-fd04-4ac5-963a-64809e43779e,SELL,MARKET,3.0,600.15,3.0,600.15,
2025-11-17 19:38:00+00:00,RISK_PASS,7bc61a37-f474-4b54-9c5d-0ac9b8229460,BUY,MARKET,16,598.85,0,0.0,All risk checks passed
2025-11-17 19:38:00+00:00,FILLED,7bc61a37-f474-4b54-9c5d-0ac9b8229460,BUY,MARKET,16,598.85,16,598.85,
2025-11-17 19:39:00+00:00,RISK_PASS,f0555f08-c151-449b-90e6-f5fc8005bceb,SELL,MARKET,16.0,598.61,0,0.0,All risk checks passed
2025-11-17 19:39:00+00:00,REJECTED,f0555f08-c151-449b-90e6-f5fc8005bceb,SELL,MARKET,16.0,598.61,0,0.0,Random engine rejection
2025-11-17 19:40:00+00:00,RISK_PASS,485847ad-d2b5-4dd5-86d4-1884a9062093,SELL,MARKET,16.0,598.8757,0,0.0,All risk checks passed
2025-11-17 19:40:00+00:00,FILLED,485847ad-d2b5-4dd5-86d4-1884a9062093,SELL,MARKET,16.0,598.8757,16.0,598.8757,
2025-11-17 19:43:00+00:00,RISK_PASS,79a771cb-eaf7-4cfc-b6b7-32c9e1d37982,BUY,MARKET,16,598.96,0,0.0,All risk checks passed
2025-11-17 19:43:00+00:00,FILLED,79a771cb-eaf7-4cfc-b6b7-32c9e1d37982,BUY,MARKET,16,598.96,5,598.96,
2025-11-17 19:44:00+00:00,RISK_PASS,e90b1c21-d327-4631-812d-a933ac9d10ab,SELL,MARKET,5.0,599.3488,0,0.0,All risk checks passed
2025-11-17 19:44:00+00:00,FILLED,e90b1c21-d327-4631-812d-a933ac9d10ab,SELL,MARKET,5.0,599.3488,5.0,599.3488,
2025-11-17 19:46:00+00:00,RISK_PASS,8a3b3212-affe-4888-8dd4-1a1808251d38,BUY,MARKET,16,598.2563,0,0.0,All risk checks passed
2025-11-17 19:46:00+00:00,FILLED,8a3b3212-affe-4888-8dd4-1a1808251d38,BUY,MARKET,16,598.2563,16,598.2563,
2025-11-17 19:47:00+00:00,RISK_PASS,948ccbf0-82ad-4098-a695-b1fd5a324b74,SELL,MARKET,16.0,597.75,0,0.0,All risk checks passed
2025-11-17 19:47:00+00:00,FILLED,948ccbf0-82ad-4098-a695-b1fd5a324b74,SELL,MARKET,16.0,597.75,16.0,597.75,
2025-11-17 19:57:00+00:00,RISK_PASS,22890f34-c14b-49a4-ad93-46d36a8ccb36,BUY,MARKET,16,596.9575,0,0.0,All risk checks passed
2025-11-17 19:57:00+00:00,FILLED,22890f34-c14b-49a4-ad93-46d36a8ccb36,BUY,MARKET,16,596.9575,16,596.9575,
2025-11-17 19:58:00+00:00,RISK_PASS,61340ea0-91d0-4aa9-af9c-e49867f4e3b0,SELL,MARKET,16.0,597.17,0,0.0,All risk checks passed
2025-11-17 19:58:00+00:00,FILLED,61340ea0-91d0-4aa9-af9c-e49867f4e3b0,SELL,MARKET,16.0,597.17,16.0,597.17,
2025-11-17 19:59:00+00:00,RISK_PASS,5ea192da-e4a4-4398-92c6-65cd05bd0fd0,BUY,MARKET,16,596.6263,0,0.0,All risk checks passed
2025-11-17 19:59:00+00:00,FILLED,5ea192da-e4a4-4398-92c6-65cd05bd0fd0,BUY,MARKET,16,596.6263,16,596.6263,
2025-11-17 20:00:00+00:00,RISK_PASS,b159a8e3-dc8c-4032-b964-c5ae4c7b5143,SELL,MARKET,16.0,596.84,0,0.0,All risk checks passed
2025-11-17 20:00:00+00:00,FILLED,b159a8e3-dc8c-4032-b964-c5ae4c7b5143,SELL,MARKET,16.0,596.84,16.0,596.84,
2025-11-17 20:02:00+00:00,RISK_PASS,6ebc0c36-7fcd-45c6-a88c-43fcad934541,BUY,MARKET,16,596.19,0,0.0,All risk checks passed
2025-11-17 20:02:00+00:00,FILLED,6ebc0c36-7fcd-45c6-a88c-43fcad934541,BUY,MARKET,16,596.19,16,596.19,
2025-11-17 20:03:00+00:00,RISK_PASS,98d98bd9-af50-4252-98bb-4761b7e6abf8,SELL,MARKET,16.0,596.12,0,0.0,All risk checks passed
2025-11-17 20:03:00+00:00,FILLED,98d98bd9-af50-4252-98bb-4761b7e6abf8,SELL,MARKET,16.0,596.12,8,596.12,
2025-11-17 20:04:00+00:00,RISK_PASS,2c2862c7-91ce-4bf4-80fd-90ceb1e62542,BUY,MARKET,8,596.29,0,0.0,All risk checks passed
2025-11-17 20:04:00+00:00,RISK_PASS,ad6a5de8-63bb-4451-b992-bab0ef8b4ec3,SELL,MARKET,8.0,596.29,0,0.0,All risk checks passed
2025-11-17 20:04:00+00:00,FILLED,2c2862c7-91ce-4bf4-80fd-90ceb1e62542,BUY,MARKET,8,596.29,8,596.29,
2025-11-17 20:04:00+00:00,FILLED,ad6a5de8-63bb-4451-b992-bab0ef8b4ec3,SELL,MARKET,8.0,596.29,8.0,596.29,
2025-11-17 20:05:00+00:00,RISK_PASS,ce90e76a-a60f-471a-9d57-e33d016f44aa,BUY,MARKET,8,596.77,0,0.0,All risk checks passed
2025-11-17 20:05:00+00:00,RISK_PASS,42e25b94-7ac7-49e5-bb92-1af8cb0c5fa3,SELL,MARKET,8.0,596.77,0,0.0,All risk checks passed
2025-11-17 20:05:00+00:00,FILLED,ce90e76a-a60f-471a-9d57-e33d016f44aa,BUY,MARKET,8,596.77,8,596.77,
2025-11-17 20:05:00+00:00,FILLED,42e25b94-7ac7-49e5-bb92-1af8cb0c5fa3,SELL,MARKET,8.0,596.77,8.0,596.77,
2025-11-17 20:06:00+00:00,RISK_PASS,65750acd-f521-4c6c-a8f9-e15e10d1d661,BUY,MARKET,8,596.4,0,0.0,All risk checks passed
2025-11-17 20:06:00+00:00,RISK_PASS,0ae06518-d60a-41c8-b7e5-19b77e8c2a3d,SELL,MARKET,8.0,596.4,0,0.0,All risk checks passed
2025-11-17 20:06:00+00:00,FILLED,65750acd-f521-4c6c-a8f9-e15e10d1d661,BUY,MARKET,8,596.4,5,596.4,
2025-11-17 20:06:00+00:00,FILLED,0ae06518-d60a-41c8-b7e5-19b77e8c2a3d,SELL,MARKET,8.0,596.4,8.0,596.4,
2025-11-17 20:07:00+00:00,RISK_PASS,783c41ae-0548-4a32-a03e-b61138a0442a,BUY,MARKET,11,596.095,0,0.0,All risk checks passed
2025-11-17 20:07:00+00:00,RISK_PASS,1dc0c79f-4e18-49dc-898b-72977666ac15,SELL,MARKET,5.0,596.095,0,0.0,All risk checks passed
2025-11-17 20:07:00+00:00,FILLED,783c41ae-0548-4a32-a03e-b61138a0442a,BUY,MARKET,11,596.095,11,596.095,
2025-11-17 20:07:00+00:00,FILLED,1dc0c79f-4e18-49dc-898b-72977666ac15,SELL,MARKET,5.0,596.095,5.0,596.095,
2025-11-17 20:08:00+00:00,RISK_PASS,838e37ec-5fc0-439c-b0dd-abec8d1f7bc1,BUY,MARKET,5,595.86,0,0.0,All risk checks passed
2025-11-17 20:08:00+00:00,RISK_PASS,716c7592-c555-42aa-a65e-673baef019f6,SELL,MARKET,11.0,595.86,0,0.0,All risk checks passed
2025-11-17 20:08:00+00:00,FILLED,838e37ec-5fc0-439c-b0dd-abec8d1f7bc1,BUY,MARKET,5,595.86,5,595.86,
2025-11-17 20:08:00+00:00,REJECTED,716c7592-c555-42aa-a65e-673baef019f6,SELL,MARKET,11.0,595.86,0,0.0,Random engine rejection
2025-11-17 20:09:00+00:00,RISK_PASS,4887ebe2-ba6a-4f35-b01c-13a89fb20735,SELL,MARKET,16.0,595.965,0,0.0,All risk checks passed
2025-11-17 20:09:00+00:00,FILLED,4887ebe2-ba6a-4f35-b01c-13a89fb20735,SELL,MARKET,16.0,595.965,16.0,595.965,
2025-11-17 20:31:00+00:00,RISK_PASS,8c6075f1-cb66-42b2-aaa8-f9a9155167bb,BUY,MARKET,13,597.31,0,0.0,All risk checks passed
2025-11-17 20:31:00+00:00,FILLED,8c6075f1-cb66-42b2-aaa8-f9a9155167bb,BUY,MARKET,13,597.31,13,597.31,
2025-11-17 20:37:00+00:00,RISK_PASS,ae34ceab-7106-489b-9aef-7e7c97fa4411,SELL,MARKET,13.0,596.63,0,0.0,All risk checks passed
2025-11-17 20:37:00+00:00,FILLED,ae34ceab-7106-489b-9aef-7e7c97fa4411,SELL,MARKET,13.0,596.63,13.0,596.63,
2025-11-17 20:44:00+00:00,RISK_PASS,8fd6a779-e33a-4dc6-b335-97c1b908e6ea,BUY,MARKET,13,597.61,0,0.0,All risk checks passed
2025-11-17 20:44:00+00:00,FILLED,8fd6a779-e33a-4dc6-b335-97c1b908e6ea,BUY,MARKET,13,597.61,6,597.61,
2025-11-17 20:45:00+00:00,RISK_PASS,18710884-cc6f-4828-bd32-837439fa854c,BUY,MARKET,7,598.005,0,0.0,All risk checks passed
2025-11-17 20:45:00+00:00,FILLED,18710884-cc6f-4828-bd32-837439fa854c,BUY,MARKET,7,598.005,7,598.005,
2025-11-17 20:48:00+00:00,RISK_PASS,ded681b7-0bc1-4022-94f2-941722c02dd8,SELL,MARKET,13.0,599.16,0,0.0,All risk checks passed
2025-11-17 20:48:00+00:00,FILLED,ded681b7-0bc1-4022-94f2-941722c02dd8,SELL,MARKET,13.0,599.16,13.0,599.16,
2025-11-17 20:49:00+00:00,RISK_PASS,878dbb04-a58b-4d54-9c59-f7360e82df03,BUY,MARKET,13,599.67,0,0.0,All risk checks passed
2025-11-17 20:49:00+00:00,FILLED,878dbb04-a58b-4d54-9c59-f7360e82df03,BUY,MARKET,13,599.67,13,599.67,
2025-11-17 20:50:00+00:00,RISK_PASS,14823dad-da00-49dc-a232-506bd8bd6f38,SELL,MARKET,13.0,600.435,0,0.0,All risk checks passed
2025-11-17 20:50:00+00:00,FILLED,14823dad-da00-49dc-a232-506bd8bd6f38,SELL,MARKET,13.0,600.435,13.0,600.435,
2025-11-17 20:51:00+00:00,RISK_PASS,cad85d28-63ae-4b83-bbfd-a5819125f03c,BUY,MARKET,13,599.48,0,0.0,All risk checks passed
2025-11-17 20:51:00+00:00,FILLED,cad85d28-63ae-4b83-bbfd-a5819125f03c,BUY,MARKET,13,599.48,13,599.48,
2025-11-17 20:52:00+00:00,RISK_PASS,7f71c85d-ceea-4173-8c6b-3cc0f6c6e9de,SELL,MARKET,13.0,599.7,0,0.0,All risk checks passed
2025-11-17 20:52:00+00:00,FILLED,7f71c85d-ceea-4173-8c6b-3cc0f6c6e9de,SELL,MARKET,13.0,599.7,13.0,599.7,
2025-11-17 20:53:00+00:00,RISK_PASS,a2798ee8-447b-4186-8dd2-d534b343a7ee,BUY,MARKET,13,599.34,0,0.0,All risk checks passed
2025-11-17 20:53:00+00:00,REJECTED,a2798ee8-447b-4186-8dd2-d534b343a7ee,BUY,MARKET,13,599.34,0,0.0,Random engine rejection
2025-11-17 20:54:00+00:00,RISK_PASS,9ab14f7c-cc7d-4299-82e0-3530f38b3e22,BUY,MARKET,13,599.26,0,0.0,All risk checks passed
2025-11-17 20:54:00+00:00,FILLED,9ab14f7c-cc7d-4299-82e0-3530f38b3e22,BUY,MARKET,13,599.26,13,599.26,
2025-11-17 20:55:00+00:00,RISK_PASS,97204e0d-8b23-4140-9ffb-283799904546,SELL,MARKET,13.0,600.84,0,0.0,All risk checks passed
2025-11-17 20:55:00+00:00,FILLED,97204e0d-8b23-4140-9ffb-283799904546,SELL,MARKET,13.0,600.84,13.0,600.84,
2025-11-17 20:56:00+00:00,RISK_PASS,f98696ac-4f20-4a76-a40e-2b880da0e175,BUY,MARKET,13,600.74,0,0.0,All risk checks passed
2025-11-17 20:56:00+00:00,FILLED,f98696ac-4f20-4a76-a40e-2b880da0e175,BUY,MARKET,13,600.74,13,600.74,
2025-11-17 20:57:00+00:00,RISK_PASS,00b60abb-7905-4fcf-aa21-df25acf43918,SELL,MARKET,13.0,600.99,0,0.0,All risk checks passed
2025-11-17 20:57:00+00:00,FILLED,00b60abb-7905-4fcf-aa21-df25acf43918,SELL,MARKET,13.0,600.99,13.0,600.99,
2025-11-17 20:58:00+00:00,RISK_PASS,8b83ca25-1d62-48b3-bc2f-5e3ab307727a,BUY,MARKET,13,601.87,0,0.0,All risk checks passed
2025-11-17 20:58:00+00:00,FILLED,8b83ca25-1d62-48b3-bc2f-5e3ab307727a,BUY,MARKET,13,601.87,13,601.87,
2025-11-17 20:59:00+00:00,RISK_PASS,eb49011e-b00c-4bf7-b0aa-24543be4ae23,SELL,MARKET,13.0,601.91,0,0.0,All risk checks passed
2025-11-17 20:59:00+00:00,FILLED,eb49011e-b00c-4bf7-b0aa-24543be4ae23,SELL,MARKET,13.0,601.91,13.0,601.91,
2025-11-17 21:00:00+00:00,RISK_PASS,013f366c-26c2-4c69-8392-97615b5c55da,BUY,MARKET,13,602.06,0,0.0,All risk checks passed
2025-11-17 21:00:00+00:00,FILLED,013f366c-26c2-4c69-8392-97615b5c55da,BUY,MARKET,13,602.06,13,602.06,
2025-11-17 21:01:00+00:00,RISK_PASS,2e8fcf6b-1133-4818-991e-cab99ba29bfa,SELL,MARKET,13.0,602.0575,0,0.0,All risk checks passed
2025-11-17 21:01:00+00:00,FILLED,2e8fcf6b-1133-4818-991e-cab99ba29bfa,SELL,MARKET,13.0,602.0575,13.0,602.0575,
2025-11-17 21:02:00+00:00,RISK_PASS,5e150ea6-fecc-40dd-975c-a03fa3c1264b,BUY,MARKET,13,602.08,0,0.0,All risk checks passed
2025-11-17 21:02:00+00:00,FILLED,5e150ea6-fecc-40dd-975c-a03fa3c1264b,BUY,MARKET,13,602.08,13,602.08,
2025-11-17 21:03:00+00:00,RISK_PASS,10a07a96-a896-419f-916f-194464c9519b,BUY,MARKET,6,602.14,0,0.0,All risk checks passed
2025-11-17 21:03:00+00:00,RISK_PASS,35195475-01bf-4492-8b0c-5165ef38947e,SELL,MARKET,13.0,602.14,0,0.0,All risk checks passed
2025-11-17 21:03:00+00:00,FILLED,10a07a96-a896-419f-916f-194464c9519b,BUY,MARKET,6,602.14,6,602.14,
2025-11-17 21:03:00+00:00,FILLED,35195475-01bf-4492-8b0c-5165ef38947e,SELL,MARKET,13.0,602.14,13.0,602.14,
2025-11-17 21:04:00+00:00,RISK_PASS,ea68ee2f-818e-4604-a2a5-018f847a928b,BUY,MARKET,13,602.32,0,0.0,All risk checks passed
2025-11-17 21:04:00+00:00,FILLED,ea68ee2f-818e-4604-a2a5-018f847a928b,BUY,MARKET,13,602.32,13,602.32,
2025-11-17 21:05:00+00:00,RISK_PASS,53f16990-8348-40ff-8cbd-1c14e92192bb,SELL,MARKET,19.0,602.01,0,0.0,All risk checks passed
2025-11-17 21:05:00+00:00,FILLED,53f16990-8348-40ff-8cbd-1c14e92192bb,SELL,MARKET,19.0,602.01,19.0,602.01,
2025-11-17 21:06:00+00:00,RISK_PASS,470e116a-a252-4aac-b1c0-070a08fbad2d,BUY,MARKET,13,602.1,0,0.0,All risk checks passed
2025-11-17 21:06:00+00:00,FILLED,470e116a-a252-4aac-b1c0-070a08fbad2d,BUY,MARKET,13,602.1,13,602.1,
2025-11-17 21:07:00+00:00,RISK_PASS,881a23d8-e8b0-4468-bf9e-3ee4b29ba98c,SELL,MARKET,13.0,601.63,0,0.0,All risk checks passed
2025-11-17 21:07:00+00:00,FILLED,881a23d8-e8b0-4468-bf9e-3ee4b29ba98c,SELL,MARKET,13.0,601.63,13.0,601.63,
2025-11-17 21:08:00+00:00,RISK_PASS,33fb44a7-d28d-4adc-a04c-d773e2932018,BUY,MARKET,13,601.5,0,0.0,All risk checks passed
2025-11-17 21:08:00+00:00,FILLED,33fb44a7-d28d-4adc-a04c-d773e2932018,BUY,MARKET,13,601.5,13,601.5,
2025-11-17 21:35:00+00:00,RISK_PASS,ce3fe9b8-1347-4444-b8e6-6c8ed6ae31a5,SELL,MARKET,13.0,601.0,0,0.0,All risk checks passed
2025-11-17 21:35:00+00:00,FILLED,ce3fe9b8-1347-4444-b8e6-6c8ed6ae31a5,SELL,MARKET,13.0,601.0,13.0,601.0,
2025-11-17 21:36:00+00:00,RISK_PASS,5b1d2eed-7e78-4fec-8f60-8da6d81ddba4,BUY,MARKET,16,600.76,0,0.0,All risk checks passed
2025-11-17 21:36:00+00:00,FILLED,5b1d2eed-7e78-4fec-8f60-8da6d81ddba4,BUY,MARKET,16,600.76,2,600.76,
2025-11-17 21:37:00+00:00,RISK_PASS,9aa210b2-7df8-43fd-853e-34e010030a15,BUY,MARKET,14,600.9,0,0.0,All risk checks passed
2025-11-17 21:37:00+00:00,RISK_PASS,f129e584-6edf-41a9-a412-1a94724e5fca,SELL,MARKET,2.0,600.9,0,0.0,All risk checks passed
2025-11-17 21:37:00+00:00,FILLED,9aa210b2-7df8-43fd-853e-34e010030a15,BUY,MARKET,14,600.9,14,600.9,
2025-11-17 21:37:00+00:00,FILLED,f129e584-6edf-41a9-a412-1a94724e5fca,SELL,MARKET,2.0,600.9,1,600.9,
2025-11-17 21:38:00+00:00,RISK_PASS,62f38fdf-e93f-4920-9991-4b6ea77c78ba,SELL,MARKET,15.0,601.125,0,0.0,All risk checks passed
2025-11-17 21:38:00+00:00,FILLED,62f38fdf-e93f-4920-9991-4b6ea77c78ba,SELL,MARKET,15.0,601.125,15.0,601.125,
2025-11-17 21:42:00+00:00,RISK_PASS,4998fa2a-6225-41ac-9a09-7961801af88d,BUY,MARKET,16,600.4,0,0.0,All risk checks passed
2025-11-17 21:42:00+00:00,FILLED,4998fa2a-6225-41ac-9a09-7961801af88d,BUY,MARKET,16,600.4,16,600.4,
2025-11-17 21:43:00+00:00,RISK_PASS,f8cb330d-5d47-4b5c-b867-bb8e6f843ea3,SELL,MARKET,16.0,600.36,0,0.0,All risk checks passed
2025-11-17 21:43:00+00:00,FILLED,f8cb330d-5d47-4b5c-b867-bb8e6f843ea3,SELL,MARKET,16.0,600.36,16.0,600.36,
2025-11-17 22:09:00+00:00,RISK_PASS,6af92874-4fc2-470b-926b-8571ee081067,BUY,MARKET,13,601.05,0,0.0,All risk checks passed
2025-11-17 22:09:00+00:00,FILLED,6af92874-4fc2-470b-926b-8571ee081067,BUY,MARKET,13,601.05,13,601.05,
2025-11-17 22:39:00+00:00,RISK_PASS,dd489299-9046-4998-8b06-a14e5c372ed7,SELL,MARKET,13.0,600.77,0,0.0,All risk checks passed
2025-11-17 22:39:00+00:00,FILLED,dd489299-9046-4998-8b06-a14e5c372ed7,SELL,MARKET,13.0,600.77,13.0,600.77,
2025-11-17 22:47:00+00:00,RISK_PASS,7a265519-b912-4164-9e5d-33ba40f41a72,BUY,MARKET,16,600.97,0,0.0,All risk checks passed
2025-11-17 22:47:00+00:00,FILLED,7a265519-b912-4164-9e5d-33ba40f41a72,BUY,MARKET,16,600.97,16,600.97,
2025-11-17 22:48:00+00:00,RISK_PASS,057ab0c6-6817-4610-ab7f-c0dab9514dc4,SELL,MARKET,16.0,600.97,0,0.0,All risk checks passed
2025-11-17 22:48:00+00:00,FILLED,057ab0c6-6817-4610-ab7f-c0dab9514dc4,SELL,MARKET,16.0,600.97,16.0,600.97,
2025-11-17 23:03:00+00:00,RISK_PASS,dfdee03f-1445-4648-9c86-e56f24514223,BUY,MARKET,13,601.55,0,0.0,All risk checks passed
2025-11-17 23:03:00+00:00,FILLED,dfdee03f-1445-4648-9c86-e56f24514223,BUY,MARKET,13,601.55,13,601.55,
2025-11-17 23:05:00+00:00,RISK_PASS,b9e88528-7fd7-492a-b874-1afec5ff8a13,SELL,MARKET,13.0,602.05,0,0.0,All risk checks passed
2025-11-17 23:05:00+00:00,FILLED,b9e88528-7fd7-492a-b874-1afec5ff8a13,SELL,MARKET,13.0,602.05,13.0,602.05,
2025-11-17 23:06:00+00:00,RISK_PASS,0e167ee9-2628-4b0b-9798-6cee7f6fdf8d,BUY,MARKET,13,602.18,0,0.0,All risk checks passed
2025-11-17 23:06:00+00:00,FILLED,0e167ee9-2628-4b0b-9798-6cee7f6fdf8d,BUY,MARKET,13,602.18,13,602.18,
2025-11-17 23:07:00+00:00,RISK_PASS,108aa383-0389-464b-935f-89910210f53a,SELL,MARKET,13.0,601.98,0,0.0,All risk checks passed
2025-11-17 23:07:00+00:00,FILLED,108aa383-0389-464b-935f-89910210f53a,SELL,MARKET,13.0,601.98,13.0,601.98,
2025-11-17 23:08:00+00:00,RISK_PASS,d2784f7a-5855-47f2-af95-47b0849213dc,BUY,MARKET,13,601.73,0,0.0,All risk checks passed
2025-11-17 23:08:00+00:00,FILLED,d2784f7a-5855-47f2-af95-47b0849213dc,BUY,MARKET,13,601.73,13,601.73,
2025-11-17 23:38:00+00:00,RISK_PASS,03f23d06-aca9-4ce3-abbf-d0828721d1c7,SELL,MARKET,13.0,601.6,0,0.0,All risk checks passed
2025-11-17 23:38:00+00:00,FILLED,03f23d06-aca9-4ce3-abbf-d0828721d1c7,SELL,MARKET,13.0,601.6,13.0,601.6,
2025-11-17 23:39:00+00:00,RISK_PASS,6da2c77e-a038-4383-8f2f-7b3817f898b8,BUY,MARKET,13,601.65,0,0.0,All risk checks passed
2025-11-17 23:39:00+00:00,FILLED,6da2c77e-a038-4383-8f2f-7b3817f898b8,BUY,MARKET,13,601.65,13,601.65,
2025-11-17 23:50:00+00:00,RISK_PASS,c0ecae58-2b5f-496e-9115-49a719cb8530,SELL,MARKET,13.0,601.45,0,0.0,All risk checks passed
2025-11-17 23:50:00+00:00,FILLED,c0ecae58-2b5f-496e-9115-49a719cb8530,SELL,MARKET,13.0,601.45,13.0,601.45,
2025-11-18 00:08:00+00:00,RISK_PASS,459b465c-944a-4ab5-a8ef-efa98355df66,BUY,MARKET,13,601.61,0,0.0,All risk checks passed
2025-11-18 00:08:00+00:00,FILLED,459b465c-944a-4ab5-a8ef-efa98355df66,BUY,MARKET,13,601.61,13,601.61,
2025-11-18 00:26:00+00:00,RISK_PASS,83a855c8-82df-48bf-9a65-513b2e8ecc3c,SELL,MARKET,13.0,601.0,0,0.0,All risk checks passed
2025-11-18 00:26:00+00:00,FILLED,83a855c8-82df-48bf-9a65-513b2e8ecc3c,SELL,MARKET,13.0,601.0,13.0,601.0,
2025-11-18 00:27:00+00:00,RISK_PASS,e32d07c6-c9b1-47a6-a412-d6f2b59f8995,BUY,MARKET,16,600.74,0,0.0,All risk checks passed
2025-11-18 00:27:00+00:00,FILLED,e32d07c6-c9b1-47a6-a412-d6f2b59f8995,BUY,MARKET,16,600.74,16,600.74,
2025-11-18 00:28:00+00:00,RISK_PASS,a42d1fb4-438a-46e3-aae7-a0eec4756158,SELL,MARKET,16.0,600.63,0,0.0,All risk checks passed
2025-11-18 00:28:00+00:00,FILLED,a42d1fb4-438a-46e3-aae7-a0eec4756158,SELL,MARKET,16.0,600.63,12,600.63,
2025-11-18 00:29:00+00:00,RISK_PASS,f60aad2d-33e4-4440-afc0-f3d1d969bd3a,BUY,MARKET,12,600.59,0,0.0,All risk checks passed
2025-11-18 00:29:00+00:00,RISK_PASS,4e21f7ba-e803-4d1d-9530-ad949f322e75,SELL,MARKET,4.0,600.59,0,0.0,All risk checks passed
2025-11-18 00:29:00+00:00,FILLED,f60aad2d-33e4-4440-afc0-f3d1d969bd3a,BUY,MARKET,12,600.59,12,600.59,
2025-11-18 00:29:00+00:00,FILLED,4e21f7ba-e803-4d1d-9530-ad949f322e75,SELL,MARKET,4.0,600.59,4.0,600.59,
2025-11-18 00:30:00+00:00,RISK_PASS,0c755ac9-613f-49bb-8213-c7a47e282ca5,BUY,MARKET,4,600.8,0,0.0,All risk checks passed
2025-11-18 00:30:00+00:00,RISK_PASS,c55dcf9d-6bfc-4964-92b7-48bb7ef2c264,SELL,MARKET,12.0,600.8,0,0.0,All risk checks passed
2025-11-18 00:30:00+00:00,FILLED,0c755ac9-613f-49bb-8213-c7a47e282ca5,BUY,MARKET,4,600.8,4,600.8,
2025-11-18 00:30:00+00:00,FILLED,c55dcf9d-6bfc-4964-92b7-48bb7ef2c264,SELL,MARKET,12.0,600.8,12.0,600.8,
2025-11-18 00:32:00+00:00,RISK_PASS,82b535d0-85f8-49ab-8d2e-66834fa282a6,BUY,MARKET,12,600.54,0,0.0,All risk checks passed
2025-11-18 00:32:00+00:00,RISK_PASS,6dea3ed0-ae2b-4303-babc-b611b115dd8d,SELL,MARKET,4.0,600.54,0,0.0,All risk checks passed
2025-11-18 00:32:00+00:00,FILLED,82b535d0-85f8-49ab-8d2e-66834fa282a6,BUY,MARKET,12,600.54,12,600.54,
2025-11-18 00:32:00+00:00,FILLED,6dea3ed0-ae2b-4303-babc-b611b115dd8d,SELL,MARKET,4.0,600.54,4.0,600.54,
2025-11-18 00:33:00+00:00,RISK_PASS,fe214fe9-9af0-473e-8269-08f5e83c3283,BUY,MARKET,4,600.53,0,0.0,All risk checks passed
2025-11-18 00:33:00+00:00,RISK_PASS,7b42bcf2-ee26-45a8-af5e-4ca71d6ceb08,SELL,MARKET,12.0,600.53,0,0.0,All risk checks passed
2025-11-18 00:33:00+00:00,FILLED,fe214fe9-9af0-473e-8269-08f5e83c3283,BUY,MARKET,4,600.53,4,600.53,
2025-11-18 00:33:00+00:00,FILLED,7b42bcf2-ee26-45a8-af5e-4ca71d6ceb08,SELL,MARKET,12.0,600.53,12.0,600.53,
2025-11-18 00:34:00+00:00,RISK_PASS,2fe30f57-b6e3-4ff3-b817-ebb67bf58c28,BUY,MARKET,12,600.5,0,0.0,All risk checks passed
2025-11-18 00:34:00+00:00,RISK_PASS,951f4568-b607-411a-b8a7-219c4e233112,SELL,MARKET,4.0,600.5,0,0.0,All risk checks passed
2025-11-18 00:34:00+00:00,FILLED,2fe30f57-b6e3-4ff3-b817-ebb67bf58c28,BUY,MARKET,12,600.5,12,600.5,
2025-11-18 00:34:00+00:00,FILLED,951f4568-b607-411a-b8a7-219c4e233112,SELL,MARKET,4.0,600.5,4.0,600.5,
2025-11-18 00:35:00+00:00,RISK_PASS,81b6484a-31fa-47f2-9b89-f2dd20f03062,BUY,MARKET,4,600.525,0,0.0,All risk checks passed
2025-11-18 00:35:00+00:00,RISK_PASS,cef60681-c842-4d19-895b-0417a6b336f9,SELL,MARKET,12.0,600.525,0,0.0,All risk checks passed
2025-11-18 00:35:00+00:00,FILLED,81b6484a-31fa-47f2-9b89-f2dd20f03062,BUY,MARKET,4,600.525,4,600.525,
2025-11-18 00:35:00+00:00,FILLED,cef60681-c842-4d19-895b-0417a6b336f9,SELL,MARKET,12.0,600.525,12.0,600.525,
2025-11-18 00:36:00+00:00,RISK_PASS,27f1fc7f-8bcb-44e8-a44f-9e6e4a3e0e1f,BUY,MARKET,12,600.55,0,0.0,All risk checks passed
2025-11-18 00:36:00+00:00,RISK_PASS,dc8fc210-edbb-4d8c-afcc-c931d5a9b84f,SELL,MARKET,4.0,600.55,0,0.0,All risk checks passed
2025-11-18 00:36:00+00:00,FILLED,27f1fc7f-8bcb-44e8-a44f-9e6e4a3e0e1f,BUY,MARKET,12,600.55,12,600.55,
2025-11-18 00:36:00+00:00,FILLED,dc8fc210-edbb-4d8c-afcc-c931d5a9b84f,SELL,MARKET,4.0,600.55,4.0,600.55,
2025-11-18 00:37:00+00:00,RISK_PASS,ac725b02-e105-4432-90c0-c8bb886ccb54,BUY,MARKET,4,600.14,0,0.0,All risk checks passed
2025-11-18 00:37:00+00:00,RISK_PASS,1163df2b-0144-4631-89fc-d06727c08bbb,SELL,MARKET,12.0,600.14,0,0.0,All risk checks passed
2025-11-18 00:37:00+00:00,FILLED,ac725b02-e105-4432-90c0-c8bb886ccb54,BUY,MARKET,4,600.14,4,600.14,
2025-11-18 00:37:00+00:00,FILLED,1163df2b-0144-4631-89fc-d06727c08bbb,SELL,MARKET,12.0,600.14,12.0,600.14,
2025-11-18 00:38:00+00:00,RISK_PASS,6ce7c39c-9561-48ba-bc3c-8623d6adb08d,BUY,MARKET,12,600.0,0,0.0,All risk checks passed
2025-11-18 00:38:00+00:00,RISK_PASS,fef7ac4b-6ff6-4371-bbb3-9525d217b87e,SELL,MARKET,4.0,600.0,0,0.0,All risk checks passed
2025-11-18 00:38:00+00:00,FILLED,6ce7c39c-9561-48ba-bc3c-8623d6adb08d,BUY,MARKET,12,600.0,12,600.0,
2025-11-18 00:38:00+00:00,FILLED,fef7ac4b-6ff6-4371-bbb3-9525d217b87e,SELL,MARKET,4.0,600.0,4.0,600.0,
2025-11-18 00:39:00+00:00,RISK_PASS,fc613f14-ff25-43e1-86d8-02ff714902e7,BUY,MARKET,4,599.9,0,0.0,All risk checks passed
2025-11-18 00:39:00+00:00,RISK_PASS,840b4930-408c-40a7-b55b-f78549ae0c63,SELL,MARKET,12.0,599.9,0,0.0,All risk checks passed
2025-11-18 00:39:00+00:00,FILLED,fc613f14-ff25-43e1-86d8-02ff714902e7,BUY,MARKET,4,599.9,4,599.9,
2025-11-18 00:39:00+00:00,FILLED,840b4930-408c-40a7-b55b-f78549ae0c63,SELL,MARKET,12.0,599.9,12.0,599.9,
2025-11-18 00:40:00+00:00,RISK_PASS,33b8a07f-e074-49d0-9429-393f9ef2cf24,BUY,MARKET,12,599.4,0,0.0,All risk checks passed
2025-11-18 00:40:00+00:00,RISK_PASS,e4e28ac3-57fd-49f5-91b4-91ce7307d66d,SELL,MARKET,4.0,599.4,0,0.0,All risk checks passed
2025-11-18 00:40:00+00:00,FILLED,33b8a07f-e074-49d0-9429-393f9ef2cf24,BUY,MARKET,12,599.4,12,599.4,
2025-11-18 00:40:00+00:00,FILLED,e4e28ac3-57fd-49f5-91b4-91ce7307d66d,SELL,MARKET,4.0,599.4,4.0,599.4,
2025-11-18 00:41:00+00:00,RISK_PASS,719accae-2851-4834-b6b5-67baf5aefbb9,BUY,MARKET,4,599.125,0,0.0,All risk checks passed
2025-11-18 00:41:00+00:00,RISK_PASS,dc69ad15-37be-4a18-abb7-5b6e446ac6a7,SELL,MARKET,12.0,599.125,0,0.0,All risk checks passed
2025-11-18 00:41:00+00:00,FILLED,719accae-2851-4834-b6b5-67baf5aefbb9,BUY,MARKET,4,599.125,4,599.125,
2025-11-18 00:41:00+00:00,FILLED,dc69ad15-37be-4a18-abb7-5b6e446ac6a7,SELL,MARKET,12.0,599.125,12.0,599.125,
2025-11-18 00:42:00+00:00,RISK_PASS,f0f52815-f74e-462d-b54d-4b077a3a8e61,BUY,MARKET,12,599.3,0,0.0,All risk checks passed
2025-11-18 00:42:00+00:00,RISK_PASS,357df7bd-0d27-4509-b8b3-6cdf9dd1c4f1,SELL,MARKET,4.0,599.3,0,0.0,All risk checks passed
2025-11-18 00:42:00+00:00,FILLED,f0f52815-f74e-462d-b54d-4b077a3a8e61,BUY,MARKET,12,599.3,12,599.3,
2025-11-18 00:42:00+00:00,FILLED,357df7bd-0d27-4509-b8b3-6cdf9dd1c4f1,SELL,MARKET,4.0,599.3,4.0,599.3,
2025-11-18 00:43:00+00:00,RISK_PASS,a978016c-a698-4512-bed5-8afd0b19d09f,SELL,MARKET,12.0,599.75,0,0.0,All risk checks passed
2025-11-18 00:43:00+00:00,FILLED,a978016c-a698-4512-bed5-8afd0b19d09f,SELL,MARKET,12.0,599.75,12.0,599.75,
2025-11-18 00:44:00+00:00,RISK_PASS,88904227-79ec-4292-b16b-02341f62eaab,BUY,MARKET,16,599.0001,0,0.0,All risk checks passed
2025-11-18 00:44:00+00:00,FILLED,88904227-79ec-4292-b16b-02341f62eaab,BUY,MARKET,16,599.0001,11,599.0001,
2025-11-18 00:45:00+00:00,RISK_PASS,8ccea26c-2cc3-43b8-849a-945c74cc77c0,BUY,MARKET,5,599.07,0,0.0,All risk checks passed
2025-11-18 00:45:00+00:00,RISK_PASS,6691ddbd-39c9-48da-8a1b-8047457533d1,SELL,MARKET,11.0,599.07,0,0.0,All risk checks passed
2025-11-18 00:45:00+00:00,FILLED,8ccea26c-2cc3-43b8-849a-945c74cc77c0,BUY,MARKET,5,599.07,5,599.07,
2025-11-18 00:45:00+00:00,FILLED,6691ddbd-39c9-48da-8a1b-8047457533d1,SELL,MARKET,11.0,599.07,11.0,599.07,
2025-11-18 00:46:00+00:00,RISK_PASS,059d6fd3-ec7e-4a41-8166-8dc6356db548,SELL,MARKET,5.0,599.4,0,0.0,All risk checks passed
2025-11-18 00:46:00+00:00,FILLED,059d6fd3-ec7e-4a41-8166-8dc6356db548,SELL,MARKET,5.0,599.4,5.0,599.4,
2025-11-18 09:07:00+00:00,RISK_PASS,c9aea584-2183-4c65-971e-a3f55143128a,BUY,MARKET,16,598.6,0,0.0,All risk checks passed
2025-11-18 09:07:00+00:00,FILLED,c9aea584-2183-4c65-971e-a3f55143128a,BUY,MARKET,16,598.6,16,598.6,
2025-11-18 09:08:00+00:00,RISK_PASS,8892c74c-db42-42a3-9463-2d6ab79a9347,SELL,MARKET,16.0,598.66,0,0.0,All risk checks passed
2025-11-18 09:08:00+00:00,FILLED,8892c74c-db42-42a3-9463-2d6ab79a9347,SELL,MARKET,16.0,598.66,16.0,598.66,
2025-11-18 09:09:00+00:00,RISK_PASS,0dd2ac11-1be1-4ff4-a085-888040c7916e,BUY,MARKET,16,598.68,0,0.0,All risk checks passed
2025-11-18 09:09:00+00:00,FILLED,0dd2ac11-1be1-4ff4-a085-888040c7916e,BUY,MARKET,16,598.68,16,598.68,
2025-11-18 09:11:00+00:00,RISK_PASS,a19d3111-18fa-4823-90ab-a9c615dba0c4,SELL,MARKET,16.0,598.94,0,0.0,All risk checks passed
2025-11-18 09:11:00+00:00,FILLED,a19d3111-18fa-4823-90ab-a9c615dba0c4,SELL,MARKET,16.0,598.94,16.0,598.94,
2025-11-18 09:12:00+00:00,RISK_PASS,cd8f4874-debd-41c4-8915-718b2d115aa4,BUY,MARKET,16,598.82,0,0.0,All risk checks passed
2025-11-18 09:12:00+00:00,FILLED,cd8f4874-debd-41c4-8915-718b2d115aa4,BUY,MARKET,16,598.82,16,598.82,
2025-11-18 09:13:00+00:00,RISK_PASS,1e462219-b66d-4468-b027-1bcc12290ae4,SELL,MARKET,16.0,599.0,0,0.0,All risk checks passed
2025-11-18 09:13:00+00:00,FILLED,1e462219-b66d-4468-b027-1bcc12290ae4,SELL,MARKET,16.0,599.0,16.0,599.0,
2025-11-18 09:14:00+00:00,RISK_PASS,71e2f3c2-26b0-4e4a-90d1-34436d976c03,BUY,MARKET,16,599.2,0,0.0,All risk checks passed
2025-11-18 09:14:00+00:00,FILLED,71e2f3c2-26b0-4e4a-90d1-34436d976c03,BUY,MARKET,16,599.2,8,599.2,
2025-11-18 09:16:00+00:00,RISK_PASS,a69e2008-2cb7-4ee7-95de-e87baf1cbc5d,SELL,MARKET,8.0,599.49,0,0.0,All risk checks passed
2025-11-18 09:16:00+00:00,FILLED,a69e2008-2cb7-4ee7-95de-e87baf1cbc5d,SELL,MARKET,8.0,599.49,8.0,599.49,
2025-11-18 09:40:00+00:00,RISK_PASS,c82408d5-7903-4dab-9a37-67105cf7fc97,BUY,MARKET,16,598.3,0,0.0,All risk checks passed
2025-11-18 09:40:00+00:00,FILLED,c82408d5-7903-4dab-9a37-67105cf7fc97,BUY,MARKET,16,598.3,16,598.3,
2025-11-18 09:41:00+00:00,RISK_PASS,09c15a59-6741-4c6f-9df9-ebc706c4dfa9,SELL,MARKET,16.0,597.94,0,0.0,All risk checks passed
2025-11-18 09:41:00+00:00,FILLED,09c15a59-6741-4c6f-9df9-ebc706c4dfa9,SELL,MARKET,16.0,597.94,16.0,597.94,
2025-11-18 09:42:00+00:00,RISK_PASS,7959cded-ce26-4b66-b15f-6dfa630c0dd1,BUY,MARKET,16,597.75,0,0.0,All risk checks passed
2025-11-18 09:42:00+00:00,FILLED,7959cded-ce26-4b66-b15f-6dfa630c0dd1,BUY,MARKET,16,597.75,13,597.75,
2025-11-18 09:43:00+00:00,RISK_PASS,2dcedf29-d8b0-4499-b6d2-ddcee2ae0f58,BUY,MARKET,3,598.0,0,0.0,All risk checks passed
2025-11-18 09:43:00+00:00,RISK_PASS,3727adfd-669d-47b4-9036-8b8c8e974498,SELL,MARKET,13.0,598.0,0,0.0,All risk checks passed
2025-11-18 09:43:00+00:00,FILLED,2dcedf29-d8b0-4499-b6d2-ddcee2ae0f58,BUY,MARKET,3,598.0,3,598.0,
2025-11-18 09:43:00+00:00,FILLED,3727adfd-669d-47b4-9036-8b8c8e974498,SELL,MARKET,13.0,598.0,13.0,598.0,
2025-11-18 09:44:00+00:00,RISK_PASS,f2d8c29d-2192-4b5c-8587-bf40d0d62c4f,SELL,MARKET,3.0,598.46,0,0.0,All risk checks passed
2025-11-18 09:44:00+00:00,FILLED,f2d8c29d-2192-4b5c-8587-bf40d0d62c4f,SELL,MARKET,3.0,598.46,3.0,598.46,
2025-11-18 10:56:00+00:00,RISK_PASS,172d8e05-f033-4485-ad36-1042e1a5833f,BUY,MARKET,13,599.28,0,0.0,All risk checks passed
2025-11-18 10:56:00+00:00,FILLED,172d8e05-f033-4485-ad36-1042e1a5833f,BUY,MARKET,13,599.28,13,599.28,
2025-11-18 11:27:00+00:00,RISK_PASS,88f6251d-62ba-496d-871f-9ae7c4aeb55a,SELL,MARKET,13.0,598.49,0,0.0,All risk checks passed
2025-11-18 11:27:00+00:00,FILLED,88f6251d-62ba-496d-871f-9ae7c4aeb55a,SELL,MARKET,13.0,598.49,13.0,598.49,
2025-11-18 11:45:00+00:00,RISK_PASS,6890e0dc-44e8-49d2-9276-d5baaacd84e5,BUY,MARKET,16,597.31,0,0.0,All risk checks passed
2025-11-18 11:45:00+00:00,FILLED,6890e0dc-44e8-49d2-9276-d5baaacd84e5,BUY,MARKET,16,597.31,16,597.31,
2025-11-18 11:46:00+00:00,RISK_PASS,77bb2c97-7c51-4e0a-8083-af6293579496,SELL,MARKET,16.0,597.3,0,0.0,All risk checks passed
2025-11-18 11:46:00+00:00,FILLED,77bb2c97-7c51-4e0a-8083-af6293579496,SELL,MARKET,16.0,597.3,16.0,597.3,
2025-11-18 11:47:00+00:00,RISK_PASS,87ff8453-09af-4686-8598-aff4b91f38a6,BUY,MARKET,16,597.23,0,0.0,All risk checks passed
2025-11-18 11:47:00+00:00,FILLED,87ff8453-09af-4686-8598-aff4b91f38a6,BUY,MARKET,16,597.23,16,597.23,
2025-11-18 11:49:00+00:00,RISK_PASS,8fa8a733-9666-43ad-a2db-defafa8cb311,SELL,MARKET,16.0,597.36,0,0.0,All risk checks passed
2025-11-18 11:49:00+00:00,FILLED,8fa8a733-9666-43ad-a2db-defafa8cb311,SELL,MARKET,16.0,597.36,16.0,597.36,
2025-11-18 12:10:00+00:00,RISK_PASS,71831dee-b13d-4ca2-8485-f50de6051fc6,BUY,MARKET,16,596.73,0,0.0,All risk checks passed
2025-11-18 12:10:00+00:00,FILLED,71831dee-b13d-4ca2-8485-f50de6051fc6,BUY,MARKET,16,596.73,16,596.73,
2025-11-18 12:11:00+00:00,RISK_PASS,a1956236-f985-41b9-b54e-a70061ea9bde,SELL,MARKET,16.0,596.48,0,0.0,All risk checks passed
2025-11-18 12:11:00+00:00,FILLED,a1956236-f985-41b9-b54e-a70061ea9bde,SELL,MARKET,16.0,596.48,16.0,596.48,
2025-11-18 12:12:00+00:00,RISK_PASS,4d0477a5-b337-445c-aea6-9b31149cc386,BUY,MARKET,16,596.41,0,0.0,All risk checks passed
2025-11-18 12:12:00+00:00,FILLED,4d0477a5-b337-445c-aea6-9b31149cc386,BUY,MARKET,16,596.41,16,596.41,
2025-11-18 12:13:00+00:00,RISK_PASS,931175e3-7ef4-41ca-b508-9e72a87dc730,SELL,MARKET,16.0,596.75,0,0.0,All risk checks passed
2025-11-18 12:13:00+00:00,FILLED,931175e3-7ef4-41ca-b508-9e72a87dc730,SELL,MARKET,16.0,596.75,16.0,596.75,
2025-11-18 12:14:00+00:00,RISK_PASS,2135e959-b94a-4c69-bf9f-e70a9c4cb8ae,BUY,MARKET,16,596.5,0,0.0,All risk checks passed
2025-11-18 12:14:00+00:00,FILLED,2135e959-b94a-4c69-bf9f-e70a9c4cb8ae,BUY,MARKET,16,596.5,16,596.5,
2025-11-18 12:15:00+00:00,RISK_PASS,4da7917e-ab5a-4730-9e7b-d1391b0d0a45,SELL,MARKET,16.0,596.73,0,0.0,All risk checks passed
2025-11-18 12:15:00+00:00,FILLED,4da7917e-ab5a-4730-9e7b-d1391b0d0a45,SELL,MARKET,16.0,596.73,16.0,596.73,
2025-11-18 12:23:00+00:00,RISK_PASS,9bacb278-23b1-4324-9f9c-4010ad5f4a1c,BUY,MARKET,13,597.95,0,0.0,All risk checks passed
2025-11-18 12:23:00+00:00,FILLED,9bacb278-23b1-4324-9f9c-4010ad5f4a1c,BUY,MARKET,13,597.95,13,597.95,
2025-11-18 12:35:00+00:00,RISK_PASS,70756c93-6cd2-46a5-b256-9149168b73ed,BUY,MARKET,7,597.1,0,0.0,All risk checks passed
2025-11-18 12:35:00+00:00,FILLED,70756c93-6cd2-46a5-b256-9149168b73ed,BUY,MARKET,7,597.1,7,597.1,
2025-11-18 12:41:00+00:00,RISK_PASS,faefdb6c-72da-423f-a4de-8948e4d69463,SELL,MARKET,20.0,596.38,0,0.0,All risk checks passed
2025-11-18 12:41:00+00:00,FILLED,faefdb6c-72da-423f-a4de-8948e4d69463,SELL,MARKET,20.0,596.38,20.0,596.38,
2025-11-18 12:46:00+00:00,RISK_PASS,b0b9f296-55dc-4731-a405-10cef2c46df4,BUY,MARKET,16,596.25,0,0.0,All risk checks passed
2025-11-18 12:46:00+00:00,FILLED,b0b9f296-55dc-4731-a405-10cef2c46df4,BUY,MARKET,16,596.25,16,596.25,
2025-11-18 12:47:00+00:00,RISK_PASS,77a75ca5-789c-4b90-b233-f121874fd5ae,SELL,MARKET,16.0,595.69,0,0.0,All risk checks passed
2025-11-18 12:47:00+00:00,FILLED,77a75ca5-789c-4b90-b233-f121874fd5ae,SELL,MARKET,16.0,595.69,16.0,595.69,
2025-11-18 12:49:00+00:00,RISK_PASS,6262287f-f5a1-4e14-9445-ef7268cb5ac3,BUY,MARKET,16,595.17,0,0.0,All risk checks passed
2025-11-18 12:49:00+00:00,FILLED,6262287f-f5a1-4e14-9445-ef7268cb5ac3,BUY,MARKET,16,595.17,16,595.17,
2025-11-18 12:50:00+00:00,RISK_PASS,818bcbdc-30d6-4f16-8504-2f67f062af37,SELL,MARKET,16.0,594.59,0,0.0,All risk checks passed
2025-11-18 12:50:00+00:00,FILLED,818bcbdc-30d6-4f16-8504-2f67f062af37,SELL,MARKET,16.0,594.59,16.0,594.59,
2025-11-18 12:52:00+00:00,RISK_PASS,f9a94adc-80d6-451c-858c-99d16f8d8ca1,BUY,MARKET,16,595.36,0,0.0,All risk checks passed
2025-11-18 12:52:00+00:00,FILLED,f9a94adc-80d6-451c-858c-99d16f8d8ca1,BUY,MARKET,16,595.36,16,595.36,
2025-11-18 12:53:00+00:00,RISK_PASS,5b7e77e9-91fd-4364-93aa-01911e219db9,SELL,MARKET,16.0,594.29,0,0.0,All risk checks passed
2025-11-18 12:53:00+00:00,FILLED,5b7e77e9-91fd-4364-93aa-01911e219db9,SELL,MARKET,16.0,594.29,16.0,594.29,
2025-11-18 12:54:00+00:00,RISK_PASS,42bf88c1-74a0-4f20-a026-c9ccd7153cd7,BUY,MARKET,16,594.26,0,0.0,All risk checks passed
2025-11-18 12:54:00+00:00,FILLED,42bf88c1-74a0-4f20-a026-c9ccd7153cd7,BUY,MARKET,16,594.26,16,594.26,
2025-11-18 12:55:00+00:00,RISK_PASS,4b6487e8-6d79-40f2-a26f-b5faca5103c6,SELL,MARKET,16.0,593.92,0,0.0,All risk checks passed
2025-11-18 12:55:00+00:00,FILLED,4b6487e8-6d79-40f2-a26f-b5faca5103c6,SELL,MARKET,16.0,593.92,16.0,593.92,
2025-11-18 12:56:00+00:00,RISK_PASS,bcf1f1e7-2426-4aed-9e40-1f03f73229d5,BUY,MARKET,16,594.0,0,0.0,All risk checks passed
2025-11-18 12:56:00+00:00,FILLED,bcf1f1e7-2426-4aed-9e40-1f03f73229d5,BUY,MARKET,16,594.0,16,594.0,
2025-11-18 12:57:00+00:00,RISK_PASS,f0e293a6-d939-456b-bf35-0799049001b7,SELL,MARKET,16.0,593.29,0,0.0,All risk checks passed
2025-11-18 12:57:00+00:00,FILLED,f0e293a6-d939-456b-bf35-0799049001b7,SELL,MARKET,16.0,593.29,16.0,593.29,
2025-11-18 12:58:00+00:00,RISK_PASS,3294cb41-8b65-478a-85c9-cbb3304e6879,BUY,MARKET,16,593.8,0,0.0,All risk checks passed
2025-11-18 12:58:00+00:00,FILLED,3294cb41-8b65-478a-85c9-cbb3304e6879,BUY,MARKET,16,593.8,16,593.8,
2025-11-18 12:59:00+00:00,RISK_PASS,1bb503e7-9b22-497f-bf2c-946bc040e238,SELL,MARKET,16.0,595.0,0,0.0,All risk checks passed
2025-11-18 12:59:00+00:00,FILLED,1bb503e7-9b22-497f-bf2c-946bc040e238,SELL,MARKET,16.0,595.0,16.0,595.0,
2025-11-18 13:19:00+00:00,RISK_PASS,fa3d336c-803d-4e8a-b320-b3f5ead7266c,BUY,MARKET,16,594.01,0,0.0,All risk checks passed
2025-11-18 13:19:00+00:00,FILLED,fa3d336c-803d-4e8a-b320-b3f5ead7266c,BUY,MARKET,16,594.01,16,594.01,
2025-11-18 13:20:00+00:00,RISK_PASS,ac74d929-15c4-441f-adce-9c3155ca3b39,SELL,MARKET,16.0,593.6308,0,0.0,All risk checks passed
2025-11-18 13:20:00+00:00,FILLED,ac74d929-15c4-441f-adce-9c3155ca3b39,SELL,MARKET,16.0,593.6308,16.0,593.6308,
2025-11-18 13:23:00+00:00,RISK_PASS,2c161406-ef1c-4f3a-9137-ca6c514cbcae,BUY,MARKET,16,593.3,0,0.0,All risk checks passed
2025-11-18 13:23:00+00:00,FILLED,2c161406-ef1c-4f3a-9137-ca6c514cbcae,BUY,MARKET,16,593.3,16,593.3,
2025-11-18 13:24:00+00:00,RISK_PASS,9bc0123f-cd93-49cf-8f4a-ca04faa10b55,SELL,MARKET,16.0,593.21,0,0.0,All risk checks passed
2025-11-18 13:24:00+00:00,FILLED,9bc0123f-cd93-49cf-8f4a-ca04faa10b55,SELL,MARKET,16.0,593.21,16.0,593.21,
2025-11-18 13:25:00+00:00,RISK_PASS,768c6856-2196-42ce-83ca-b6c4dcc6d6e1,BUY,MARKET,16,593.33,0,0.0,All risk checks passed
2025-11-18 13:25:00+00:00,FILLED,768c6856-2196-42ce-83ca-b6c4dcc6d6e1,BUY,MARKET,16,593.33,16,593.33,
2025-11-18 13:26:00+00:00,RISK_PASS,d519c3cb-eb7c-48de-b7d1-7f7e17cf4623,SELL,MARKET,16.0,593.0,0,0.0,All risk checks passed
2025-11-18 13:26:00+00:00,FILLED,d519c3cb-eb7c-48de-b7d1-7f7e17cf4623,SELL,MARKET,16.0,593.0,16.0,593.0,
2025-11-18 13:27:00+00:00,RISK_PASS,85da56cf-47a7-4493-9200-0c353d6eecb0,BUY,MARKET,16,593.0,0,0.0,All risk checks passed
2025-11-18 13:27:00+00:00,FILLED,85da56cf-47a7-4493-9200-0c353d6eecb0,BUY,MARKET,16,593.0,16,593.0,
2025-11-18 13:28:00+00:00,RISK_PASS,f372b096-280e-4bc9-9864-9170f006a1e2,SELL,MARKET,16.0,592.8795,0,0.0,All risk checks passed
2025-11-18 13:28:00+00:00,FILLED,f372b096-280e-4bc9-9864-9170f006a1e2,SELL,MARKET,16.0,592.8795,16.0,592.8795,
2025-11-18 13:29:00+00:00,RISK_PASS,6622e8d0-67d0-4bc2-bd4a-c4a470fef88e,BUY,MARKET,16,592.54,0,0.0,All risk checks passed
2025-11-18 13:29:00+00:00,FILLED,6622e8d0-67d0-4bc2-bd4a-c4a470fef88e,BUY,MARKET,16,592.54,16,592.54,
2025-11-18 13:30:00+00:00,RISK_PASS,029c01e3-b4a3-45a5-9141-1127cac38882,SELL,MARKET,16.0,594.0,0,0.0,All risk checks passed
2025-11-18 13:30:00+00:00,FILLED,029c01e3-b4a3-45a5-9141-1127cac38882,SELL,MARKET,16.0,594.0,16.0,594.0,
2025-11-18 13:45:00+00:00,RISK_PASS,6475d9f3-37cf-417a-9a92-fda0f578ac6e,BUY,MARKET,16,592.13,0,0.0,All risk checks passed
2025-11-18 13:45:00+00:00,FILLED,6475d9f3-37cf-417a-9a92-fda0f578ac6e,BUY,MARKET,16,592.13,16,592.13,
2025-11-18 13:46:00+00:00,RISK_PASS,9e53e14c-a8bb-4006-8a88-23bc0db1166c,SELL,MARKET,16.0,592.2,0,0.0,All risk checks passed
2025-11-18 13:46:00+00:00,FILLED,9e53e14c-a8bb-4006-8a88-23bc0db1166c,SELL,MARKET,16.0,592.2,16.0,592.2,
2025-11-18 14:08:00+00:00,RISK_PASS,34460e3e-e376-40e2-8e28-362e41cdfa8c,BUY,MARKET,13,593.56,0,0.0,All risk checks passed
2025-11-18 14:08:00+00:00,FILLED,34460e3e-e376-40e2-8e28-362e41cdfa8c,BUY,MARKET,13,593.56,13,593.56,
2025-11-18 14:27:00+00:00,RISK_PASS,3240cd3f-1a31-41a1-8749-63da2c9b82a1,BUY,MARKET,3,589.65,0,0.0,All risk checks passed
2025-11-18 14:27:00+00:00,RISK_PASS,870caa97-d4c4-4547-8ecf-6b6e26aede41,SELL,MARKET,13.0,589.65,0,0.0,All risk checks passed
2025-11-18 14:27:00+00:00,FILLED,3240cd3f-1a31-41a1-8749-63da2c9b82a1,BUY,MARKET,3,589.65,3,589.65,
2025-11-18 14:27:00+00:00,FILLED,870caa97-d4c4-4547-8ecf-6b6e26aede41,SELL,MARKET,13.0,589.65,13.0,589.65,
2025-11-18 14:28:00+00:00,RISK_PASS,0f78d4e0-78fd-4f09-88c7-963aee06bb03,SELL,MARKET,3.0,590.9,0,0.0,All risk checks passed
2025-11-18 14:28:00+00:00,FILLED,0f78d4e0-78fd-4f09-88c7-963aee06bb03,SELL,MARKET,3.0,590.9,3.0,590.9,
2025-11-18 14:37:00+00:00,RISK_PASS,faa5a2b9-a42d-404d-9f9e-198120d0844d,BUY,MARKET,13,593.09,0,0.0,All risk checks passed
2025-11-18 14:37:00+00:00,FILLED,faa5a2b9-a42d-404d-9f9e-198120d0844d,BUY,MARKET,13,593.09,13,593.09,
2025-11-18 14:42:00+00:00,RISK_PASS,e4285c32-3208-40cb-872b-17e0a0110c36,SELL,MARKET,13.0,592.57,0,0.0,All risk checks passed
2025-11-18 14:42:00+00:00,FILLED,e4285c32-3208-40cb-872b-17e0a0110c36,SELL,MARKET,13.0,592.57,13.0,592.57,
2025-11-18 14:47:00+00:00,RISK_PASS,4b7e0193-8e74-4bcc-ba3e-edb9ea7fb3e4,BUY,MARKET,16,589.5,0,0.0,All risk checks passed
2025-11-18 14:47:00+00:00,FILLED,4b7e0193-8e74-4bcc-ba3e-edb9ea7fb3e4,BUY,MARKET,16,589.5,16,589.5,
2025-11-18 14:48:00+00:00,RISK_PASS,231a9ac6-5dfb-4fad-900b-36db66e847d5,SELL,MARKET,16.0,590.53,0,0.0,All risk checks passed
2025-11-18 14:48:00+00:00,FILLED,231a9ac6-5dfb-4fad-900b-36db66e847d5,SELL,MARKET,16.0,590.53,16.0,590.53,
2025-11-18 14:50:00+00:00,RISK_PASS,2c917272-5b07-4812-a087-6d99b59e59e9,BUY,MARKET,16,589.0501,0,0.0,All risk checks passed
2025-11-18 14:50:00+00:00,FILLED,2c917272-5b07-4812-a087-6d99b59e59e9,BUY,MARKET,16,589.0501,16,589.0501,
2025-11-18 14:51:00+00:00,RISK_PASS,29464a5d-27b4-46be-b51e-97c426370fcb,SELL,MARKET,16.0,588.61,0,0.0,All risk checks passed
2025-11-18 14:51:00+00:00,FILLED,29464a5d-27b4-46be-b51e-97c426370fcb,SELL,MARKET,16.0,588.61,16.0,588.61,
2025-11-18 14:53:00+00:00,RISK_PASS,9a5184d1-cff5-466a-ae35-0b6d8eafc19b,BUY,MARKET,16,587.77,0,0.0,All risk checks passed
2025-11-18 14:53:00+00:00,FILLED,9a5184d1-cff5-466a-ae35-0b6d8eafc19b,BUY,MARKET,16,587.77,16,587.77,
2025-11-18 14:54:00+00:00,RISK_PASS,73f1e231-0c48-435f-81c5-b820c58dd9ed,SELL,MARKET,16.0,587.39,0,0.0,All risk checks passed
2025-11-18 14:54:00+00:00,FILLED,73f1e231-0c48-435f-81c5-b820c58dd9ed,SELL,MARKET,16.0,587.39,16.0,587.39,
2025-11-18 14:55:00+00:00,RISK_PASS,64dc1826-157d-43f5-9c34-938822f52e3c,BUY,MARKET,17,587.09,0,0.0,All risk checks passed
2025-11-18 14:55:00+00:00,FILLED,64dc1826-157d-43f5-9c34-938822f52e3c,BUY,MARKET,17,587.09,17,587.09,
2025-11-18 14:56:00+00:00,RISK_PASS,9b7d7174-eea8-4614-ae7d-9a7f2eb5861c,SELL,MARKET,17.0,587.65,0,0.0,All risk checks passed
2025-11-18 14:56:00+00:00,REJECTED,9b7d7174-eea8-4614-ae7d-9a7f2eb5861c,SELL,MARKET,17.0,587.65,0,0.0,Random engine rejection
2025-11-18 14:57:00+00:00,RISK_PASS,7dcdc437-c08d-4ee4-a6ae-e9e97b81de9f,SELL,MARKET,17.0,588.26,0,0.0,All risk checks passed
2025-11-18 14:57:00+00:00,FILLED,7dcdc437-c08d-4ee4-a6ae-e9e97b81de9f,SELL,MARKET,17.0,588.26,17.0,588.26,
2025-11-18 14:59:00+00:00,RISK_PASS,b9bfc93c-d1d7-4e7a-b205-958d987d2755,BUY,MARKET,17,586.91,0,0.0,All risk checks passed
2025-11-18 14:59:00+00:00,FILLED,b9bfc93c-d1d7-4e7a-b205-958d987d2755,BUY,MARKET,17,586.91,17,586.91,
2025-11-18 15:00:00+00:00,RISK_PASS,8f3f3c4b-fa00-43f5-836b-fad0fba648ca,SELL,MARKET,17.0,587.105,0,0.0,All risk checks passed
2025-11-18 15:00:00+00:00,FILLED,8f3f3c4b-fa00-43f5-836b-fad0fba648ca,SELL,MARKET,17.0,587.105,17.0,587.105,
2025-11-18 15:01:00+00:00,RISK_PASS,80c1bc33-1a4d-4711-8098-9a42eb902cef,BUY,MARKET,17,585.92,0,0.0,All risk checks passed
2025-11-18 15:01:00+00:00,FILLED,80c1bc33-1a4d-4711-8098-9a42eb902cef,BUY,MARKET,17,585.92,17,585.92,
2025-11-18 15:02:00+00:00,RISK_PASS,205e5936-4b1d-4f5e-83e7-dbf412759414,SELL,MARKET,17.0,585.41,0,0.0,All risk checks passed
2025-11-18 15:02:00+00:00,FILLED,205e5936-4b1d-4f5e-83e7-dbf412759414,SELL,MARKET,17.0,585.41,17.0,585.41,
2025-11-18 15:03:00+00:00,RISK_PASS,faaafebc-fa8c-4ea0-bde9-5e925df135fa,BUY,MARKET,17,585.81,0,0.0,All risk checks passed
2025-11-18 15:03:00+00:00,FILLED,faaafebc-fa8c-4ea0-bde9-5e925df135fa,BUY,MARKET,17,585.81,17,585.81,
2025-11-18 15:04:00+00:00,RISK_PASS,eb9e84d6-db07-49dc-8798-b3cae0f9afd8,SELL,MARKET,17.0,584.32,0,0.0,All risk checks passed
2025-11-18 15:04:00+00:00,FILLED,eb9e84d6-db07-49dc-8798-b3cae0f9afd8,SELL,MARKET,17.0,584.32,17.0,584.32,
2025-11-18 15:32:00+00:00,RISK_PASS,cbb48262-b670-44d0-89eb-201904e16d92,BUY,MARKET,13,588.24,0,0.0,All risk checks passed
2025-11-18 15:32:00+00:00,FILLED,cbb48262-b670-44d0-89eb-201904e16d92,BUY,MARKET,13,588.24,13,588.24,
2025-11-18 15:33:00+00:00,RISK_PASS,19e42345-8a1e-4dc0-bdef-3f0acce534ed,SELL,MARKET,13.0,587.165,0,0.0,All risk checks passed
2025-11-18 15:33:00+00:00,FILLED,19e42345-8a1e-4dc0-bdef-3f0acce534ed,SELL,MARKET,13.0,587.165,7,587.165,
2025-11-18 15:34:00+00:00,RISK_PASS,aab0e3bb-4ba5-4680-8932-038667e87a52,BUY,MARKET,7,586.495,0,0.0,All risk checks passed
2025-11-18 15:34:00+00:00,RISK_PASS,5fa61d6f-b48a-40a9-9f6e-64db1c5d5bbb,SELL,MARKET,6.0,586.495,0,0.0,All risk checks passed
2025-11-18 15:34:00+00:00,FILLED,aab0e3bb-4ba5-4680-8932-038667e87a52,BUY,MARKET,7,586.495,2,586.495,
2025-11-18 15:34:00+00:00,FILLED,5fa61d6f-b48a-40a9-9f6e-64db1c5d5bbb,SELL,MARKET,6.0,586.495,6.0,586.495,
2025-11-18 15:35:00+00:00,RISK_PASS,8795257d-9d6f-499f-a101-776d83ff17ed,BUY,MARKET,11,585.975,0,0.0,All risk checks passed
2025-11-18 15:35:00+00:00,RISK_PASS,fcdd1ceb-f374-4dd4-aa90-4b32a81637eb,SELL,MARKET,2.0,585.975,0,0.0,All risk checks passed
2025-11-18 15:35:00+00:00,FILLED,8795257d-9d6f-499f-a101-776d83ff17ed,BUY,MARKET,11,585.975,11,585.975,
2025-11-18 15:35:00+00:00,FILLED,fcdd1ceb-f374-4dd4-aa90-4b32a81637eb,SELL,MARKET,2.0,585.975,2.0,585.975,
2025-11-18 15:36:00+00:00,RISK_PASS,f621d751-9453-4c16-a0bb-91b34c986c42,SELL,MARKET,11.0,585.84,0,0.0,All risk checks passed
2025-11-18 15:36:00+00:00,FILLED,f621d751-9453-4c16-a0bb-91b34c986c42,SELL,MARKET,11.0,585.84,11.0,585.84,
2025-11-18 15:41:00+00:00,RISK_PASS,992b4c15-66b4-41f5-a088-3bbcf1345a93,BUY,MARKET,13,588.37,0,0.0,All risk checks passed
2025-11-18 15:41:00+00:00,FILLED,992b4c15-66b4-41f5-a088-3bbcf1345a93,BUY,MARKET,13,588.37,13,588.37,
2025-11-18 15:43:00+00:00,RISK_PASS,c91cf98f-e9b6-4611-a9a4-91a74268ab0a,SELL,MARKET,13.0,586.03,0,0.0,All risk checks passed
2025-11-18 15:43:00+00:00,FILLED,c91cf98f-e9b6-4611-a9a4-91a74268ab0a,SELL,MARKET,13.0,586.03,13.0,586.03,
2025-11-18 15:45:00+00:00,RISK_PASS,091ea73a-7bf8-4516-9399-7b574c6d9fbd,BUY,MARKET,13,586.95,0,0.0,All risk checks passed
2025-11-18 15:45:00+00:00,FILLED,091ea73a-7bf8-4516-9399-7b574c6d9fbd,BUY,MARKET,13,586.95,13,586.95,
2025-11-18 16:03:00+00:00,RISK_PASS,f7a507fb-a713-45e9-8e2d-7ec0e877e11e,SELL,MARKET,13.0,585.755,0,0.0,All risk checks passed
2025-11-18 16:03:00+00:00,FILLED,f7a507fb-a713-45e9-8e2d-7ec0e877e11e,SELL,MARKET,13.0,585.755,13.0,585.755,
2025-11-18 16:12:00+00:00,RISK_PASS,aecc1511-c311-4592-b6a4-750e1a11beab,BUY,MARKET,13,589.525,0,0.0,All risk checks passed
2025-11-18 16:12:00+00:00,FILLED,aecc1511-c311-4592-b6a4-750e1a11beab,BUY,MARKET,13,589.525,13,589.525,
2025-11-18 16:13:00+00:00,RISK_PASS,2a0c13e6-aa4e-436f-a7f9-b2882b2bb9f7,SELL,MARKET,13.0,590.24,0,0.0,All risk checks passed
2025-11-18 16:13:00+00:00,FILLED,2a0c13e6-aa4e-436f-a7f9-b2882b2bb9f7,SELL,MARKET,13.0,590.24,13.0,590.24,
2025-11-18 16:14:00+00:00,RISK_PASS,31fa662e-0c41-49f9-b9fd-b5a3d184703a,BUY,MARKET,13,590.125,0,0.0,All risk checks passed
2025-11-18 16:14:00+00:00,FILLED,31fa662e-0c41-49f9-b9fd-b5a3d184703a,BUY,MARKET,13,590.125,13,590.125,
2025-11-18 16:15:00+00:00,RISK_PASS,45be2ffd-f696-4449-bda2-57394eb204db,SELL,MARKET,13.0,589.5294,0,0.0,All risk checks passed
2025-11-18 16:15:00+00:00,FILLED,45be2ffd-f696-4449-bda2-57394eb204db,SELL,MARKET,13.0,589.5294,7,589.5294,
2025-11-18 16:16:00+00:00,RISK_PASS,3f2964ab-4894-4fcb-94ee-bb53c4c5d02e,BUY,MARKET,7,590.27,0,0.0,All risk checks passed
2025-11-18 16:16:00+00:00,RISK_PASS,3968da0f-bbf2-43ac-901d-c36ad94926e3,SELL,MARKET,6.0,590.27,0,0.0,All risk checks passed
2025-11-18 16:16:00+00:00,REJECTED,3f2964ab-4894-4fcb-94ee-bb53c4c5d02e,BUY,MARKET,7,590.27,0,0.0,Random engine rejection
2025-11-18 16:16:00+00:00,FILLED,3968da0f-bbf2-43ac-901d-c36ad94926e3,SELL,MARKET,6.0,590.27,6.0,590.27,
2025-11-18 16:17:00+00:00,RISK_PASS,23cdef0b-7cef-413f-a81a-ef835f6bcdd8,BUY,MARKET,13,589.965,0,0.0,All risk checks passed
2025-11-18 16:17:00+00:00,FILLED,23cdef0b-7cef-413f-a81a-ef835f6bcdd8,BUY,MARKET,13,589.965,13,589.965,
2025-11-18 16:18:00+00:00,RISK_PASS,8fd97e94-6f33-4ffe-8676-7f6b45f884dc,SELL,MARKET,13.0,590.712,0,0.0,All risk checks passed
2025-11-18 16:18:00+00:00,FILLED,8fd97e94-6f33-4ffe-8676-7f6b45f884dc,SELL,MARKET,13.0,590.712,13.0,590.712,
2025-11-18 16:19:00+00:00,RISK_PASS,85ed2ac0-74af-49db-beba-0d7af4eb96cf,BUY,MARKET,13,590.8283,0,0.0,All risk checks passed
2025-11-18 16:19:00+00:00,FILLED,85ed2ac0-74af-49db-beba-0d7af4eb96cf,BUY,MARKET,13,590.8283,8,590.8283,
2025-11-18 16:20:00+00:00,RISK_PASS,f4d55655-41a8-4f5d-bc98-b25c77cd70d7,BUY,MARKET,5,591.82,0,0.0,All risk checks passed
2025-11-18 16:20:00+00:00,RISK_PASS,927328d9-1aab-4749-a098-cdc899d46393,SELL,MARKET,8.0,591.82,0,0.0,All risk checks passed
2025-11-18 16:20:00+00:00,FILLED,f4d55655-41a8-4f5d-bc98-b25c77cd70d7,BUY,MARKET,5,591.82,5,591.82,
2025-11-18 16:20:00+00:00,FILLED,927328d9-1aab-4749-a098-cdc899d46393,SELL,MARKET,8.0,591.82,8.0,591.82,
2025-11-18 16:21:00+00:00,RISK_PASS,135dbc29-3649-4e1f-95eb-5bd789b174da,BUY,MARKET,8,591.35,0,0.0,All risk checks passed
2025-11-18 16:21:00+00:00,RISK_PASS,65f729d3-5a15-4012-a508-a4b93671922b,SELL,MARKET,5.0,591.35,0,0.0,All risk checks passed
2025-11-18 16:21:00+00:00,FILLED,135dbc29-3649-4e1f-95eb-5bd789b174da,BUY,MARKET,8,591.35,2,591.35,
2025-11-18 16:21:00+00:00,FILLED,65f729d3-5a15-4012-a508-a4b93671922b,SELL,MARKET,5.0,591.35,1,591.35,
2025-11-18 16:22:00+00:00,RISK_PASS,4d0f21b4-b2d6-425f-8742-874d25a5a6c2,BUY,MARKET,7,591.99,0,0.0,All risk checks passed
2025-11-18 16:22:00+00:00,RISK_PASS,ae13d07f-ecef-4a98-acc1-338d8056f801,SELL,MARKET,6.0,591.99,0,0.0,All risk checks passed
2025-11-18 16:22:00+00:00,FILLED,4d0f21b4-b2d6-425f-8742-874d25a5a6c2,BUY,MARKET,7,591.99,7,591.99,
2025-11-18 16:22:00+00:00,FILLED,ae13d07f-ecef-4a98-acc1-338d8056f801,SELL,MARKET,6.0,591.99,6.0,591.99,
2025-11-18 16:23:00+00:00,RISK_PASS,6f24610a-e34f-4e16-b126-9ebd41a3ec87,BUY,MARKET,6,592.342,0,0.0,All risk checks passed
2025-11-18 16:23:00+00:00,RISK_PASS,67958467-53a0-408f-bef8-3bc5bfe3212d,SELL,MARKET,7.0,592.342,0,0.0,All risk checks passed
2025-11-18 16:23:00+00:00,FILLED,6f24610a-e34f-4e16-b126-9ebd41a3ec87,BUY,MARKET,6,592.342,6,592.342,
2025-11-18 16:23:00+00:00,FILLED,67958467-53a0-408f-bef8-3bc5bfe3212d,SELL,MARKET,7.0,592.342,7.0,592.342,
2025-11-18 16:24:00+00:00,RISK_PASS,157b9a81-33fa-48f1-a7d9-f05ffc13841c,BUY,MARKET,7,592.18,0,0.0,All risk checks passed
2025-11-18 16:24:00+00:00,RISK_PASS,c3887cb8-d64e-4934-a3cd-a4ae142d5257,SELL,MARKET,6.0,592.18,0,0.0,All risk checks passed
2025-11-18 16:24:00+00:00,FILLED,157b9a81-33fa-48f1-a7d9-f05ffc13841c,BUY,MARKET,7,592.18,7,592.18,
2025-11-18 16:24:00+00:00,FILLED,c3887cb8-d64e-4934-a3cd-a4ae142d5257,SELL,MARKET,6.0,592.18,6.0,592.18,
2025-11-18 16:25:00+00:00,RISK_PASS,26168e92-c94b-49a8-9b12-771ad52254f9,BUY,MARKET,6,593.1579,0,0.0,All risk checks passed
2025-11-18 16:25:00+00:00,RISK_PASS,1de121ad-984a-43de-b896-5617cec9a669,SELL,MARKET,7.0,593.1579,0,0.0,All risk checks passed
2025-11-18 16:25:00+00:00,FILLED,26168e92-c94b-49a8-9b12-771ad52254f9,BUY,MARKET,6,593.1579,6,593.1579,
2025-11-18 16:25:00+00:00,FILLED,1de121ad-984a-43de-b896-5617cec9a669,SELL,MARKET,7.0,593.1579,7.0,593.1579,
2025-11-18 16:26:00+00:00,RISK_PASS,72190903-f553-4014-b372-3407cbe3d87d,BUY,MARKET,7,593.155,0,0.0,All risk checks passed
2025-11-18 16:26:00+00:00,RISK_PASS,fd89f26a-4847-491c-8ada-52d21bebea00,SELL,MARKET,6.0,593.155,0,0.0,All risk checks passed
2025-11-18 16:26:00+00:00,FILLED,72190903-f553-4014-b372-3407cbe3d87d,BUY,MARKET,7,593.155,7,593.155,
2025-11-18 16:26:00+00:00,FILLED,fd89f26a-4847-491c-8ada-52d21bebea00,SELL,MARKET,6.0,593.155,6.0,593.155,
2025-11-18 16:27:00+00:00,RISK_PASS,06fdffea-f99b-4f8f-8fbf-a9e27b7ff1cc,BUY,MARKET,6,593.3151,0,0.0,All risk checks passed
2025-11-18 16:27:00+00:00,RISK_PASS,b329e998-34f6-4a8d-8018-06263ef5c6e6,SELL,MARKET,7.0,593.3151,0,0.0,All risk checks passed
2025-11-18 16:27:00+00:00,FILLED,06fdffea-f99b-4f8f-8fbf-a9e27b7ff1cc,BUY,MARKET,6,593.3151,1,593.3151,
2025-11-18 16:27:00+00:00,FILLED,b329e998-34f6-4a8d-8018-06263ef5c6e6,SELL,MARKET,7.0,593.3151,7.0,593.3151,
2025-11-18 16:28:00+00:00,RISK_PASS,280703f8-93c7-49df-a80b-80cb6a424dc8,BUY,MARKET,19,594.1,0,0.0,All risk checks passed
2025-11-18 16:28:00+00:00,RISK_PASS,3c64d00e-ce30-4a5e-9c50-045e36e2eb71,SELL,MARKET,1.0,594.1,0,0.0,All risk checks passed
2025-11-18 16:28:00+00:00,FILLED,280703f8-93c7-49df-a80b-80cb6a424dc8,BUY,MARKET,19,594.1,19,594.1,
2025-11-18 16:28:00+00:00,FILLED,3c64d00e-ce30-4a5e-9c50-045e36e2eb71,SELL,MARKET,1.0,594.1,1.0,594.1,
2025-11-18 16:29:00+00:00,RISK_PASS,890b76cc-5985-44f2-9afb-fb3c97a2dc75,BUY,MARKET,1,592.771,0,0.0,All risk checks passed
2025-11-18 16:29:00+00:00,RISK_PASS,490b0825-f8cc-42a1-abbc-61750f57212e,SELL,MARKET,19.0,592.771,0,0.0,All risk checks passed
2025-11-18 16:29:00+00:00,FILLED,890b76cc-5985-44f2-9afb-fb3c97a2dc75,BUY,MARKET,1,592.771,1,592.771,
2025-11-18 16:29:00+00:00,FILLED,490b0825-f8cc-42a1-abbc-61750f57212e,SELL,MARKET,19.0,592.771,19.0,592.771,
2025-11-18 16:30:00+00:00,RISK_PASS,64ece842-6973-4e47-b8fa-ef9a35395d4c,BUY,MARKET,12,592.93,0,0.0,All risk checks passed
2025-11-18 16:30:00+00:00,FILLED,64ece842-6973-4e47-b8fa-ef9a35395d4c,BUY,MARKET,12,592.93,12,592.93,
2025-11-18 16:31:00+00:00,RISK_PASS,001ebda3-79bc-422e-b277-f533f692fc21,BUY,MARKET,7,593.42,0,0.0,All risk checks passed
2025-11-18 16:31:00+00:00,RISK_PASS,84ad80f0-a1fb-4102-bf9f-888ddfdf57e1,SELL,MARKET,13.0,593.42,0,0.0,All risk checks passed
2025-11-18 16:31:00+00:00,FILLED,001ebda3-79bc-422e-b277-f533f692fc21,BUY,MARKET,7,593.42,7,593.42,
2025-11-18 16:31:00+00:00,FILLED,84ad80f0-a1fb-4102-bf9f-888ddfdf57e1,SELL,MARKET,13.0,593.42,13.0,593.42,
2025-11-18 16:32:00+00:00,RISK_PASS,683e8d10-2bf2-417f-8947-c5dc78ff27b4,BUY,MARKET,6,593.9,0,0.0,All risk checks passed
2025-11-18 16:32:00+00:00,RISK_PASS,bfed1eed-a348-44aa-aefd-c4bff2fc72ee,SELL,MARKET,7.0,593.9,0,0.0,All risk checks passed
2025-11-18 16:32:00+00:00,FILLED,683e8d10-2bf2-417f-8947-c5dc78ff27b4,BUY,MARKET,6,593.9,6,593.9,
2025-11-18 16:32:00+00:00,FILLED,bfed1eed-a348-44aa-aefd-c4bff2fc72ee,SELL,MARKET,7.0,593.9,5,593.9,
2025-11-18 16:33:00+00:00,RISK_PASS,03442b44-9d46-4b98-a1b6-246f70b60646,BUY,MARKET,12,593.711,0,0.0,All risk checks passed
2025-11-18 16:33:00+00:00,RISK_PASS,feb642bd-ff72-4ebe-9615-044305b78c44,SELL,MARKET,8.0,593.711,0,0.0,All risk checks passed
2025-11-18 16:33:00+00:00,FILLED,03442b44-9d46-4b98-a1b6-246f70b60646,BUY,MARKET,12,593.711,12,593.711,
2025-11-18 16:33:00+00:00,FILLED,feb642bd-ff72-4ebe-9615-044305b78c44,SELL,MARKET,8.0,593.711,8.0,593.711,
2025-11-18 16:34:00+00:00,RISK_PASS,969e19b3-e214-4bb4-b707-d3b5be1dd043,BUY,MARKET,8,593.48,0,0.0,All risk checks passed
2025-11-18 16:34:00+00:00,FILLED,969e19b3-e214-4bb4-b707-d3b5be1dd043,BUY,MARKET,8,593.48,8,593.48,
2025-11-18 17:06:00+00:00,RISK_PASS,f75c8e82-8b91-4d03-b269-0f28ad0a4ec9,SELL,MARKET,20.0,590.6509,0,0.0,All risk checks passed
2025-11-18 17:06:00+00:00,FILLED,f75c8e82-8b91-4d03-b269-0f28ad0a4ec9,SELL,MARKET,20.0,590.6509,20.0,590.6509,
2025-11-18 17:09:00+00:00,RISK_PASS,5ecdb94b-e7dd-4f12-8256-f07d109c44b0,BUY,MARKET,16,590.534,0,0.0,All risk checks passed
2025-11-18 17:09:00+00:00,FILLED,5ecdb94b-e7dd-4f12-8256-f07d109c44b0,BUY,MARKET,16,590.534,16,590.534,
2025-11-18 17:10:00+00:00,RISK_PASS,d938dcc4-b658-481e-b128-8d01b718152b,SELL,MARKET,16.0,590.215,0,0.0,All risk checks passed
2025-11-18 17:10:00+00:00,FILLED,d938dcc4-b658-481e-b128-8d01b718152b,SELL,MARKET,16.0,590.215,16.0,590.215,
2025-11-18 17:11:00+00:00,RISK_PASS,53e8cf81-f219-4084-be90-6a2ee3e0a9c7,BUY,MARKET,16,590.51,0,0.0,All risk checks passed
2025-11-18 17:11:00+00:00,FILLED,53e8cf81-f219-4084-be90-6a2ee3e0a9c7,BUY,MARKET,16,590.51,16,590.51,
2025-11-18 17:12:00+00:00,RISK_PASS,bc18e41e-5112-43f2-9b3a-d6dcd47e90df,SELL,MARKET,16.0,590.8755,0,0.0,All risk checks passed
2025-11-18 17:12:00+00:00,REJECTED,bc18e41e-5112-43f2-9b3a-d6dcd47e90df,SELL,MARKET,16.0,590.8755,0,0.0,Random engine rejection
2025-11-18 17:13:00+00:00,RISK_PASS,bc6873c3-890b-4607-b64e-1141b5445254,SELL,MARKET,16.0,591.0,0,0.0,All risk checks passed
2025-11-18 17:13:00+00:00,FILLED,bc6873c3-890b-4607-b64e-1141b5445254,SELL,MARKET,16.0,591.0,16.0,591.0,
2025-11-18 17:14:00+00:00,RISK_PASS,e6f92a54-20a3-4956-9708-f2cccdcbf44c,BUY,MARKET,16,590.1125,0,0.0,All risk checks passed
2025-11-18 17:14:00+00:00,FILLED,e6f92a54-20a3-4956-9708-f2cccdcbf44c,BUY,MARKET,16,590.1125,16,590.1125,
2025-11-18 17:15:00+00:00,RISK_PASS,6d66f2e5-7597-456a-93f5-6a48cb4de3ca,SELL,MARKET,16.0,590.7018,0,0.0,All risk checks passed
2025-11-18 17:15:00+00:00,FILLED,6d66f2e5-7597-456a-93f5-6a48cb4de3ca,SELL,MARKET,16.0,590.7018,16.0,590.7018,
2025-11-18 17:16:00+00:00,RISK_PASS,cac54e30-5c79-47ed-858d-5667828be6e1,BUY,MARKET,16,590.7599,0,0.0,All risk checks passed
2025-11-18 17:16:00+00:00,FILLED,cac54e30-5c79-47ed-858d-5667828be6e1,BUY,MARKET,16,590.7599,16,590.7599,
2025-11-18 17:17:00+00:00,RISK_PASS,17c8e822-ba9c-434f-b2af-f1e9b6227db7,SELL,MARKET,16.0,589.8538,0,0.0,All risk checks passed
2025-11-18 17:17:00+00:00,REJECTED,17c8e822-ba9c-434f-b2af-f1e9b6227db7,SELL,MARKET,16.0,589.8538,0,0.0,Random engine rejection
2025-11-18 17:18:00+00:00,RISK_PASS,598a9558-9b9b-44a4-b0ac-46771d7f857c,SELL,MARKET,16.0,590.08,0,0.0,All risk checks passed
2025-11-18 17:18:00+00:00,FILLED,598a9558-9b9b-44a4-b0ac-46771d7f857c,SELL,MARKET,16.0,590.08,16.0,590.08,
2025-11-18 17:27:00+00:00,RISK_PASS,d9b12d4b-9d30-4f10-842b-827f57fb9ff9,BUY,MARKET,16,588.38,0,0.0,All risk checks passed
2025-11-18 17:27:00+00:00,FILLED,d9b12d4b-9d30-4f10-842b-827f57fb9ff9,BUY,MARKET,16,588.38,16,588.38,
2025-11-18 17:28:00+00:00,RISK_PASS,fb7b3555-5fe0-4527-a300-fe873042a853,SELL,MARKET,16.0,588.61,0,0.0,All risk checks passed
2025-11-18 17:28:00+00:00,FILLED,fb7b3555-5fe0-4527-a300-fe873042a853,SELL,MARKET,16.0,588.61,16.0,588.61,
2025-11-18 17:29:00+00:00,RISK_PASS,7fad1a94-3cbb-48e8-b898-ade864ad0618,BUY,MARKET,16,588.5646,0,0.0,All risk checks passed
2025-11-18 17:29:00+00:00,REJECTED,7fad1a94-3cbb-48e8-b898-ade864ad0618,BUY,MARKET,16,588.5646,0,0.0,Random engine rejection
2025-11-18 17:30:00+00:00,RISK_PASS,7d7163cf-20ae-47f2-848a-2ebcfabe9e89,BUY,MARKET,16,588.3325,0,0.0,All risk checks passed
2025-11-18 17:30:00+00:00,FILLED,7d7163cf-20ae-47f2-848a-2ebcfabe9e89,BUY,MARKET,16,588.3325,16,588.3325,
2025-11-18 17:31:00+00:00,RISK_PASS,4b6dfe38-4889-43e6-95e9-f5d52e8baaf1,SELL,MARKET,16.0,587.6,0,0.0,All risk checks passed
2025-11-18 17:31:00+00:00,FILLED,4b6dfe38-4889-43e6-95e9-f5d52e8baaf1,SELL,MARKET,16.0,587.6,16.0,587.6,
2025-11-18 17:32:00+00:00,RISK_PASS,3008163c-bfcd-46e4-93e8-7ab373cb0ffb,BUY,MARKET,16,587.32,0,0.0,All risk checks passed
2025-11-18 17:32:00+00:00,FILLED,3008163c-bfcd-46e4-93e8-7ab373cb0ffb,BUY,MARKET,16,587.32,6,587.32,
2025-11-18 17:33:00+00:00,RISK_PASS,daf0a46c-38fd-4284-805c-0146da83347e,BUY,MARKET,10,587.61,0,0.0,All risk checks passed
2025-11-18 17:33:00+00:00,RISK_PASS,f20314ac-5170-4fa6-9f76-781cb44075db,SELL,MARKET,6.0,587.61,0,0.0,All risk checks passed
2025-11-18 17:33:00+00:00,FILLED,daf0a46c-38fd-4284-805c-0146da83347e,BUY,MARKET,10,587.61,10,587.61,
2025-11-18 17:33:00+00:00,FILLED,f20314ac-5170-4fa6-9f76-781cb44075db,SELL,MARKET,6.0,587.61,2,587.61,
2025-11-18 17:34:00+00:00,RISK_PASS,c29f4484-1537-4501-8424-917736bd2117,SELL,MARKET,14.0,588.33,0,0.0,All risk checks passed
2025-11-18 17:34:00+00:00,FILLED,c29f4484-1537-4501-8424-917736bd2117,SELL,MARKET,14.0,588.33,14.0,588.33,
2025-11-18 17:35:00+00:00,RISK_PASS,5eb64470-9591-4f30-a69e-cb90f0b7b719,BUY,MARKET,16,588.3054,0,0.0,All risk checks passed
2025-11-18 17:35:00+00:00,FILLED,5eb64470-9591-4f30-a69e-cb90f0b7b719,BUY,MARKET,16,588.3054,16,588.3054,
2025-11-18 17:36:00+00:00,RISK_PASS,e6e2fc10-0ac0-4446-9e3b-cb05aecc3694,SELL,MARKET,16.0,588.85,0,0.0,All risk checks passed
2025-11-18 17:36:00+00:00,FILLED,e6e2fc10-0ac0-4446-9e3b-cb05aecc3694,SELL,MARKET,16.0,588.85,16.0,588.85,
2025-11-18 17:43:00+00:00,RISK_PASS,15f6380e-1db0-4246-9871-fb0b09503621,BUY,MARKET,13,595.615,0,0.0,All risk checks passed
2025-11-18 17:43:00+00:00,FILLED,15f6380e-1db0-4246-9871-fb0b09503621,BUY,MARKET,13,595.615,13,595.615,
2025-11-18 17:44:00+00:00,RISK_PASS,fe21ff94-e6e0-4dd5-aaf5-44efbfc2c65b,SELL,MARKET,13.0,597.519,0,0.0,All risk checks passed
2025-11-18 17:44:00+00:00,FILLED,fe21ff94-e6e0-4dd5-aaf5-44efbfc2c65b,SELL,MARKET,13.0,597.519,13.0,597.519,
2025-11-18 17:45:00+00:00,RISK_PASS,c6b40bbf-a3d8-403e-ae04-03eb02b577ba,BUY,MARKET,13,595.73,0,0.0,All risk checks passed
2025-11-18 17:45:00+00:00,REJECTED,c6b40bbf-a3d8-403e-ae04-03eb02b577ba,BUY,MARKET,13,595.73,0,0.0,Random engine rejection
2025-11-18 17:46:00+00:00,RISK_PASS,abc67e08-cf4d-4eaf-93b9-9c125c5b7aca,BUY,MARKET,13,595.065,0,0.0,All risk checks passed
2025-11-18 17:46:00+00:00,FILLED,abc67e08-cf4d-4eaf-93b9-9c125c5b7aca,BUY,MARKET,13,595.065,13,595.065,
2025-11-18 17:47:00+00:00,RISK_PASS,e890afa9-538e-47c3-97d0-cebf64f1f6e5,SELL,MARKET,13.0,596.27,0,0.0,All risk checks passed
2025-11-18 17:47:00+00:00,FILLED,e890afa9-538e-47c3-97d0-cebf64f1f6e5,SELL,MARKET,13.0,596.27,13.0,596.27,
2025-11-18 17:48:00+00:00,RISK_PASS,75495625-3e75-4b75-ad48-3ff05d4bfd5e,BUY,MARKET,13,596.4,0,0.0,All risk checks passed
2025-11-18 17:48:00+00:00,FILLED,75495625-3e75-4b75-ad48-3ff05d4bfd5e,BUY,MARKET,13,596.4,9,596.4,
2025-11-18 17:49:00+00:00,RISK_PASS,252b9ab0-c510-4cab-8982-17a38ab0883e,BUY,MARKET,4,596.44,0,0.0,All risk checks passed
2025-11-18 17:49:00+00:00,RISK_PASS,630ab170-ac3d-43d8-9565-a426cb8bdbe2,SELL,MARKET,9.0,596.44,0,0.0,All risk checks passed
2025-11-18 17:49:00+00:00,FILLED,252b9ab0-c510-4cab-8982-17a38ab0883e,BUY,MARKET,4,596.44,4,596.44,
2025-11-18 17:49:00+00:00,FILLED,630ab170-ac3d-43d8-9565-a426cb8bdbe2,SELL,MARKET,9.0,596.44,9.0,596.44,
2025-11-18 17:50:00+00:00,RISK_PASS,51b6f08a-4191-4008-b545-a63c60820da5,BUY,MARKET,9,596.025,0,0.0,All risk checks passed
2025-11-18 17:50:00+00:00,RISK_PASS,ecb728fc-eaea-4770-a561-f6941d3b75c6,SELL,MARKET,4.0,596.025,0,0.0,All risk checks passed
2025-11-18 17:50:00+00:00,FILLED,51b6f08a-4191-4008-b545-a63c60820da5,BUY,MARKET,9,596.025,9,596.025,
2025-11-18 17:50:00+00:00,FILLED,ecb728fc-eaea-4770-a561-f6941d3b75c6,SELL,MARKET,4.0,596.025,4.0,596.025,
2025-11-18 17:51:00+00:00,RISK_PASS,3bab66d6-e017-4725-844a-b9345130a5f9,BUY,MARKET,4,595.3051,0,0.0,All risk checks passed
2025-11-18 17:51:00+00:00,RISK_PASS,91fac1a0-f882-4bfc-adb6-1d65a3e8ad44,SELL,MARKET,9.0,595.3051,0,0.0,All risk checks passed
2025-11-18 17:51:00+00:00,FILLED,3bab66d6-e017-4725-844a-b9345130a5f9,BUY,MARKET,4,595.3051,4,595.3051,
2025-11-18 17:51:00+00:00,FILLED,91fac1a0-f882-4bfc-adb6-1d65a3e8ad44,SELL,MARKET,9.0,595.3051,9.0,595.3051,
2025-11-18 17:52:00+00:00,RISK_PASS,9031a9c8-cfde-4bb9-b80f-6bec76134789,BUY,MARKET,9,596.65,0,0.0,All risk checks passed
2025-11-18 17:52:00+00:00,RISK_PASS,bbb931c1-772f-4bb5-8d19-ba5b7bde5bbd,SELL,MARKET,4.0,596.65,0,0.0,All risk checks passed
2025-11-18 17:52:00+00:00,FILLED,9031a9c8-cfde-4bb9-b80f-6bec76134789,BUY,MARKET,9,596.65,9,596.65,
2025-11-18 17:52:00+00:00,FILLED,bbb931c1-772f-4bb5-8d19-ba5b7bde5bbd,SELL,MARKET,4.0,596.65,4.0,596.65,
2025-11-18 17:53:00+00:00,RISK_PASS,f1a863da-1dcc-4b05-be31-3667b3736f66,BUY,MARKET,4,597.5,0,0.0,All risk checks passed
2025-11-18 17:53:00+00:00,FILLED,f1a863da-1dcc-4b05-be31-3667b3736f66,BUY,MARKET,4,597.5,4,597.5,
2025-11-18 18:06:00+00:00,RISK_PASS,bb1924ae-ed80-408a-a659-29cb641222be,BUY,MARKET,7,598.05,0,0.0,All risk checks passed
2025-11-18 18:06:00+00:00,FILLED,bb1924ae-ed80-408a-a659-29cb641222be,BUY,MARKET,7,598.05,7,598.05,
2025-11-18 18:26:00+00:00,RISK_PASS,cc8f217d-f91c-4e2d-89a2-7dd37aeb0d53,SELL,MARKET,20.0,595.58,0,0.0,All risk checks passed
2025-11-18 18:26:00+00:00,FILLED,cc8f217d-f91c-4e2d-89a2-7dd37aeb0d53,SELL,MARKET,20.0,595.58,20.0,595.58,
2025-11-18 18:27:00+00:00,RISK_PASS,c72601b4-f16e-43d1-ad5b-dd9bca2eb306,BUY,MARKET,16,596.2015,0,0.0,All risk checks passed
2025-11-18 18:27:00+00:00,FILLED,c72601b4-f16e-43d1-ad5b-dd9bca2eb306,BUY,MARKET,16,596.2015,8,596.2015,
2025-11-18 18:28:00+00:00,RISK_PASS,5844a1f6-e554-49d1-93f6-a2170b9915f8,BUY,MARKET,8,595.165,0,0.0,All risk checks passed
2025-11-18 18:28:00+00:00,RISK_PASS,e3fb5322-04f7-422c-87fb-6b58a5d2793b,SELL,MARKET,8.0,595.165,0,0.0,All risk checks passed
2025-11-18 18:28:00+00:00,FILLED,5844a1f6-e554-49d1-93f6-a2170b9915f8,BUY,MARKET,8,595.165,8,595.165,
2025-11-18 18:28:00+00:00,REJECTED,e3fb5322-04f7-422c-87fb-6b58a5d2793b,SELL,MARKET,8.0,595.165,0,0.0,Random engine rejection
2025-11-18 18:29:00+00:00,RISK_PASS,e80201b5-b61f-4f40-b7fe-d775d29370fd,SELL,MARKET,16.0,594.7901,0,0.0,All risk checks passed
2025-11-18 18:29:00+00:00,FILLED,e80201b5-b61f-4f40-b7fe-d775d29370fd,SELL,MARKET,16.0,594.7901,11,594.7901,
2025-11-18 18:30:00+00:00,RISK_PASS,c9a17fe0-6ccd-4a0f-b7db-419522104a72,BUY,MARKET,11,595.6,0,0.0,All risk checks passed
2025-11-18 18:30:00+00:00,RISK_PASS,b70820a4-935e-447d-972e-374002a64a39,SELL,MARKET,5.0,595.6,0,0.0,All risk checks passed
2025-11-18 18:30:00+00:00,FILLED,c9a17fe0-6ccd-4a0f-b7db-419522104a72,BUY,MARKET,11,595.6,11,595.6,
2025-11-18 18:30:00+00:00,FILLED,b70820a4-935e-447d-972e-374002a64a39,SELL,MARKET,5.0,595.6,5.0,595.6,
2025-11-18 18:31:00+00:00,RISK_PASS,57e0c355-4be9-4a29-8bd6-45782aa5ce62,BUY,MARKET,5,596.06,0,0.0,All risk checks passed
2025-11-18 18:31:00+00:00,RISK_PASS,50cbcef0-0aa2-4028-9006-bd840ed5c295,SELL,MARKET,11.0,596.06,0,0.0,All risk checks passed
2025-11-18 18:31:00+00:00,FILLED,57e0c355-4be9-4a29-8bd6-45782aa5ce62,BUY,MARKET,5,596.06,5,596.06,
2025-11-18 18:31:00+00:00,FILLED,50cbcef0-0aa2-4028-9006-bd840ed5c295,SELL,MARKET,11.0,596.06,11.0,596.06,
2025-11-18 18:32:00+00:00,RISK_PASS,812e3f30-73e5-42a5-bb82-5084b0cd5dc7,BUY,MARKET,11,596.18,0,0.0,All risk checks passed
2025-11-18 18:32:00+00:00,RISK_PASS,194b51e9-cbc3-456c-b7fd-f21670221ebe,SELL,MARKET,5.0,596.18,0,0.0,All risk checks passed
2025-11-18 18:32:00+00:00,FILLED,812e3f30-73e5-42a5-bb82-5084b0cd5dc7,BUY,MARKET,11,596.18,11,596.18,
2025-11-18 18:32:00+00:00,FILLED,194b51e9-cbc3-456c-b7fd-f21670221ebe,SELL,MARKET,5.0,596.18,5.0,596.18,
2025-11-18 18:33:00+00:00,RISK_PASS,7ef0176f-f476-4a0c-af40-7ff38a2cf4ef,BUY,MARKET,5,597.0,0,0.0,All risk checks passed
2025-11-18 18:33:00+00:00,RISK_PASS,20b8079f-77fd-4e75-83dc-800319a1d01c,SELL,MARKET,11.0,597.0,0,0.0,All risk checks passed
2025-11-18 18:33:00+00:00,FILLED,7ef0176f-f476-4a0c-af40-7ff38a2cf4ef,BUY,MARKET,5,597.0,5,597.0,
2025-11-18 18:33:00+00:00,FILLED,20b8079f-77fd-4e75-83dc-800319a1d01c,SELL,MARKET,11.0,597.0,11.0,597.0,
2025-11-18 18:34:00+00:00,RISK_PASS,7614045d-90eb-4404-9027-85dd432a24fb,BUY,MARKET,11,597.39,0,0.0,All risk checks passed
2025-11-18 18:34:00+00:00,RISK_PASS,55fe2110-9843-472c-935c-134accf7cdb7,SELL,MARKET,5.0,597.39,0,0.0,All risk checks passed
2025-11-18 18:34:00+00:00,FILLED,7614045d-90eb-4404-9027-85dd432a24fb,BUY,MARKET,11,597.39,11,597.39,
2025-11-18 18:34:00+00:00,FILLED,55fe2110-9843-472c-935c-134accf7cdb7,SELL,MARKET,5.0,597.39,5.0,597.39,
2025-11-18 18:35:00+00:00,RISK_PASS,67b8277c-6630-4d4d-b451-be899d135431,BUY,MARKET,5,597.295,0,0.0,All risk checks passed
2025-11-18 18:35:00+00:00,RISK_PASS,b9f0bc7d-5571-4cd5-92e4-36bbb3fdb358,SELL,MARKET,11.0,597.295,0,0.0,All risk checks passed
2025-11-18 18:35:00+00:00,FILLED,67b8277c-6630-4d4d-b451-be899d135431,BUY,MARKET,5,597.295,1,597.295,
2025-11-18 18:35:00+00:00,FILLED,b9f0bc7d-5571-4cd5-92e4-36bbb3fdb358,SELL,MARKET,11.0,597.295,11.0,597.295,
2025-11-18 18:36:00+00:00,RISK_PASS,10fd76f3-2dcd-49d7-8fac-57d02fc54d17,BUY,MARKET,15,597.25,0,0.0,All risk checks passed
2025-11-18 18:36:00+00:00,RISK_PASS,0fbbd421-fdf8-4db6-af42-3d51cfc221c7,SELL,MARKET,1.0,597.25,0,0.0,All risk checks passed
2025-11-18 18:36:00+00:00,FILLED,10fd76f3-2dcd-49d7-8fac-57d02fc54d17,BUY,MARKET,15,597.25,15,597.25,
2025-11-18 18:36:00+00:00,FILLED,0fbbd421-fdf8-4db6-af42-3d51cfc221c7,SELL,MARKET,1.0,597.25,1.0,597.25,
2025-11-18 18:37:00+00:00,RISK_PASS,5f3a7e9a-2f21-4f3a-98a8-0b64d5f07d06,BUY,MARKET,1,597.155,0,0.0,All risk checks passed
2025-11-18 18:37:00+00:00,RISK_PASS,bdf4a2a3-5e3a-4e33-92e4-a64d8e613b1c,SELL,MARKET,15.0,597.155,0,0.0,All risk checks passed
2025-11-18 18:37:00+00:00,FILLED,5f3a7e9a-2f21-4f3a-98a8-0b64d5f07d06,BUY,MARKET,1,597.155,1,597.155,
2025-11-18 18:37:00+00:00,FILLED,bdf4a2a3-5e3a-4e33-92e4-a64d8e613b1c,SELL,MARKET,15.0,597.155,15.0,597.155,
2025-11-18 18:38:00+00:00,RISK_PASS,ccafb6fc-4bc1-49ce-aeb6-733c9e124f18,BUY,MARKET,15,597.565,0,0.0,All risk checks passed
2025-11-18 18:38:00+00:00,RISK_PASS,9f676cb0-72c8-4877-9982-5ed91b0ce07a,SELL,MARKET,1.0,597.565,0,0.0,All risk checks passed
2025-11-18 18:38:00+00:00,FILLED,ccafb6fc-4bc1-49ce-aeb6-733c9e124f18,BUY,MARKET,15,597.565,15,597.565,
2025-11-18 18:38:00+00:00,FILLED,9f676cb0-72c8-4877-9982-5ed91b0ce07a,SELL,MARKET,1.0,597.565,1.0,597.565,
2025-11-18 18:39:00+00:00,RISK_PASS,d5ab7e24-2663-41f4-bb53-18cfa9f45a2c,SELL,MARKET,15.0,597.855,0,0.0,All risk checks passed
2025-11-18 18:39:00+00:00,FILLED,d5ab7e24-2663-41f4-bb53-18cfa9f45a2c,SELL,MARKET,15.0,597.855,8,597.855,
2025-11-18 18:40:00+00:00,RISK_PASS,c9488c24-6544-4930-ac71-376f1a7760e8,BUY,MARKET,6,599.32,0,0.0,All risk checks passed
2025-11-18 18:40:00+00:00,RISK_PASS,ad46f224-903b-4885-acce-1995ced5e8dc,SELL,MARKET,7.0,599.32,0,0.0,All risk checks passed
2025-11-18 18:40:00+00:00,FILLED,c9488c24-6544-4930-ac71-376f1a7760e8,BUY,MARKET,6,599.32,6,599.32,
2025-11-18 18:40:00+00:00,FILLED,ad46f224-903b-4885-acce-1995ced5e8dc,SELL,MARKET,7.0,599.32,7.0,599.32,
2025-11-18 18:41:00+00:00,RISK_PASS,91376da6-425e-4374-b47b-724b91d27568,BUY,MARKET,13,600.19,0,0.0,All risk checks passed
2025-11-18 18:41:00+00:00,RISK_PASS,3e97cd70-f23f-4fa6-b8a6-e686ffba0090,SELL,MARKET,6.0,600.19,0,0.0,All risk checks passed
2025-11-18 18:41:00+00:00,REJECTED,91376da6-425e-4374-b47b-724b91d27568,BUY,MARKET,13,600.19,0,0.0,Random engine rejection
2025-11-18 18:41:00+00:00,FILLED,3e97cd70-f23f-4fa6-b8a6-e686ffba0090,SELL,MARKET,6.0,600.19,6.0,600.19,
2025-11-18 18:42:00+00:00,RISK_PASS,68528d71-fc0f-4672-9dca-54646a8aa6c0,BUY,MARKET,13,599.42,0,0.0,All risk checks passed
2025-11-18 18:42:00+00:00,FILLED,68528d71-fc0f-4672-9dca-54646a8aa6c0,BUY,MARKET,13,599.42,13,599.42,
2025-11-18 18:43:00+00:00,RISK_PASS,495c0b9c-5106-4bce-8bc8-2fbd4cc7b06c,SELL,MARKET,13.0,598.32,0,0.0,All risk checks passed
2025-11-18 18:43:00+00:00,FILLED,495c0b9c-5106-4bce-8bc8-2fbd4cc7b06c,SELL,MARKET,13.0,598.32,13.0,598.32,
2025-11-18 18:44:00+00:00,RISK_PASS,e61e0189-54b2-4957-be27-2581bef4068d,BUY,MARKET,13,598.319,0,0.0,All risk checks passed
2025-11-18 18:44:00+00:00,FILLED,e61e0189-54b2-4957-be27-2581bef4068d,BUY,MARKET,13,598.319,13,598.319,
2025-11-18 19:18:00+00:00,RISK_PASS,7b47f979-ec68-4817-b27e-743d48414daf,SELL,MARKET,13.0,600.1537,0,0.0,All risk checks passed
2025-11-18 19:18:00+00:00,FILLED,7b47f979-ec68-4817-b27e-743d48414daf,SELL,MARKET,13.0,600.1537,13.0,600.1537,
2025-11-18 19:19:00+00:00,RISK_PASS,abead4bb-67be-4bf9-8068-4b7f11f1d972,BUY,MARKET,13,600.6,0,0.0,All risk checks passed
2025-11-18 19:19:00+00:00,REJECTED,abead4bb-67be-4bf9-8068-4b7f11f1d972,BUY,MARKET,13,600.6,0,0.0,Random engine rejection
2025-11-18 19:20:00+00:00,RISK_PASS,52fb1a7c-0be0-4e98-86b0-3916f0f9ce61,BUY,MARKET,13,600.24,0,0.0,All risk checks passed
2025-11-18 19:20:00+00:00,FILLED,52fb1a7c-0be0-4e98-86b0-3916f0f9ce61,BUY,MARKET,13,600.24,13,600.24,
2025-11-18 19:40:00+00:00,RISK_PASS,5f179ee7-03eb-4ced-8fb0-5010e96d30d9,SELL,MARKET,13.0,603.13,0,0.0,All risk checks passed
2025-11-18 19:40:00+00:00,FILLED,5f179ee7-03eb-4ced-8fb0-5010e96d30d9,SELL,MARKET,13.0,603.13,13.0,603.13,
2025-11-18 19:41:00+00:00,RISK_PASS,927e7f8d-8a20-4212-a567-0e9ebc3300d5,BUY,MARKET,13,602.87,0,0.0,All risk checks passed
2025-11-18 19:41:00+00:00,FILLED,927e7f8d-8a20-4212-a567-0e9ebc3300d5,BUY,MARKET,13,602.87,13,602.87,
2025-11-18 19:42:00+00:00,RISK_PASS,c3c453fd-417a-4f8a-8e6e-8b2a97b8252b,SELL,MARKET,13.0,602.5866,0,0.0,All risk checks passed
2025-11-18 19:42:00+00:00,FILLED,c3c453fd-417a-4f8a-8e6e-8b2a97b8252b,SELL,MARKET,13.0,602.5866,13.0,602.5866,
2025-11-18 19:43:00+00:00,RISK_PASS,9dc02ca5-7668-4e8a-9ba7-95e3d343f922,BUY,MARKET,13,602.8152,0,0.0,All risk checks passed
2025-11-18 19:43:00+00:00,FILLED,9dc02ca5-7668-4e8a-9ba7-95e3d343f922,BUY,MARKET,13,602.8152,5,602.8152,
2025-11-18 19:44:00+00:00,RISK_PASS,eb9b82bd-10d7-4873-9c4a-71a17ca48d0b,BUY,MARKET,8,601.53,0,0.0,All risk checks passed
2025-11-18 19:44:00+00:00,FILLED,eb9b82bd-10d7-4873-9c4a-71a17ca48d0b,BUY,MARKET,8,601.53,8,601.53,
2025-11-18 19:45:00+00:00,RISK_PASS,58dd10ef-444d-4ee2-a59f-0a56c9f77fdd,SELL,MARKET,13.0,602.4,0,0.0,All risk checks passed
2025-11-18 19:45:00+00:00,REJECTED,58dd10ef-444d-4ee2-a59f-0a56c9f77fdd,SELL,MARKET,13.0,602.4,0,0.0,Random engine rejection
2025-11-18 19:46:00+00:00,RISK_PASS,9838d012-29a6-48be-b0b3-575a61c9c358,SELL,MARKET,13.0,602.3779,0,0.0,All risk checks passed
2025-11-18 19:46:00+00:00,FILLED,9838d012-29a6-48be-b0b3-575a61c9c358,SELL,MARKET,13.0,602.3779,9,602.3779,
2025-11-18 19:47:00+00:00,RISK_PASS,0d18970e-b3da-46a4-8956-02ff8acdd40d,BUY,MARKET,9,603.5404,0,0.0,All risk checks passed
2025-11-18 19:47:00+00:00,RISK_PASS,56765eef-7ddb-420c-974b-0bff2c6ad58f,SELL,MARKET,4.0,603.5404,0,0.0,All risk checks passed
2025-11-18 19:47:00+00:00,FILLED,0d18970e-b3da-46a4-8956-02ff8acdd40d,BUY,MARKET,9,603.5404,9,603.5404,
2025-11-18 19:47:00+00:00,FILLED,56765eef-7ddb-420c-974b-0bff2c6ad58f,SELL,MARKET,4.0,603.5404,4.0,603.5404,
2025-11-18 19:48:00+00:00,RISK_PASS,c253003e-9069-4e81-af13-a532dc67fdc6,BUY,MARKET,4,602.68,0,0.0,All risk checks passed
2025-11-18 19:48:00+00:00,FILLED,c253003e-9069-4e81-af13-a532dc67fdc6,BUY,MARKET,4,602.68,4,602.68,
2025-11-18 20:08:00+00:00,RISK_PASS,27b100d3-84f9-4f5d-acac-953a6f1dc6b2,SELL,MARKET,13.0,599.95,0,0.0,All risk checks passed
2025-11-18 20:08:00+00:00,FILLED,27b100d3-84f9-4f5d-acac-953a6f1dc6b2,SELL,MARKET,13.0,599.95,13.0,599.95,
2025-11-18 20:13:00+00:00,RISK_PASS,7227d33a-f7e5-444d-bbd4-3fb8119cecaa,BUY,MARKET,16,599.885,0,0.0,All risk checks passed
2025-11-18 20:13:00+00:00,FILLED,7227d33a-f7e5-444d-bbd4-3fb8119cecaa,BUY,MARKET,16,599.885,16,599.885,
2025-11-18 20:14:00+00:00,RISK_PASS,27701b7b-0cf2-4410-9620-ae7c93e7d8f9,SELL,MARKET,16.0,600.03,0,0.0,All risk checks passed
2025-11-18 20:14:00+00:00,FILLED,27701b7b-0cf2-4410-9620-ae7c93e7d8f9,SELL,MARKET,16.0,600.03,16.0,600.03,
2025-11-18 20:42:00+00:00,RISK_PASS,b3a7a17a-be7a-42b5-a9f3-2b019f215c67,BUY,MARKET,13,601.155,0,0.0,All risk checks passed
2025-11-18 20:42:00+00:00,FILLED,b3a7a17a-be7a-42b5-a9f3-2b019f215c67,BUY,MARKET,13,601.155,13,601.155,
2025-11-18 20:55:00+00:00,RISK_PASS,ead4629d-7671-4959-9964-7f050f0dc256,BUY,MARKET,3,599.04,0,0.0,All risk checks passed
2025-11-18 20:55:00+00:00,RISK_PASS,a3b33644-bd42-4996-a762-47be9208556c,SELL,MARKET,13.0,599.04,0,0.0,All risk checks passed
2025-11-18 20:55:00+00:00,FILLED,ead4629d-7671-4959-9964-7f050f0dc256,BUY,MARKET,3,599.04,3,599.04,
2025-11-18 20:55:00+00:00,FILLED,a3b33644-bd42-4996-a762-47be9208556c,SELL,MARKET,13.0,599.04,2,599.04,
2025-11-18 20:56:00+00:00,RISK_PASS,c396fc55-537b-42f7-af0d-ba0abd9ca939,BUY,MARKET,2,598.53,0,0.0,All risk checks passed
2025-11-18 20:56:00+00:00,RISK_PASS,02740da1-f257-4c9c-8ad4-b8c91231c480,SELL,MARKET,14.0,598.53,0,0.0,All risk checks passed
2025-11-18 20:56:00+00:00,FILLED,c396fc55-537b-42f7-af0d-ba0abd9ca939,BUY,MARKET,2,598.53,2,598.53,
2025-11-18 20:56:00+00:00,FILLED,02740da1-f257-4c9c-8ad4-b8c91231c480,SELL,MARKET,14.0,598.53,14.0,598.53,
2025-11-18 20:57:00+00:00,RISK_PASS,70ab9ce3-2ad0-46a2-861a-ae36a4429dcf,SELL,MARKET,2.0,598.835,0,0.0,All risk checks passed
2025-11-18 20:57:00+00:00,FILLED,70ab9ce3-2ad0-46a2-861a-ae36a4429dcf,SELL,MARKET,2.0,598.835,2.0,598.835,
2025-11-18 20:59:00+00:00,RISK_PASS,3574bf42-dadb-49fe-b191-7098b62c4008,BUY,MARKET,16,597.69,0,0.0,All risk checks passed
2025-11-18 20:59:00+00:00,FILLED,3574bf42-dadb-49fe-b191-7098b62c4008,BUY,MARKET,16,597.69,16,597.69,
2025-11-18 21:00:00+00:00,RISK_PASS,dd63155e-f30a-4852-b235-1371ea350657,SELL,MARKET,16.0,598.1,0,0.0,All risk checks passed
2025-11-18 21:00:00+00:00,FILLED,dd63155e-f30a-4852-b235-1371ea350657,SELL,MARKET,16.0,598.1,16.0,598.1,
2025-11-18 21:01:00+00:00,RISK_PASS,6fb85e91-9fd5-4b9f-a579-06680ff81361,BUY,MARKET,16,597.51,0,0.0,All risk checks passed
2025-11-18 21:01:00+00:00,FILLED,6fb85e91-9fd5-4b9f-a579-06680ff81361,BUY,MARKET,16,597.51,16,597.51,
2025-11-18 21:02:00+00:00,RISK_PASS,61f9dd5f-d202-4ac2-9821-0411c6724188,SELL,MARKET,16.0,597.6,0,0.0,All risk checks passed
2025-11-18 21:02:00+00:00,FILLED,61f9dd5f-d202-4ac2-9821-0411c6724188,SELL,MARKET,16.0,597.6,12,597.6,
2025-11-18 21:03:00+00:00,RISK_PASS,acdb84fa-9ab6-41d4-848c-123ffe01bd1f,BUY,MARKET,12,597.69,0,0.0,All risk checks passed
2025-11-18 21:03:00+00:00,RISK_PASS,1512bac2-7f67-4de3-b88f-7aed92a969fe,SELL,MARKET,4.0,597.69,0,0.0,All risk checks passed
2025-11-18 21:03:00+00:00,FILLED,acdb84fa-9ab6-41d4-848c-123ffe01bd1f,BUY,MARKET,12,597.69,12,597.69,
2025-11-18 21:03:00+00:00,FILLED,1512bac2-7f67-4de3-b88f-7aed92a969fe,SELL,MARKET,4.0,597.69,4.0,597.69,
2025-11-18 21:04:00+00:00,RISK_PASS,f3514c2c-f097-461f-a56f-7c24fcd7e401,BUY,MARKET,4,597.6,0,0.0,All risk checks passed
2025-11-18 21:04:00+00:00,RISK_PASS,8aec5e47-13df-49e2-b786-5064bc0d53a4,SELL,MARKET,12.0,597.6,0,0.0,All risk checks passed
2025-11-18 21:04:00+00:00,FILLED,f3514c2c-f097-461f-a56f-7c24fcd7e401,BUY,MARKET,4,597.6,4,597.6,
2025-11-18 21:04:00+00:00,REJECTED,8aec5e47-13df-49e2-b786-5064bc0d53a4,SELL,MARKET,12.0,597.6,0,0.0,Random engine rejection
2025-11-18 21:05:00+00:00,RISK_PASS,c891331d-393a-47eb-a509-64e614c6a194,SELL,MARKET,16.0,597.6006,0,0.0,All risk checks passed
2025-11-18 21:05:00+00:00,FILLED,c891331d-393a-47eb-a509-64e614c6a194,SELL,MARKET,16.0,597.6006,16.0,597.6006,
2025-11-18 21:06:00+00:00,RISK_PASS,bada0e3e-9889-4ab8-a148-01134af90675,BUY,MARKET,16,597.7,0,0.0,All risk checks passed
2025-11-18 21:06:00+00:00,FILLED,bada0e3e-9889-4ab8-a148-01134af90675,BUY,MARKET,16,597.7,16,597.7,
2025-11-18 21:07:00+00:00,RISK_PASS,4f6dbb5b-15ab-4481-bd46-9c1b18df949c,SELL,MARKET,16.0,597.69,0,0.0,All risk checks passed
2025-11-18 21:07:00+00:00,FILLED,4f6dbb5b-15ab-4481-bd46-9c1b18df949c,SELL,MARKET,16.0,597.69,10,597.69,
2025-11-18 21:08:00+00:00,RISK_PASS,ac7dfcb7-020e-4834-9fa6-a6589853713a,SELL,MARKET,6.0,597.87,0,0.0,All risk checks passed
2025-11-18 21:08:00+00:00,FILLED,ac7dfcb7-020e-4834-9fa6-a6589853713a,SELL,MARKET,6.0,597.87,6.0,597.87,
2025-11-18 21:19:00+00:00,RISK_PASS,0121c167-9fde-4485-8c70-c9c91093ebd3,BUY,MARKET,16,596.61,0,0.0,All risk checks passed
2025-11-18 21:19:00+00:00,FILLED,0121c167-9fde-4485-8c70-c9c91093ebd3,BUY,MARKET,16,596.61,16,596.61,
2025-11-18 21:20:00+00:00,RISK_PASS,a5175a70-d1d2-499b-adde-a1407d82c7cd,SELL,MARKET,16.0,596.8,0,0.0,All risk checks passed
2025-11-18 21:20:00+00:00,FILLED,a5175a70-d1d2-499b-adde-a1407d82c7cd,SELL,MARKET,16.0,596.8,16.0,596.8,
2025-11-18 21:21:00+00:00,RISK_PASS,e7a733b0-c355-4dfc-a9b1-36b72afbf4c5,BUY,MARKET,16,596.38,0,0.0,All risk checks passed
2025-11-18 21:21:00+00:00,FILLED,e7a733b0-c355-4dfc-a9b1-36b72afbf4c5,BUY,MARKET,16,596.38,16,596.38,
2025-11-18 21:22:00+00:00,RISK_PASS,9d0a4ddc-90fd-4107-9132-0c630cc2dc86,SELL,MARKET,16.0,596.08,0,0.0,All risk checks passed
2025-11-18 21:22:00+00:00,FILLED,9d0a4ddc-90fd-4107-9132-0c630cc2dc86,SELL,MARKET,16.0,596.08,16.0,596.08,
2025-11-18 21:23:00+00:00,RISK_PASS,42cd6b62-f82e-41c6-b842-591e86e1600f,BUY,MARKET,16,596.33,0,0.0,All risk checks passed
2025-11-18 21:23:00+00:00,FILLED,42cd6b62-f82e-41c6-b842-591e86e1600f,BUY,MARKET,16,596.33,16,596.33,
2025-11-18 21:24:00+00:00,RISK_PASS,a89913e9-dec7-416d-85a3-f3168f03538f,SELL,MARKET,16.0,595.88,0,0.0,All risk checks passed
2025-11-18 21:24:00+00:00,FILLED,a89913e9-dec7-416d-85a3-f3168f03538f,SELL,MARKET,16.0,595.88,16.0,595.88,
2025-11-18 21:55:00+00:00,RISK_PASS,05a8390b-ab06-4142-bf83-f75c4141c41e,BUY,MARKET,16,595.57,0,0.0,All risk checks passed
2025-11-18 21:55:00+00:00,FILLED,05a8390b-ab06-4142-bf83-f75c4141c41e,BUY,MARKET,16,595.57,16,595.57,
2025-11-18 21:56:00+00:00,RISK_PASS,9e823bac-84cf-4069-8fb9-aee6e06bec7e,SELL,MARKET,16.0,595.77,0,0.0,All risk checks passed
2025-11-18 21:56:00+00:00,FILLED,9e823bac-84cf-4069-8fb9-aee6e06bec7e,SELL,MARKET,16.0,595.77,16.0,595.77,
2025-11-18 22:04:00+00:00,RISK_PASS,d544b127-8f1d-4bf3-bbfb-5388027322d3,BUY,MARKET,16,595.18,0,0.0,All risk checks passed
2025-11-18 22:04:00+00:00,FILLED,d544b127-8f1d-4bf3-bbfb-5388027322d3,BUY,MARKET,16,595.18,16,595.18,
2025-11-18 22:05:00+00:00,RISK_PASS,9ab16e82-5791-4ba7-adbc-0eb29a6738ce,SELL,MARKET,16.0,595.4958,0,0.0,All risk checks passed
2025-11-18 22:05:00+00:00,FILLED,9ab16e82-5791-4ba7-adbc-0eb29a6738ce,SELL,MARKET,16.0,595.4958,1,595.4958,
2025-11-18 22:06:00+00:00,RISK_PASS,8f7ce104-7284-44ae-a045-7d2c44729821,SELL,MARKET,15.0,595.2001,0,0.0,All risk checks passed
2025-11-18 22:06:00+00:00,FILLED,8f7ce104-7284-44ae-a045-7d2c44729821,SELL,MARKET,15.0,595.2001,15.0,595.2001,
2025-11-18 22:30:00+00:00,RISK_PASS,b11264e2-69ea-4ae4-bd44-1365c7422227,BUY,MARKET,13,596.0,0,0.0,All risk checks passed
2025-11-18 22:30:00+00:00,FILLED,b11264e2-69ea-4ae4-bd44-1365c7422227,BUY,MARKET,13,596.0,13,596.0,
2025-11-18 22:40:00+00:00,RISK_PASS,e44526e1-f854-4ff2-8784-612da809bbf1,SELL,MARKET,13.0,595.38,0,0.0,All risk checks passed
2025-11-18 22:40:00+00:00,FILLED,e44526e1-f854-4ff2-8784-612da809bbf1,SELL,MARKET,13.0,595.38,13.0,595.38,
2025-11-18 22:52:00+00:00,RISK_PASS,709815d4-db07-4515-9d7d-4aea37f67901,BUY,MARKET,13,595.6496,0,0.0,All risk checks passed
2025-11-18 22:52:00+00:00,FILLED,709815d4-db07-4515-9d7d-4aea37f67901,BUY,MARKET,13,595.6496,13,595.6496,
2025-11-18 22:59:00+00:00,RISK_PASS,cc33eb5e-6cbf-4849-b3f7-d4311779a79a,SELL,MARKET,13.0,595.4989,0,0.0,All risk checks passed
2025-11-18 22:59:00+00:00,REJECTED,cc33eb5e-6cbf-4849-b3f7-d4311779a79a,SELL,MARKET,13.0,595.4989,0,0.0,Random engine rejection
2025-11-18 23:00:00+00:00,RISK_PASS,c63200e3-c6da-4fbc-82b4-f7cbe9be83df,SELL,MARKET,13.0,595.78,0,0.0,All risk checks passed
2025-11-18 23:00:00+00:00,FILLED,c63200e3-c6da-4fbc-82b4-f7cbe9be83df,SELL,MARKET,13.0,595.78,13.0,595.78,
2025-11-18 23:01:00+00:00,RISK_PASS,ed401074-2764-4c59-b3e6-a6bd7987ca72,BUY,MARKET,13,595.88,0,0.0,All risk checks passed
2025-11-18 23:01:00+00:00,FILLED,ed401074-2764-4c59-b3e6-a6bd7987ca72,BUY,MARKET,13,595.88,13,595.88,
2025-11-18 23:04:00+00:00,RISK_PASS,4e65e792-633e-4e62-af80-4e9d072480bc,SELL,MARKET,13.0,596.55,0,0.0,All risk checks passed
2025-11-18 23:04:00+00:00,FILLED,4e65e792-633e-4e62-af80-4e9d072480bc,SELL,MARKET,13.0,596.55,3,596.55,
2025-11-18 23:05:00+00:00,RISK_PASS,f60d561a-4cf7-4ed8-a614-e65a66ebcce4,BUY,MARKET,3,596.6,0,0.0,All risk checks passed
2025-11-18 23:05:00+00:00,RISK_PASS,f94c026f-0efb-4b58-beab-2644a73ff9a2,SELL,MARKET,10.0,596.6,0,0.0,All risk checks passed
2025-11-18 23:05:00+00:00,FILLED,f60d561a-4cf7-4ed8-a614-e65a66ebcce4,BUY,MARKET,3,596.6,3,596.6,
2025-11-18 23:05:00+00:00,FILLED,f94c026f-0efb-4b58-beab-2644a73ff9a2,SELL,MARKET,10.0,596.6,10.0,596.6,
2025-11-18 23:06:00+00:00,RISK_PASS,aaf2a8e7-2073-43bc-a570-867063cf559b,BUY,MARKET,10,597.01,0,0.0,All risk checks passed
2025-11-18 23:06:00+00:00,RISK_PASS,5d74e138-0449-4021-ba62-d389de9543e5,SELL,MARKET,3.0,597.01,0,0.0,All risk checks passed
2025-11-18 23:06:00+00:00,FILLED,aaf2a8e7-2073-43bc-a570-867063cf559b,BUY,MARKET,10,597.01,10,597.01,
2025-11-18 23:06:00+00:00,REJECTED,5d74e138-0449-4021-ba62-d389de9543e5,SELL,MARKET,3.0,597.01,0,0.0,Random engine rejection
2025-11-18 23:07:00+00:00,RISK_PASS,577f704c-876e-4cd5-bcb0-b0f30d3995cd,SELL,MARKET,13.0,597.1,0,0.0,All risk checks passed
2025-11-18 23:07:00+00:00,FILLED,577f704c-876e-4cd5-bcb0-b0f30d3995cd,SELL,MARKET,13.0,597.1,13.0,597.1,
2025-11-18 23:08:00+00:00,RISK_PASS,fda965c8-931a-4fe4-809c-0ca77d801118,BUY,MARKET,13,596.7738,0,0.0,All risk checks passed
2025-11-18 23:08:00+00:00,FILLED,fda965c8-931a-4fe4-809c-0ca77d801118,BUY,MARKET,13,596.7738,13,596.7738,
2025-11-18 23:10:00+00:00,RISK_PASS,008a554c-5bfe-4fc4-ad8d-b9bb903981f2,SELL,MARKET,13.0,596.65,0,0.0,All risk checks passed
2025-11-18 23:10:00+00:00,FILLED,008a554c-5bfe-4fc4-ad8d-b9bb903981f2,SELL,MARKET,13.0,596.65,13.0,596.65,
2025-11-18 23:11:00+00:00,RISK_PASS,fb8116b4-7ffa-4e4a-90f0-2c18af00ad84,BUY,MARKET,13,596.65,0,0.0,All risk checks passed
2025-11-18 23:11:00+00:00,FILLED,fb8116b4-7ffa-4e4a-90f0-2c18af00ad84,BUY,MARKET,13,596.65,3,596.65,
2025-11-18 23:12:00+00:00,RISK_PASS,779af657-3114-4da8-a5d1-f87b01bad626,BUY,MARKET,10,596.5375,0,0.0,All risk checks passed
2025-11-18 23:12:00+00:00,RISK_PASS,1258db03-942f-4645-95b0-56812cf10bd5,SELL,MARKET,3.0,596.5375,0,0.0,All risk checks passed
2025-11-18 23:12:00+00:00,FILLED,779af657-3114-4da8-a5d1-f87b01bad626,BUY,MARKET,10,596.5375,10,596.5375,
2025-11-18 23:12:00+00:00,FILLED,1258db03-942f-4645-95b0-56812cf10bd5,SELL,MARKET,3.0,596.5375,3.0,596.5375,
2025-11-18 23:13:00+00:00,RISK_PASS,e8c5a385-de40-4d40-9712-f837a3631d7f,BUY,MARKET,3,596.25,0,0.0,All risk checks passed
2025-11-18 23:13:00+00:00,FILLED,e8c5a385-de40-4d40-9712-f837a3631d7f,BUY,MARKET,3,596.25,3,596.25,
2025-11-18 23:45:00+00:00,RISK_PASS,cfcc4290-c9fa-4daf-be52-204a191493bd,SELL,MARKET,13.0,596.02,0,0.0,All risk checks passed
2025-11-18 23:45:00+00:00,FILLED,cfcc4290-c9fa-4daf-be52-204a191493bd,SELL,MARKET,13.0,596.02,13.0,596.02,
2025-11-19 00:19:00+00:00,RISK_PASS,b6035a20-0fcb-4a69-8e15-df9995059250,BUY,MARKET,16,595.06,0,0.0,All risk checks passed
2025-11-19 00:19:00+00:00,FILLED,b6035a20-0fcb-4a69-8e15-df9995059250,BUY,MARKET,16,595.06,7,595.06,
2025-11-19 00:20:00+00:00,RISK_PASS,e9f11528-ef1a-4484-816d-2af31dfe4585,BUY,MARKET,9,594.9813,0,0.0,All risk checks passed
2025-11-19 00:20:00+00:00,RISK_PASS,4dee2856-368c-4aa0-a2bc-72f0fc827637,SELL,MARKET,7.0,594.9813,0,0.0,All risk checks passed
2025-11-19 00:20:00+00:00,FILLED,e9f11528-ef1a-4484-816d-2af31dfe4585,BUY,MARKET,9,594.9813,9,594.9813,
2025-11-19 00:20:00+00:00,FILLED,4dee2856-368c-4aa0-a2bc-72f0fc827637,SELL,MARKET,7.0,594.9813,7.0,594.9813,
2025-11-19 00:21:00+00:00,RISK_PASS,0e016267-1fa1-4497-b5bf-8107f7fe1430,SELL,MARKET,9.0,594.99,0,0.0,All risk checks passed
2025-11-19 00:21:00+00:00,FILLED,0e016267-1fa1-4497-b5bf-8107f7fe1430,SELL,MARKET,9.0,594.99,9.0,594.99,
2025-11-19 00:27:00+00:00,RISK_PASS,a5ca9e46-7ba1-4503-aaa2-69805144ac29,BUY,MARKET,16,594.82,0,0.0,All risk checks passed
2025-11-19 00:27:00+00:00,FILLED,a5ca9e46-7ba1-4503-aaa2-69805144ac29,BUY,MARKET,16,594.82,16,594.82,
2025-11-19 00:29:00+00:00,RISK_PASS,0003eda9-960d-4c50-a3e2-3acd53fcdd35,SELL,MARKET,16.0,594.82,0,0.0,All risk checks passed
2025-11-19 00:29:00+00:00,FILLED,0003eda9-960d-4c50-a3e2-3acd53fcdd35,SELL,MARKET,16.0,594.82,16.0,594.82,
2025-11-19 09:00:00+00:00,RISK_PASS,89b8cbad-770a-415f-8d3b-e76f0f95cf0f,BUY,MARKET,13,597.43,0,0.0,All risk checks passed
2025-11-19 09:00:00+00:00,FILLED,89b8cbad-770a-415f-8d3b-e76f0f95cf0f,BUY,MARKET,13,597.43,13,597.43,
2025-11-19 09:08:00+00:00,RISK_PASS,9b5e335e-7aec-4a99-b426-03315c7f8073,SELL,MARKET,13.0,596.9,0,0.0,All risk checks passed
2025-11-19 09:08:00+00:00,FILLED,9b5e335e-7aec-4a99-b426-03315c7f8073,SELL,MARKET,13.0,596.9,11,596.9,
2025-11-19 09:09:00+00:00,RISK_PASS,28535df3-5d62-4bf7-9dd0-0e0a1f325f9f,BUY,MARKET,11,596.95,0,0.0,All risk checks passed
2025-11-19 09:09:00+00:00,RISK_PASS,0b66ed58-449c-4a5c-abbf-d4e6f9c5b9af,SELL,MARKET,2.0,596.95,0,0.0,All risk checks passed
2025-11-19 09:09:00+00:00,FILLED,28535df3-5d62-4bf7-9dd0-0e0a1f325f9f,BUY,MARKET,11,596.95,11,596.95,
2025-11-19 09:09:00+00:00,FILLED,0b66ed58-449c-4a5c-abbf-d4e6f9c5b9af,SELL,MARKET,2.0,596.95,2.0,596.95,
2025-11-19 09:12:00+00:00,RISK_PASS,62d2e170-5451-4d80-85ab-2ac7572e9e53,BUY,MARKET,2,597.0,0,0.0,All risk checks passed
2025-11-19 09:12:00+00:00,RISK_PASS,a157cc5e-ce3a-4cac-8fc8-2ee043d2521c,SELL,MARKET,11.0,597.0,0,0.0,All risk checks passed
2025-11-19 09:12:00+00:00,FILLED,62d2e170-5451-4d80-85ab-2ac7572e9e53,BUY,MARKET,2,597.0,2,597.0,
2025-11-19 09:12:00+00:00,FILLED,a157cc5e-ce3a-4cac-8fc8-2ee043d2521c,SELL,MARKET,11.0,597.0,11.0,597.0,
2025-11-19 09:14:00+00:00,RISK_PASS,d84ae8c8-7b0e-422d-b499-eb218c314719,BUY,MARKET,11,597.5,0,0.0,All risk checks passed
2025-11-19 09:14:00+00:00,RISK_PASS,f4184402-978d-4776-8155-53497c58111a,SELL,MARKET,2.0,597.5,0,0.0,All risk checks passed
2025-11-19 09:14:00+00:00,FILLED,d84ae8c8-7b0e-422d-b499-eb218c314719,BUY,MARKET,11,597.5,11,597.5,
2025-11-19 09:14:00+00:00,FILLED,f4184402-978d-4776-8155-53497c58111a,SELL,MARKET,2.0,597.5,2.0,597.5,
2025-11-19 09:17:00+00:00,RISK_PASS,55b4fa1b-1cf3-4b37-ba21-972a4d815278,BUY,MARKET,2,597.52,0,0.0,All risk checks passed
2025-11-19 09:17:00+00:00,RISK_PASS,70882016-63af-44ac-bb66-e9ab32ec7e0e,SELL,MARKET,11.0,597.52,0,0.0,All risk checks passed
2025-11-19 09:17:00+00:00,FILLED,55b4fa1b-1cf3-4b37-ba21-972a4d815278,BUY,MARKET,2,597.52,2,597.52,
2025-11-19 09:17:00+00:00,FILLED,70882016-63af-44ac-bb66-e9ab32ec7e0e,SELL,MARKET,11.0,597.52,11.0,597.52,
2025-11-19 09:20:00+00:00,RISK_PASS,3b1ae206-4c6c-4da4-9c7e-97b39bb3b270,BUY,MARKET,11,597.62,0,0.0,All risk checks passed
2025-11-19 09:20:00+00:00,RISK_PASS,e7225179-fb7f-47d9-8303-b3ff3be8f444,SELL,MARKET,2.0,597.62,0,0.0,All risk checks passed
2025-11-19 09:20:00+00:00,FILLED,3b1ae206-4c6c-4da4-9c7e-97b39bb3b270,BUY,MARKET,11,597.62,11,597.62,
2025-11-19 09:20:00+00:00,FILLED,e7225179-fb7f-47d9-8303-b3ff3be8f444,SELL,MARKET,2.0,597.62,2.0,597.62,
2025-11-19 09:21:00+00:00,RISK_PASS,6212bb30-173f-4a12-ad99-94e540bcaebe,BUY,MARKET,2,597.85,0,0.0,All risk checks passed
2025-11-19 09:21:00+00:00,RISK_PASS,b7380728-956c-44ef-8372-e90e9e7b47c8,SELL,MARKET,11.0,597.85,0,0.0,All risk checks passed
2025-11-19 09:21:00+00:00,FILLED,6212bb30-173f-4a12-ad99-94e540bcaebe,BUY,MARKET,2,597.85,2,597.85,
2025-11-19 09:21:00+00:00,FILLED,b7380728-956c-44ef-8372-e90e9e7b47c8,SELL,MARKET,11.0,597.85,11.0,597.85,
2025-11-19 09:22:00+00:00,RISK_PASS,f289dbee-8e99-4465-95eb-2655ae321916,BUY,MARKET,11,597.99,0,0.0,All risk checks passed
2025-11-19 09:22:00+00:00,RISK_PASS,bd203a01-a26d-4c43-8388-62ffc9d9b760,SELL,MARKET,2.0,597.99,0,0.0,All risk checks passed
2025-11-19 09:22:00+00:00,FILLED,f289dbee-8e99-4465-95eb-2655ae321916,BUY,MARKET,11,597.99,11,597.99,
2025-11-19 09:22:00+00:00,FILLED,bd203a01-a26d-4c43-8388-62ffc9d9b760,SELL,MARKET,2.0,597.99,2.0,597.99,
2025-11-19 09:23:00+00:00,RISK_PASS,ca492ce8-8977-44a2-9926-392cfc06e0fc,BUY,MARKET,2,597.93,0,0.0,All risk checks passed
2025-11-19 09:23:00+00:00,RISK_PASS,a524712c-4e93-428a-bd00-5851f2130817,SELL,MARKET,11.0,597.93,0,0.0,All risk checks passed
2025-11-19 09:23:00+00:00,FILLED,ca492ce8-8977-44a2-9926-392cfc06e0fc,BUY,MARKET,2,597.93,2,597.93,
2025-11-19 09:23:00+00:00,FILLED,a524712c-4e93-428a-bd00-5851f2130817,SELL,MARKET,11.0,597.93,11.0,597.93,
2025-11-19 09:25:00+00:00,RISK_PASS,d433eecb-486b-42f1-af13-8abbf036696f,BUY,MARKET,11,597.93,0,0.0,All risk checks passed
2025-11-19 09:25:00+00:00,RISK_PASS,37d950cc-2c29-4c1c-ba9f-4c3f6d18e699,SELL,MARKET,2.0,597.93,0,0.0,All risk checks passed
2025-11-19 09:25:00+00:00,FILLED,d433eecb-486b-42f1-af13-8abbf036696f,BUY,MARKET,11,597.93,11,597.93,
2025-11-19 09:25:00+00:00,FILLED,37d950cc-2c29-4c1c-ba9f-4c3f6d18e699,SELL,MARKET,2.0,597.93,2.0,597.93,
2025-11-19 09:27:00+00:00,RISK_PASS,0165b2a3-43be-422c-a5f4-2ef569bc3699,BUY,MARKET,2,598.0,0,0.0,All risk checks passed
2025-11-19 09:27:00+00:00,FILLED,0165b2a3-43be-422c-a5f4-2ef569bc3699,BUY,MARKET,2,598.0,2,598.0,
2025-11-19 09:30:00+00:00,RISK_PASS,6014e9bb-0053-4dc1-bc1a-4cb91ff3fd0d,SELL,MARKET,13.0,597.99,0,0.0,All risk checks passed
2025-11-19 09:30:00+00:00,FILLED,6014e9bb-0053-4dc1-bc1a-4cb91ff3fd0d,SELL,MARKET,13.0,597.99,13.0,597.99,
2025-11-19 09:35:00+00:00,RISK_PASS,9af9714f-cde8-457a-a0d4-ba4250381a59,BUY,MARKET,13,597.89,0,0.0,All risk checks passed
2025-11-19 09:35:00+00:00,FILLED,9af9714f-cde8-457a-a0d4-ba4250381a59,BUY,MARKET,13,597.89,13,597.89,
2025-11-19 09:36:00+00:00,RISK_PASS,2f76e4fb-5e1e-4079-8004-0a5eb0809b61,SELL,MARKET,13.0,597.88,0,0.0,All risk checks passed
2025-11-19 09:36:00+00:00,FILLED,2f76e4fb-5e1e-4079-8004-0a5eb0809b61,SELL,MARKET,13.0,597.88,13.0,597.88,
2025-11-19 09:37:00+00:00,RISK_PASS,9715e94d-f620-4272-8138-3e044ad82bb6,BUY,MARKET,13,598.13,0,0.0,All risk checks passed
2025-11-19 09:37:00+00:00,FILLED,9715e94d-f620-4272-8138-3e044ad82bb6,BUY,MARKET,13,598.13,13,598.13,
2025-11-19 09:40:00+00:00,RISK_PASS,d5e0bf9a-c808-4eff-a956-73266a35f1f8,SELL,MARKET,13.0,598.0,0,0.0,All risk checks passed
2025-11-19 09:40:00+00:00,FILLED,d5e0bf9a-c808-4eff-a956-73266a35f1f8,SELL,MARKET,13.0,598.0,13.0,598.0,
2025-11-19 09:42:00+00:00,RISK_PASS,b460a7ec-10c6-40b0-a235-baf81e63cea0,BUY,MARKET,13,598.2,0,0.0,All risk checks passed
2025-11-19 09:42:00+00:00,FILLED,b460a7ec-10c6-40b0-a235-baf81e63cea0,BUY,MARKET,13,598.2,8,598.2,
2025-11-19 09:45:00+00:00,RISK_PASS,a5c2606c-ba70-4ead-b930-9fa49067eaaa,BUY,MARKET,5,599.0,0,0.0,All risk checks passed
2025-11-19 09:45:00+00:00,RISK_PASS,1efcb5f0-793b-4fce-a70b-f98d488ca30a,SELL,MARKET,8.0,599.0,0,0.0,All risk checks passed
2025-11-19 09:45:00+00:00,FILLED,a5c2606c-ba70-4ead-b930-9fa49067eaaa,BUY,MARKET,5,599.0,5,599.0,
2025-11-19 09:45:00+00:00,FILLED,1efcb5f0-793b-4fce-a70b-f98d488ca30a,SELL,MARKET,8.0,599.0,8.0,599.0,
2025-11-19 09:46:00+00:00,RISK_PASS,124d8004-3060-4508-865e-52fcaa684b7b,BUY,MARKET,8,598.64,0,0.0,All risk checks passed
2025-11-19 09:46:00+00:00,RISK_PASS,158cd2f2-ced4-4de0-94da-20886175a010,SELL,MARKET,5.0,598.64,0,0.0,All risk checks passed
2025-11-19 09:46:00+00:00,FILLED,124d8004-3060-4508-865e-52fcaa684b7b,BUY,MARKET,8,598.64,8,598.64,
2025-11-19 09:46:00+00:00,FILLED,158cd2f2-ced4-4de0-94da-20886175a010,SELL,MARKET,5.0,598.64,5.0,598.64,
2025-11-19 09:53:00+00:00,RISK_PASS,0f6d9764-a82a-4246-bec8-64d73e90f340,BUY,MARKET,5,599.5,0,0.0,All risk checks passed
2025-11-19 09:53:00+00:00,RISK_PASS,8094abe6-7cad-4f44-aa93-7d978781090e,SELL,MARKET,8.0,599.5,0,0.0,All risk checks passed
2025-11-19 09:53:00+00:00,FILLED,0f6d9764-a82a-4246-bec8-64d73e90f340,BUY,MARKET,5,599.5,5,599.5,
2025-11-19 09:53:00+00:00,FILLED,8094abe6-7cad-4f44-aa93-7d978781090e,SELL,MARKET,8.0,599.5,8.0,599.5,
2025-11-19 09:54:00+00:00,RISK_PASS,804caba7-0eb4-4983-b823-82b05c7c3380,BUY,MARKET,8,599.21,0,0.0,All risk checks passed
2025-11-19 09:54:00+00:00,RISK_PASS,0523aefb-a3fc-433f-b37b-68de2f7635cb,SELL,MARKET,5.0,599.21,0,0.0,All risk checks passed
2025-11-19 09:54:00+00:00,FILLED,804caba7-0eb4-4983-b823-82b05c7c3380,BUY,MARKET,8,599.21,8,599.21,
2025-11-19 09:54:00+00:00,FILLED,0523aefb-a3fc-433f-b37b-68de2f7635cb,SELL,MARKET,5.0,599.21,5.0,599.21,
2025-11-19 09:55:00+00:00,RISK_PASS,974b92e3-777f-42cf-8040-86afa6691c45,BUY,MARKET,5,599.69,0,0.0,All risk checks passed
2025-11-19 09:55:00+00:00,RISK_PASS,90383bfe-33e9-4a46-b853-78b3f96ff353,SELL,MARKET,8.0,599.69,0,0.0,All risk checks passed
2025-11-19 09:55:00+00:00,FILLED,974b92e3-777f-42cf-8040-86afa6691c45,BUY,MARKET,5,599.69,5,599.69,
2025-11-19 09:55:00+00:00,REJECTED,90383bfe-33e9-4a46-b853-78b3f96ff353,SELL,MARKET,8.0,599.69,0,0.0,Random engine rejection
2025-11-19 09:58:00+00:00,RISK_PASS,ec4ef60d-f08b-4690-9674-006d03d89fc3,SELL,MARKET,13.0,599.71,0,0.0,All risk checks passed
2025-11-19 09:58:00+00:00,FILLED,ec4ef60d-f08b-4690-9674-006d03d89fc3,SELL,MARKET,13.0,599.71,13.0,599.71,
2025-11-19 09:59:00+00:00,RISK_PASS,8ac67223-12ce-445f-9f3c-f64c7efa1b1e,BUY,MARKET,13,599.72,0,0.0,All risk checks passed
2025-11-19 09:59:00+00:00,REJECTED,8ac67223-12ce-445f-9f3c-f64c7efa1b1e,BUY,MARKET,13,599.72,0,0.0,Random engine rejection
2025-11-19 10:00:00+00:00,RISK_PASS,abd9a351-9782-4325-a761-93ce480ab4fe,BUY,MARKET,13,599.6,0,0.0,All risk checks passed
2025-11-19 10:00:00+00:00,FILLED,abd9a351-9782-4325-a761-93ce480ab4fe,BUY,MARKET,13,599.6,13,599.6,
2025-11-19 10:32:00+00:00,RISK_PASS,752ed2e9-aa27-46da-8a16-2b50a0abe6f4,SELL,MARKET,13.0,599.97,0,0.0,All risk checks passed
2025-11-19 10:32:00+00:00,FILLED,752ed2e9-aa27-46da-8a16-2b50a0abe6f4,SELL,MARKET,13.0,599.97,13.0,599.97,
2025-11-19 10:33:00+00:00,RISK_PASS,5e4b5d2b-7a75-4dd9-9994-fe3d0f986c15,BUY,MARKET,13,599.68,0,0.0,All risk checks passed
2025-11-19 10:33:00+00:00,FILLED,5e4b5d2b-7a75-4dd9-9994-fe3d0f986c15,BUY,MARKET,13,599.68,13,599.68,
2025-11-19 11:03:00+00:00,RISK_PASS,8fac24ae-a8ce-4464-b795-02fce139a843,SELL,MARKET,13.0,600.48,0,0.0,All risk checks passed
2025-11-19 11:03:00+00:00,FILLED,8fac24ae-a8ce-4464-b795-02fce139a843,SELL,MARKET,13.0,600.48,4,600.48,
2025-11-19 11:06:00+00:00,RISK_PASS,383d4dce-99d8-4d08-940c-820e56a2d242,BUY,MARKET,4,600.36,0,0.0,All risk checks passed
2025-11-19 11:06:00+00:00,FILLED,383d4dce-99d8-4d08-940c-820e56a2d242,BUY,MARKET,4,600.36,3,600.36,
2025-11-19 11:11:00+00:00,RISK_PASS,9d8fab46-4555-41c4-8e79-cf37143940c8,BUY,MARKET,1,600.27,0,0.0,All risk checks passed
2025-11-19 11:11:00+00:00,FILLED,9d8fab46-4555-41c4-8e79-cf37143940c8,BUY,MARKET,1,600.27,1,600.27,
2025-11-19 11:13:00+00:00,RISK_PASS,8e8ff812-0c74-4a5f-93db-809b8ecb9c8c,SELL,MARKET,13.0,600.54,0,0.0,All risk checks passed
2025-11-19 11:13:00+00:00,FILLED,8e8ff812-0c74-4a5f-93db-809b8ecb9c8c,SELL,MARKET,13.0,600.54,13.0,600.54,
2025-11-19 11:14:00+00:00,RISK_PASS,063952fc-71c8-46db-8b86-ae4135cc4135,BUY,MARKET,13,600.52,0,0.0,All risk checks passed
2025-11-19 11:14:00+00:00,FILLED,063952fc-71c8-46db-8b86-ae4135cc4135,BUY,MARKET,13,600.52,13,600.52,
2025-11-19 11:15:00+00:00,RISK_PASS,3a2ed667-7d70-46cd-ba97-a6faf5bc82e1,SELL,MARKET,13.0,600.8,0,0.0,All risk checks passed
2025-11-19 11:15:00+00:00,FILLED,3a2ed667-7d70-46cd-ba97-a6faf5bc82e1,SELL,MARKET,13.0,600.8,13.0,600.8,
2025-11-19 11:18:00+00:00,RISK_PASS,a0d700eb-adc3-4e57-b7d0-7e3fa9950cc3,BUY,MARKET,13,600.51,0,0.0,All risk checks passed
2025-11-19 11:18:00+00:00,FILLED,a0d700eb-adc3-4e57-b7d0-7e3fa9950cc3,BUY,MARKET,13,600.51,13,600.51,
2025-11-19 11:29:00+00:00,RISK_PASS,f727b49e-1e0d-490d-bf26-5b3357e3833e,BUY,MARKET,6,599.6,0,0.0,All risk checks passed
2025-11-19 11:29:00+00:00,FILLED,f727b49e-1e0d-490d-bf26-5b3357e3833e,BUY,MARKET,6,599.6,6,599.6,
2025-11-19 11:31:00+00:00,RISK_PASS,ea473542-c4e1-4e7a-af67-54e843058d08,SELL,MARKET,19.0,598.39,0,0.0,All risk checks passed
2025-11-19 11:31:00+00:00,FILLED,ea473542-c4e1-4e7a-af67-54e843058d08,SELL,MARKET,19.0,598.39,19.0,598.39,
2025-11-19 12:03:00+00:00,RISK_PASS,4a1435ca-beb4-4021-a5d5-24148e5dd2bb,BUY,MARKET,16,597.37,0,0.0,All risk checks passed
2025-11-19 12:03:00+00:00,FILLED,4a1435ca-beb4-4021-a5d5-24148e5dd2bb,BUY,MARKET,16,597.37,16,597.37,
2025-11-19 12:04:00+00:00,RISK_PASS,2c667c65-f5f9-4e48-a265-50f1302cfae6,SELL,MARKET,16.0,597.7,0,0.0,All risk checks passed
2025-11-19 12:04:00+00:00,FILLED,2c667c65-f5f9-4e48-a265-50f1302cfae6,SELL,MARKET,16.0,597.7,16.0,597.7,
2025-11-19 12:05:00+00:00,RISK_PASS,1a7bb173-231c-46e6-bdad-eb452b74e68e,BUY,MARKET,16,597.0,0,0.0,All risk checks passed
2025-11-19 12:05:00+00:00,FILLED,1a7bb173-231c-46e6-bdad-eb452b74e68e,BUY,MARKET,16,597.0,16,597.0,
2025-11-19 12:06:00+00:00,RISK_PASS,336df8f2-dfb2-42dd-89b6-7c0ad7c2055d,SELL,MARKET,16.0,596.28,0,0.0,All risk checks passed
2025-11-19 12:06:00+00:00,FILLED,336df8f2-dfb2-42dd-89b6-7c0ad7c2055d,SELL,MARKET,16.0,596.28,12,596.28,
2025-11-19 12:07:00+00:00,RISK_PASS,c223049d-5579-4892-bc3f-49cfc19961cb,BUY,MARKET,12,596.65,0,0.0,All risk checks passed
2025-11-19 12:07:00+00:00,RISK_PASS,2f2e68ee-ffdc-4c08-9dcd-5b4eb1a11c7b,SELL,MARKET,4.0,596.65,0,0.0,All risk checks passed
2025-11-19 12:07:00+00:00,FILLED,c223049d-5579-4892-bc3f-49cfc19961cb,BUY,MARKET,12,596.65,12,596.65,
2025-11-19 12:07:00+00:00,FILLED,2f2e68ee-ffdc-4c08-9dcd-5b4eb1a11c7b,SELL,MARKET,4.0,596.65,4.0,596.65,
2025-11-19 12:08:00+00:00,RISK_PASS,351d40fd-d99e-446b-acbf-843e3da5f496,SELL,MARKET,12.0,597.85,0,0.0,All risk checks passed
2025-11-19 12:08:00+00:00,FILLED,351d40fd-d99e-446b-acbf-843e3da5f496,SELL,MARKET,12.0,597.85,12.0,597.85,
2025-11-19 12:10:00+00:00,RISK_PASS,332386a0-4c03-40e9-8057-4c158406a734,BUY,MARKET,16,596.14,0,0.0,All risk checks passed
2025-11-19 12:10:00+00:00,FILLED,332386a0-4c03-40e9-8057-4c158406a734,BUY,MARKET,16,596.14,16,596.14,
2025-11-19 12:11:00+00:00,RISK_PASS,213f7553-a0c8-4640-8912-0c16864cb242,SELL,MARKET,16.0,596.32,0,0.0,All risk checks passed
2025-11-19 12:11:00+00:00,FILLED,213f7553-a0c8-4640-8912-0c16864cb242,SELL,MARKET,16.0,596.32,16.0,596.32,
2025-11-19 12:37:00+00:00,RISK_PASS,63e563d0-3d2d-4401-a5fa-d2760dcdb382,BUY,MARKET,13,598.84,0,0.0,All risk checks passed
2025-11-19 12:37:00+00:00,FILLED,63e563d0-3d2d-4401-a5fa-d2760dcdb382,BUY,MARKET,13,598.84,13,598.84,
2025-11-19 13:05:00+00:00,RISK_PASS,a13a0769-521c-428b-93ef-38ceec8ce988,BUY,MARKET,7,597.41,0,0.0,All risk checks passed
2025-11-19 13:05:00+00:00,FILLED,a13a0769-521c-428b-93ef-38ceec8ce988,BUY,MARKET,7,597.41,7,597.41,
2025-11-19 13:09:00+00:00,RISK_PASS,913da0f5-ea96-449f-af07-f5f1d83f3b00,SELL,MARKET,20.0,598.34,0,0.0,All risk checks passed
2025-11-19 13:09:00+00:00,FILLED,913da0f5-ea96-449f-af07-f5f1d83f3b00,SELL,MARKET,20.0,598.34,20.0,598.34,
2025-11-19 14:16:00+00:00,RISK_PASS,b280cf1b-9d33-4173-83da-1d5d18443bd8,BUY,MARKET,16,595.74,0,0.0,All risk checks passed
2025-11-19 14:16:00+00:00,REJECTED,b280cf1b-9d33-4173-83da-1d5d18443bd8,BUY,MARKET,16,595.74,0,0.0,Random engine rejection
2025-11-19 14:27:00+00:00,RISK_PASS,bebe0ca8-0d9b-4ef8-ab97-dea3bfa91452,BUY,MARKET,16,593.7,0,0.0,All risk checks passed
2025-11-19 14:27:00+00:00,FILLED,bebe0ca8-0d9b-4ef8-ab97-dea3bfa91452,BUY,MARKET,16,593.7,16,593.7,
2025-11-19 14:28:00+00:00,RISK_PASS,52628b1d-6e82-419c-973d-178972ded406,SELL,MARKET,16.0,593.85,0,0.0,All risk checks passed
2025-11-19 14:28:00+00:00,FILLED,52628b1d-6e82-419c-973d-178972ded406,SELL,MARKET,16.0,593.85,16.0,593.85,
2025-11-19 14:29:00+00:00,RISK_PASS,894f4bc5-ab4b-489e-b62e-6c232dc8d9c4,BUY,MARKET,16,593.89,0,0.0,All risk checks passed
2025-11-19 14:29:00+00:00,FILLED,894f4bc5-ab4b-489e-b62e-6c232dc8d9c4,BUY,MARKET,16,593.89,16,593.89,
2025-11-19 14:30:00+00:00,RISK_PASS,85f6b3c3-4e91-469b-8d2d-ae8601965401,SELL,MARKET,16.0,591.6305,0,0.0,All risk checks passed
2025-11-19 14:30:00+00:00,FILLED,85f6b3c3-4e91-469b-8d2d-ae8601965401,SELL,MARKET,16.0,591.6305,16.0,591.6305,
2025-11-19 14:31:00+00:00,RISK_PASS,ab3bb9fe-d5cf-4d45-90b3-1cc47ea69065,BUY,MARKET,16,591.955,0,0.0,All risk checks passed
2025-11-19 14:31:00+00:00,FILLED,ab3bb9fe-d5cf-4d45-90b3-1cc47ea69065,BUY,MARKET,16,591.955,1,591.955,
2025-11-19 14:32:00+00:00,RISK_PASS,681a6106-1499-4877-b6ab-f7c4cd3601fb,BUY,MARKET,15,589.47,0,0.0,All risk checks passed
2025-11-19 14:32:00+00:00,RISK_PASS,0f5d37d8-9435-4a5b-95cc-0ab984dbdb23,SELL,MARKET,1.0,589.47,0,0.0,All risk checks passed
2025-11-19 14:32:00+00:00,FILLED,681a6106-1499-4877-b6ab-f7c4cd3601fb,BUY,MARKET,15,589.47,15,589.47,
2025-11-19 14:32:00+00:00,FILLED,0f5d37d8-9435-4a5b-95cc-0ab984dbdb23,SELL,MARKET,1.0,589.47,1.0,589.47,
2025-11-19 14:33:00+00:00,RISK_PASS,6ab704ed-881a-4064-b49a-2d69f1a3d90f,BUY,MARKET,1,590.21,0,0.0,All risk checks passed
2025-11-19 14:33:00+00:00,RISK_PASS,432112ac-e9cb-4da7-8939-28cb1ace3551,SELL,MARKET,15.0,590.21,0,0.0,All risk checks passed
2025-11-19 14:33:00+00:00,FILLED,6ab704ed-881a-4064-b49a-2d69f1a3d90f,BUY,MARKET,1,590.21,1,590.21,
2025-11-19 14:33:00+00:00,FILLED,432112ac-e9cb-4da7-8939-28cb1ace3551,SELL,MARKET,15.0,590.21,15.0,590.21,
2025-11-19 14:34:00+00:00,RISK_PASS,acbe5f26-bfb3-4919-b759-69650348b17c,BUY,MARKET,15,589.58,0,0.0,All risk checks passed
2025-11-19 14:34:00+00:00,RISK_PASS,8b341f58-57b8-4e87-81cc-8363b22fec3a,SELL,MARKET,1.0,589.58,0,0.0,All risk checks passed
2025-11-19 14:34:00+00:00,FILLED,acbe5f26-bfb3-4919-b759-69650348b17c,BUY,MARKET,15,589.58,15,589.58,
2025-11-19 14:34:00+00:00,FILLED,8b341f58-57b8-4e87-81cc-8363b22fec3a,SELL,MARKET,1.0,589.58,1.0,589.58,
2025-11-19 14:35:00+00:00,RISK_PASS,be9eafbe-b9e8-4c44-926f-bb493fab4686,BUY,MARKET,1,591.365,0,0.0,All risk checks passed
2025-11-19 14:35:00+00:00,RISK_PASS,d416653d-37c3-4714-b6c3-3267a933d3a3,SELL,MARKET,15.0,591.365,0,0.0,All risk checks passed
2025-11-19 14:35:00+00:00,FILLED,be9eafbe-b9e8-4c44-926f-bb493fab4686,BUY,MARKET,1,591.365,1,591.365,
2025-11-19 14:35:00+00:00,FILLED,d416653d-37c3-4714-b6c3-3267a933d3a3,SELL,MARKET,15.0,591.365,15.0,591.365,
2025-11-19 14:36:00+00:00,RISK_PASS,055dc1c4-b300-4b9d-8022-f6de2f10ba40,BUY,MARKET,15,590.45,0,0.0,All risk checks passed
2025-11-19 14:36:00+00:00,RISK_PASS,a0614a9e-284a-417e-90ac-aa57200482eb,SELL,MARKET,1.0,590.45,0,0.0,All risk checks passed
2025-11-19 14:36:00+00:00,FILLED,055dc1c4-b300-4b9d-8022-f6de2f10ba40,BUY,MARKET,15,590.45,15,590.45,
2025-11-19 14:36:00+00:00,FILLED,a0614a9e-284a-417e-90ac-aa57200482eb,SELL,MARKET,1.0,590.45,1.0,590.45,
2025-11-19 14:37:00+00:00,RISK_PASS,e26f5234-08ff-40c3-8f0f-89d5a4756635,BUY,MARKET,1,589.125,0,0.0,All risk checks passed
2025-11-19 14:37:00+00:00,RISK_PASS,1b23b326-b756-4acc-9feb-129c5d2f7bb4,SELL,MARKET,15.0,589.125,0,0.0,All risk checks passed
2025-11-19 14:37:00+00:00,FILLED,e26f5234-08ff-40c3-8f0f-89d5a4756635,BUY,MARKET,1,589.125,1,589.125,
2025-11-19 14:37:00+00:00,FILLED,1b23b326-b756-4acc-9feb-129c5d2f7bb4,SELL,MARKET,15.0,589.125,15.0,589.125,
2025-11-19 14:38:00+00:00,RISK_PASS,6a368c28-205e-4586-8510-5df0f1b79676,BUY,MARKET,15,588.0,0,0.0,All risk checks passed
2025-11-19 14:38:00+00:00,RISK_PASS,9682cac8-9992-4625-8bfd-8e2c0567d2fc,SELL,MARKET,1.0,588.0,0,0.0,All risk checks passed
2025-11-19 14:38:00+00:00,FILLED,6a368c28-205e-4586-8510-5df0f1b79676,BUY,MARKET,15,588.0,15,588.0,
2025-11-19 14:38:00+00:00,FILLED,9682cac8-9992-4625-8bfd-8e2c0567d2fc,SELL,MARKET,1.0,588.0,1.0,588.0,
2025-11-19 14:39:00+00:00,RISK_PASS,565aa978-12fe-43fc-a0aa-03293ea32185,BUY,MARKET,1,588.18,0,0.0,All risk checks passed
2025-11-19 14:39:00+00:00,RISK_PASS,83d06d86-3755-4dbe-989f-05582b34da21,SELL,MARKET,15.0,588.18,0,0.0,All risk checks passed
2025-11-19 14:39:00+00:00,FILLED,565aa978-12fe-43fc-a0aa-03293ea32185,BUY,MARKET,1,588.18,1,588.18,
2025-11-19 14:39:00+00:00,FILLED,83d06d86-3755-4dbe-989f-05582b34da21,SELL,MARKET,15.0,588.18,15.0,588.18,
2025-11-19 14:40:00+00:00,RISK_PASS,0d4cff40-2411-4d43-ba86-023e99086b78,BUY,MARKET,15,587.69,0,0.0,All risk checks passed
2025-11-19 14:40:00+00:00,RISK_PASS,1ae08c92-4190-40d1-a8a9-3599dd72432e,SELL,MARKET,1.0,587.69,0,0.0,All risk checks passed
2025-11-19 14:40:00+00:00,FILLED,0d4cff40-2411-4d43-ba86-023e99086b78,BUY,MARKET,15,587.69,15,587.69,
2025-11-19 14:40:00+00:00,FILLED,1ae08c92-4190-40d1-a8a9-3599dd72432e,SELL,MARKET,1.0,587.69,1,587.69,
2025-11-19 14:41:00+00:00,RISK_PASS,697aff83-39f1-40a2-9578-3e1ca6bc475c,SELL,MARKET,15.0,588.455,0,0.0,All risk checks passed
2025-11-19 14:41:00+00:00,FILLED,697aff83-39f1-40a2-9578-3e1ca6bc475c,SELL,MARKET,15.0,588.455,15.0,588.455,
2025-11-19 15:04:00+00:00,RISK_PASS,d459cd79-a75b-4063-961a-08cad6466afa,BUY,MARKET,13,593.9,0,0.0,All risk checks passed
2025-11-19 15:04:00+00:00,FILLED,d459cd79-a75b-4063-961a-08cad6466afa,BUY,MARKET,13,593.9,13,593.9,
2025-11-19 15:05:00+00:00,RISK_PASS,57c91760-02d6-4994-a186-310dba989dbb,SELL,MARKET,13.0,593.49,0,0.0,All risk checks passed
2025-11-19 15:05:00+00:00,FILLED,57c91760-02d6-4994-a186-310dba989dbb,SELL,MARKET,13.0,593.49,13.0,593.49,
2025-11-19 15:06:00+00:00,RISK_PASS,b55a0053-d84b-47b9-9ede-ace5bb765144,BUY,MARKET,13,593.01,0,0.0,All risk checks passed
2025-11-19 15:06:00+00:00,FILLED,b55a0053-d84b-47b9-9ede-ace5bb765144,BUY,MARKET,13,593.01,11,593.01,
2025-11-19 15:07:00+00:00,RISK_PASS,4f1836b1-d52d-48e2-ac62-1460daff86f2,BUY,MARKET,2,593.335,0,0.0,All risk checks passed
2025-11-19 15:07:00+00:00,FILLED,4f1836b1-d52d-48e2-ac62-1460daff86f2,BUY,MARKET,2,593.335,2,593.335,
2025-11-19 15:09:00+00:00,RISK_PASS,1848a7e4-03de-414c-b5bf-5b3e8126ed33,SELL,MARKET,13.0,592.85,0,0.0,All risk checks passed
2025-11-19 15:09:00+00:00,FILLED,1848a7e4-03de-414c-b5bf-5b3e8126ed33,SELL,MARKET,13.0,592.85,13.0,592.85,
2025-11-19 15:10:00+00:00,RISK_PASS,e9e0a8ee-84ad-42ce-be76-8b4e4824de79,BUY,MARKET,13,592.9,0,0.0,All risk checks passed
2025-11-19 15:10:00+00:00,FILLED,e9e0a8ee-84ad-42ce-be76-8b4e4824de79,BUY,MARKET,13,592.9,13,592.9,
2025-11-19 15:11:00+00:00,RISK_PASS,2f6271a7-4ffa-4588-8f36-42fff2822fa2,SELL,MARKET,13.0,594.335,0,0.0,All risk checks passed
2025-11-19 15:11:00+00:00,FILLED,2f6271a7-4ffa-4588-8f36-42fff2822fa2,SELL,MARKET,13.0,594.335,6,594.335,
2025-11-19 15:12:00+00:00,RISK_PASS,0f4c2d5e-fd6d-4128-9800-c07db093ee33,BUY,MARKET,6,594.685,0,0.0,All risk checks passed
2025-11-19 15:12:00+00:00,RISK_PASS,172654cf-4113-47b1-add5-d64e5196c8e8,SELL,MARKET,7.0,594.685,0,0.0,All risk checks passed
2025-11-19 15:12:00+00:00,FILLED,0f4c2d5e-fd6d-4128-9800-c07db093ee33,BUY,MARKET,6,594.685,1,594.685,
2025-11-19 15:12:00+00:00,FILLED,172654cf-4113-47b1-add5-d64e5196c8e8,SELL,MARKET,7.0,594.685,7.0,594.685,
2025-11-19 15:13:00+00:00,RISK_PASS,dfda7010-e920-4969-94c7-70c13103138f,BUY,MARKET,12,595.095,0,0.0,All risk checks passed
2025-11-19 15:13:00+00:00,RISK_PASS,0af13197-209c-4db0-add1-3aefa6969861,SELL,MARKET,1.0,595.095,0,0.0,All risk checks passed
2025-11-19 15:13:00+00:00,FILLED,dfda7010-e920-4969-94c7-70c13103138f,BUY,MARKET,12,595.095,12,595.095,
2025-11-19 15:13:00+00:00,FILLED,0af13197-209c-4db0-add1-3aefa6969861,SELL,MARKET,1.0,595.095,1.0,595.095,
2025-11-19 15:14:00+00:00,RISK_PASS,a51bfd24-f76c-4c90-aa9c-865fd8b5b64f,BUY,MARKET,1,594.5125,0,0.0,All risk checks passed
2025-11-19 15:14:00+00:00,FILLED,a51bfd24-f76c-4c90-aa9c-865fd8b5b64f,BUY,MARKET,1,594.5125,1,594.5125,
2025-11-19 15:36:00+00:00,RISK_PASS,2e62f344-5e5a-45d2-b4dd-04ac5a18ab95,SELL,MARKET,13.0,592.27,0,0.0,All risk checks passed
2025-11-19 15:36:00+00:00,FILLED,2e62f344-5e5a-45d2-b4dd-04ac5a18ab95,SELL,MARKET,13.0,592.27,13.0,592.27,
2025-11-19 15:51:00+00:00,RISK_PASS,fcb7420f-6a02-4988-b85b-7128901ac46a,BUY,MARKET,16,589.4175,0,0.0,All risk checks passed
2025-11-19 15:51:00+00:00,FILLED,fcb7420f-6a02-4988-b85b-7128901ac46a,BUY,MARKET,16,589.4175,16,589.4175,
2025-11-19 15:52:00+00:00,RISK_PASS,5f47027d-8063-4046-afbd-bbe1a1607ce4,SELL,MARKET,16.0,589.2685,0,0.0,All risk checks passed
2025-11-19 15:52:00+00:00,FILLED,5f47027d-8063-4046-afbd-bbe1a1607ce4,SELL,MARKET,16.0,589.2685,16.0,589.2685,
2025-11-19 15:53:00+00:00,RISK_PASS,610332b9-3aba-44ea-a107-0c7ee6f933b0,BUY,MARKET,16,589.02,0,0.0,All risk checks passed
2025-11-19 15:53:00+00:00,FILLED,610332b9-3aba-44ea-a107-0c7ee6f933b0,BUY,MARKET,16,589.02,16,589.02,
2025-11-19 15:54:00+00:00,RISK_PASS,a2a74377-e560-430e-a904-3d7d1e556199,SELL,MARKET,16.0,589.09,0,0.0,All risk checks passed
2025-11-19 15:54:00+00:00,FILLED,a2a74377-e560-430e-a904-3d7d1e556199,SELL,MARKET,16.0,589.09,16.0,589.09,
2025-11-19 15:55:00+00:00,RISK_PASS,e5bff5cc-9851-40e7-85b3-3f5b766f1d8b,BUY,MARKET,16,588.73,0,0.0,All risk checks passed
2025-11-19 15:55:00+00:00,FILLED,e5bff5cc-9851-40e7-85b3-3f5b766f1d8b,BUY,MARKET,16,588.73,16,588.73,
2025-11-19 15:56:00+00:00,RISK_PASS,c83c1f21-5493-4999-92f8-69531bb649d9,SELL,MARKET,16.0,588.43,0,0.0,All risk checks passed
2025-11-19 15:56:00+00:00,FILLED,c83c1f21-5493-4999-92f8-69531bb649d9,SELL,MARKET,16.0,588.43,16.0,588.43,
2025-11-19 15:57:00+00:00,RISK_PASS,d04cbfa5-45fd-4390-9c76-ccf5da85dbff,BUY,MARKET,16,587.8975,0,0.0,All risk checks passed
2025-11-19 15:57:00+00:00,FILLED,d04cbfa5-45fd-4390-9c76-ccf5da85dbff,BUY,MARKET,16,587.8975,16,587.8975,
2025-11-19 15:58:00+00:00,RISK_PASS,3193d4c3-7730-44ec-85b9-12807650821a,SELL,MARKET,16.0,588.0776,0,0.0,All risk checks passed
2025-11-19 15:58:00+00:00,FILLED,3193d4c3-7730-44ec-85b9-12807650821a,SELL,MARKET,16.0,588.0776,16.0,588.0776,
2025-11-19 15:59:00+00:00,RISK_PASS,c84ea439-43b8-487e-ac61-6879bbdf5590,BUY,MARKET,16,588.01,0,0.0,All risk checks passed
2025-11-19 15:59:00+00:00,FILLED,c84ea439-43b8-487e-ac61-6879bbdf5590,BUY,MARKET,16,588.01,16,588.01,
2025-11-19 16:00:00+00:00,RISK_PASS,9d9d431e-5a78-41a2-b69e-56ae4dea53a1,SELL,MARKET,16.0,588.0799,0,0.0,All risk checks passed
2025-11-19 16:00:00+00:00,FILLED,9d9d431e-5a78-41a2-b69e-56ae4dea53a1,SELL,MARKET,16.0,588.0799,16.0,588.0799,
2025-11-19 16:01:00+00:00,RISK_PASS,2f246517-2562-4a4c-b597-d9f193d38f53,BUY,MARKET,16,587.51,0,0.0,All risk checks passed
2025-11-19 16:01:00+00:00,FILLED,2f246517-2562-4a4c-b597-d9f193d38f53,BUY,MARKET,16,587.51,16,587.51,
2025-11-19 16:02:00+00:00,RISK_PASS,61e776d8-1dca-4363-84d5-568b803e0b89,SELL,MARKET,16.0,587.96,0,0.0,All risk checks passed
2025-11-19 16:02:00+00:00,FILLED,61e776d8-1dca-4363-84d5-568b803e0b89,SELL,MARKET,16.0,587.96,16.0,587.96,
2025-11-19 16:03:00+00:00,RISK_PASS,3bbf5adc-70ab-4354-97ad-23849840cf71,BUY,MARKET,16,587.53,0,0.0,All risk checks passed
2025-11-19 16:03:00+00:00,FILLED,3bbf5adc-70ab-4354-97ad-23849840cf71,BUY,MARKET,16,587.53,16,587.53,
2025-11-19 16:04:00+00:00,RISK_PASS,bbcaa11f-9908-4bca-8136-232d20d0e9d6,SELL,MARKET,16.0,587.68,0,0.0,All risk checks passed
2025-11-19 16:04:00+00:00,FILLED,bbcaa11f-9908-4bca-8136-232d20d0e9d6,SELL,MARKET,16.0,587.68,16.0,587.68,
2025-11-19 16:06:00+00:00,RISK_PASS,12d4895b-021a-4c4b-835c-ddabf5bef4c3,BUY,MARKET,16,587.6972,0,0.0,All risk checks passed
2025-11-19 16:06:00+00:00,FILLED,12d4895b-021a-4c4b-835c-ddabf5bef4c3,BUY,MARKET,16,587.6972,16,587.6972,
2025-11-19 16:07:00+00:00,RISK_PASS,d8da959d-0fac-4680-96e8-061c4946c1dd,SELL,MARKET,16.0,588.24,0,0.0,All risk checks passed
2025-11-19 16:07:00+00:00,FILLED,d8da959d-0fac-4680-96e8-061c4946c1dd,SELL,MARKET,16.0,588.24,16.0,588.24,
2025-11-19 16:35:00+00:00,RISK_PASS,d410a067-dfd7-483c-b936-130ae095bd17,BUY,MARKET,13,588.675,0,0.0,All risk checks passed
2025-11-19 16:35:00+00:00,FILLED,d410a067-dfd7-483c-b936-130ae095bd17,BUY,MARKET,13,588.675,13,588.675,
2025-11-19 16:43:00+00:00,RISK_PASS,d584a851-546e-4bb7-be94-59c1187b3209,SELL,MARKET,13.0,587.27,0,0.0,All risk checks passed
2025-11-19 16:43:00+00:00,FILLED,d584a851-546e-4bb7-be94-59c1187b3209,SELL,MARKET,13.0,587.27,13.0,587.27,
2025-11-19 16:44:00+00:00,RISK_PASS,656fe266-acc8-48c2-998e-7e9a801ac758,BUY,MARKET,16,587.0,0,0.0,All risk checks passed
2025-11-19 16:44:00+00:00,FILLED,656fe266-acc8-48c2-998e-7e9a801ac758,BUY,MARKET,16,587.0,16,587.0,
2025-11-19 16:45:00+00:00,RISK_PASS,bd5839ea-ac71-4bc7-af2b-7e59d222ff06,BUY,MARKET,1,586.39,0,0.0,All risk checks passed
2025-11-19 16:45:00+00:00,RISK_PASS,480ef03c-b768-4a27-b896-31d22e08cc2d,SELL,MARKET,16.0,586.39,0,0.0,All risk checks passed
2025-11-19 16:45:00+00:00,FILLED,bd5839ea-ac71-4bc7-af2b-7e59d222ff06,BUY,MARKET,1,586.39,1,586.39,
2025-11-19 16:45:00+00:00,FILLED,480ef03c-b768-4a27-b896-31d22e08cc2d,SELL,MARKET,16.0,586.39,16.0,586.39,
2025-11-19 16:46:00+00:00,RISK_PASS,ded29fbe-c56a-45a6-a09b-70373dd03035,BUY,MARKET,16,586.7712,0,0.0,All risk checks passed
2025-11-19 16:46:00+00:00,RISK_PASS,d28ba6e2-9c87-4ca1-8ca5-7afe3b5a7f5c,SELL,MARKET,1.0,586.7712,0,0.0,All risk checks passed
2025-11-19 16:46:00+00:00,FILLED,ded29fbe-c56a-45a6-a09b-70373dd03035,BUY,MARKET,16,586.7712,16,586.7712,
2025-11-19 16:46:00+00:00,FILLED,d28ba6e2-9c87-4ca1-8ca5-7afe3b5a7f5c,SELL,MARKET,1.0,586.7712,1.0,586.7712,
2025-11-19 16:47:00+00:00,RISK_PASS,2c87d706-c12f-420f-b422-789e39a492ba,BUY,MARKET,1,586.75,0,0.0,All risk checks passed
2025-11-19 16:47:00+00:00,RISK_PASS,e9a98811-b80a-4f3f-8222-3ff292e422d5,SELL,MARKET,16.0,586.75,0,0.0,All risk checks passed
2025-11-19 16:47:00+00:00,FILLED,2c87d706-c12f-420f-b422-789e39a492ba,BUY,MARKET,1,586.75,1,586.75,
2025-11-19 16:47:00+00:00,FILLED,e9a98811-b80a-4f3f-8222-3ff292e422d5,SELL,MARKET,16.0,586.75,16.0,586.75,
2025-11-19 16:48:00+00:00,RISK_PASS,8b837d54-8203-4be6-a368-ea5a436ae875,BUY,MARKET,16,586.42,0,0.0,All risk checks passed
2025-11-19 16:48:00+00:00,RISK_PASS,b3c7d829-f128-48ff-b66b-b00b4a0eb3ef,SELL,MARKET,1.0,586.42,0,0.0,All risk checks passed
2025-11-19 16:48:00+00:00,FILLED,8b837d54-8203-4be6-a368-ea5a436ae875,BUY,MARKET,16,586.42,16,586.42,
2025-11-19 16:48:00+00:00,FILLED,b3c7d829-f128-48ff-b66b-b00b4a0eb3ef,SELL,MARKET,1.0,586.42,1.0,586.42,
2025-11-19 16:49:00+00:00,RISK_PASS,a0eb5be1-a6dc-4345-8888-e577095001e9,BUY,MARKET,1,586.375,0,0.0,All risk checks passed
2025-11-19 16:49:00+00:00,RISK_PASS,81e95818-fc38-4fd5-89a0-c598aea7b9a2,SELL,MARKET,16.0,586.375,0,0.0,All risk checks passed
2025-11-19 16:49:00+00:00,FILLED,a0eb5be1-a6dc-4345-8888-e577095001e9,BUY,MARKET,1,586.375,1,586.375,
2025-11-19 16:49:00+00:00,FILLED,81e95818-fc38-4fd5-89a0-c598aea7b9a2,SELL,MARKET,16.0,586.375,16.0,586.375,
2025-11-19 16:50:00+00:00,RISK_PASS,12bd4b58-a72d-42de-8095-0e335941297d,BUY,MARKET,16,586.2707,0,0.0,All risk checks passed
2025-11-19 16:50:00+00:00,RISK_PASS,542abc0f-743d-478b-b24d-9fb6acc27a9a,SELL,MARKET,1.0,586.2707,0,0.0,All risk checks passed
2025-11-19 16:50:00+00:00,FILLED,12bd4b58-a72d-42de-8095-0e335941297d,BUY,MARKET,16,586.2707,16,586.2707,
2025-11-19 16:50:00+00:00,FILLED,542abc0f-743d-478b-b24d-9fb6acc27a9a,SELL,MARKET,1.0,586.2707,1.0,586.2707,
2025-11-19 16:51:00+00:00,RISK_PASS,04519fa1-07e8-4fe5-906c-c5fc1342e30f,SELL,MARKET,16.0,586.395,0,0.0,All risk checks passed
2025-11-19 16:51:00+00:00,FILLED,04519fa1-07e8-4fe5-906c-c5fc1342e30f,SELL,MARKET,16.0,586.395,16.0,586.395,
2025-11-19 17:14:00+00:00,RISK_PASS,569a7ac2-fba1-4422-a2a1-42d2785b8469,BUY,MARKET,17,585.75,0,0.0,All risk checks passed
2025-11-19 17:14:00+00:00,FILLED,569a7ac2-fba1-4422-a2a1-42d2785b8469,BUY,MARKET,17,585.75,17,585.75,
2025-11-19 17:15:00+00:00,RISK_PASS,826240de-9a44-4c6e-aaad-c3dedaff0084,SELL,MARKET,17.0,586.29,0,0.0,All risk checks passed
2025-11-19 17:15:00+00:00,FILLED,826240de-9a44-4c6e-aaad-c3dedaff0084,SELL,MARKET,17.0,586.29,17.0,586.29,
2025-11-19 17:26:00+00:00,RISK_PASS,feb44e1e-45a4-45ec-990e-e4a7baed1ae6,BUY,MARKET,17,583.47,0,0.0,All risk checks passed
2025-11-19 17:26:00+00:00,FILLED,feb44e1e-45a4-45ec-990e-e4a7baed1ae6,BUY,MARKET,17,583.47,17,583.47,
2025-11-19 17:27:00+00:00,RISK_PASS,afa2718b-dc95-4fdf-bde5-bcf19bb89c8e,SELL,MARKET,17.0,582.77,0,0.0,All risk checks passed
2025-11-19 17:27:00+00:00,FILLED,afa2718b-dc95-4fdf-bde5-bcf19bb89c8e,SELL,MARKET,17.0,582.77,17.0,582.77,
2025-11-19 17:32:00+00:00,RISK_PASS,a47b606e-fc5f-4556-9883-0b8bfb132758,BUY,MARKET,17,582.72,0,0.0,All risk checks passed
2025-11-19 17:32:00+00:00,REJECTED,a47b606e-fc5f-4556-9883-0b8bfb132758,BUY,MARKET,17,582.72,0,0.0,Random engine rejection
2025-11-19 17:33:00+00:00,RISK_PASS,f16f49e6-aa06-4475-8793-9e4e9e93c934,BUY,MARKET,17,582.55,0,0.0,All risk checks passed
2025-11-19 17:33:00+00:00,FILLED,f16f49e6-aa06-4475-8793-9e4e9e93c934,BUY,MARKET,17,582.55,17,582.55,
2025-11-19 17:34:00+00:00,RISK_PASS,52840f1f-d7d6-495b-8ee1-455c3908ae9d,SELL,MARKET,17.0,582.29,0,0.0,All risk checks passed
2025-11-19 17:34:00+00:00,FILLED,52840f1f-d7d6-495b-8ee1-455c3908ae9d,SELL,MARKET,17.0,582.29,17.0,582.29,
2025-11-19 17:35:00+00:00,RISK_PASS,5fdcd339-05ef-4b34-b108-8b9b6cc6d3e2,BUY,MARKET,17,581.88,0,0.0,All risk checks passed
2025-11-19 17:35:00+00:00,FILLED,5fdcd339-05ef-4b34-b108-8b9b6cc6d3e2,BUY,MARKET,17,581.88,17,581.88,
2025-11-19 17:36:00+00:00,RISK_PASS,1cc26d3f-7031-4eaf-9e49-3fabaf4b8d57,SELL,MARKET,17.0,582.45,0,0.0,All risk checks passed
2025-11-19 17:36:00+00:00,REJECTED,1cc26d3f-7031-4eaf-9e49-3fabaf4b8d57,SELL,MARKET,17.0,582.45,0,0.0,Random engine rejection
2025-11-19 17:37:00+00:00,RISK_PASS,40131a1b-7239-45dd-954e-93e94d2d6705,SELL,MARKET,17.0,581.96,0,0.0,All risk checks passed
2025-11-19 17:37:00+00:00,FILLED,40131a1b-7239-45dd-954e-93e94d2d6705,SELL,MARKET,17.0,581.96,17.0,581.96,
2025-11-19 17:38:00+00:00,RISK_PASS,53f3dc71-3c2c-461a-b111-2e6ab306e1ab,BUY,MARKET,17,581.95,0,0.0,All risk checks passed
2025-11-19 17:38:00+00:00,FILLED,53f3dc71-3c2c-461a-b111-2e6ab306e1ab,BUY,MARKET,17,581.95,17,581.95,
2025-11-19 17:39:00+00:00,RISK_PASS,70576e46-b054-4730-96d7-c3920a350517,SELL,MARKET,17.0,581.83,0,0.0,All risk checks passed
2025-11-19 17:39:00+00:00,FILLED,70576e46-b054-4730-96d7-c3920a350517,SELL,MARKET,17.0,581.83,17.0,581.83,
2025-11-19 18:11:00+00:00,RISK_PASS,bed817d8-71be-4aa4-b513-310b56f99a09,BUY,MARKET,13,584.8773,0,0.0,All risk checks passed
2025-11-19 18:11:00+00:00,FILLED,bed817d8-71be-4aa4-b513-310b56f99a09,BUY,MARKET,13,584.8773,4,584.8773,
2025-11-19 18:12:00+00:00,RISK_PASS,030fa5ea-b77d-47aa-8b8c-6599d1987e6c,BUY,MARKET,9,584.705,0,0.0,All risk checks passed
2025-11-19 18:12:00+00:00,FILLED,030fa5ea-b77d-47aa-8b8c-6599d1987e6c,BUY,MARKET,9,584.705,9,584.705,
2025-11-19 18:57:00+00:00,RISK_PASS,b84be6a9-ac35-4f02-ac72-efa78c6224fc,SELL,MARKET,13.0,586.5135,0,0.0,All risk checks passed
2025-11-19 18:57:00+00:00,FILLED,b84be6a9-ac35-4f02-ac72-efa78c6224fc,SELL,MARKET,13.0,586.5135,13.0,586.5135,
2025-11-19 18:58:00+00:00,RISK_PASS,e3dfe5f3-e356-4f75-a5b2-a22535596499,BUY,MARKET,13,586.22,0,0.0,All risk checks passed
2025-11-19 18:58:00+00:00,FILLED,e3dfe5f3-e356-4f75-a5b2-a22535596499,BUY,MARKET,13,586.22,13,586.22,
2025-11-19 18:59:00+00:00,RISK_PASS,453a453e-30e8-4fa5-babb-3fb43e3dbde2,SELL,MARKET,13.0,586.39,0,0.0,All risk checks passed
2025-11-19 18:59:00+00:00,REJECTED,453a453e-30e8-4fa5-babb-3fb43e3dbde2,SELL,MARKET,13.0,586.39,0,0.0,Random engine rejection
2025-11-19 19:25:00+00:00,RISK_PASS,c8f5e601-aa59-4198-b298-e345b3d4cdb1,SELL,MARKET,13.0,585.095,0,0.0,All risk checks passed
2025-11-19 19:25:00+00:00,FILLED,c8f5e601-aa59-4198-b298-e345b3d4cdb1,SELL,MARKET,13.0,585.095,13.0,585.095,
2025-11-19 19:26:00+00:00,RISK_PASS,bda8ae61-daaf-4302-985c-f01646ab7970,BUY,MARKET,17,584.29,0,0.0,All risk checks passed
2025-11-19 19:26:00+00:00,FILLED,bda8ae61-daaf-4302-985c-f01646ab7970,BUY,MARKET,17,584.29,17,584.29,
2025-11-19 19:27:00+00:00,RISK_PASS,87214d30-a3d8-4bc4-9955-f2b5cb8dadd5,SELL,MARKET,17.0,584.23,0,0.0,All risk checks passed
2025-11-19 19:27:00+00:00,FILLED,87214d30-a3d8-4bc4-9955-f2b5cb8dadd5,SELL,MARKET,17.0,584.23,17.0,584.23,
2025-11-19 19:28:00+00:00,RISK_PASS,d6921a7e-5896-4061-8a76-248a110a3f0e,BUY,MARKET,17,584.03,0,0.0,All risk checks passed
2025-11-19 19:28:00+00:00,FILLED,d6921a7e-5896-4061-8a76-248a110a3f0e,BUY,MARKET,17,584.03,17,584.03,
2025-11-19 19:29:00+00:00,RISK_PASS,c02f4f37-a122-4337-8134-452177bced1c,SELL,MARKET,17.0,584.1161,0,0.0,All risk checks passed
2025-11-19 19:29:00+00:00,FILLED,c02f4f37-a122-4337-8134-452177bced1c,SELL,MARKET,17.0,584.1161,17.0,584.1161,
2025-11-19 19:30:00+00:00,RISK_PASS,bf9f9c4e-39bc-4a58-acef-b14bb92955b1,BUY,MARKET,17,584.36,0,0.0,All risk checks passed
2025-11-19 19:30:00+00:00,FILLED,bf9f9c4e-39bc-4a58-acef-b14bb92955b1,BUY,MARKET,17,584.36,17,584.36,
2025-11-19 19:31:00+00:00,RISK_PASS,d7349aa0-e002-49bb-a37c-8a2cb87f7746,SELL,MARKET,17.0,583.925,0,0.0,All risk checks passed
2025-11-19 19:31:00+00:00,FILLED,d7349aa0-e002-49bb-a37c-8a2cb87f7746,SELL,MARKET,17.0,583.925,17.0,583.925,
2025-11-19 19:32:00+00:00,RISK_PASS,3c220fd8-33fd-4cfa-a623-025dda0869a0,BUY,MARKET,17,583.41,0,0.0,All risk checks passed
2025-11-19 19:32:00+00:00,FILLED,3c220fd8-33fd-4cfa-a623-025dda0869a0,BUY,MARKET,17,583.41,17,583.41,
2025-11-19 19:33:00+00:00,RISK_PASS,1ab6af46-d96c-47b8-a0af-e2a464b98b27,SELL,MARKET,17.0,583.21,0,0.0,All risk checks passed
2025-11-19 19:33:00+00:00,FILLED,1ab6af46-d96c-47b8-a0af-e2a464b98b27,SELL,MARKET,17.0,583.21,17.0,583.21,
2025-11-19 19:34:00+00:00,RISK_PASS,53aa42f8-850b-4824-bdba-a738253cf086,BUY,MARKET,17,583.55,0,0.0,All risk checks passed
2025-11-19 19:34:00+00:00,FILLED,53aa42f8-850b-4824-bdba-a738253cf086,BUY,MARKET,17,583.55,17,583.55,
2025-11-19 19:35:00+00:00,RISK_PASS,cc640c83-00d2-4dc9-9805-117889e787cb,SELL,MARKET,17.0,583.75,0,0.0,All risk checks passed
2025-11-19 19:35:00+00:00,FILLED,cc640c83-00d2-4dc9-9805-117889e787cb,SELL,MARKET,17.0,583.75,17.0,583.75,
2025-11-19 19:36:00+00:00,RISK_PASS,07e8741e-4f29-421c-bbc4-dd6cdd98c09d,BUY,MARKET,17,583.6,0,0.0,All risk checks passed
2025-11-19 19:36:00+00:00,FILLED,07e8741e-4f29-421c-bbc4-dd6cdd98c09d,BUY,MARKET,17,583.6,5,583.6,
2025-11-19 19:37:00+00:00,RISK_PASS,365a7353-c44d-40ce-b03a-79b4b668dc6c,BUY,MARKET,12,583.31,0,0.0,All risk checks passed
2025-11-19 19:37:00+00:00,RISK_PASS,d887d7fb-0e2e-47a8-8c72-eac1c33b86ec,SELL,MARKET,5.0,583.31,0,0.0,All risk checks passed
2025-11-19 19:37:00+00:00,FILLED,365a7353-c44d-40ce-b03a-79b4b668dc6c,BUY,MARKET,12,583.31,12,583.31,
2025-11-19 19:37:00+00:00,FILLED,d887d7fb-0e2e-47a8-8c72-eac1c33b86ec,SELL,MARKET,5.0,583.31,5.0,583.31,
2025-11-19 19:38:00+00:00,RISK_PASS,d1485b1d-90d7-4678-8ae9-922b05962a07,BUY,MARKET,5,583.47,0,0.0,All risk checks passed
2025-11-19 19:38:00+00:00,RISK_PASS,69b795a7-c73d-4cc4-b8af-d205b53772a1,SELL,MARKET,12.0,583.47,0,0.0,All risk checks passed
2025-11-19 19:38:00+00:00,FILLED,d1485b1d-90d7-4678-8ae9-922b05962a07,BUY,MARKET,5,583.47,5,583.47,
2025-11-19 19:38:00+00:00,FILLED,69b795a7-c73d-4cc4-b8af-d205b53772a1,SELL,MARKET,12.0,583.47,12.0,583.47,
2025-11-19 19:39:00+00:00,RISK_PASS,2e401bdc-33f8-42ef-805f-03afd0f8126d,BUY,MARKET,12,583.405,0,0.0,All risk checks passed
2025-11-19 19:39:00+00:00,RISK_PASS,ab8c4503-d492-463e-a7f6-7f8688b4944c,SELL,MARKET,5.0,583.405,0,0.0,All risk checks passed
2025-11-19 19:39:00+00:00,FILLED,2e401bdc-33f8-42ef-805f-03afd0f8126d,BUY,MARKET,12,583.405,12,583.405,
2025-11-19 19:39:00+00:00,FILLED,ab8c4503-d492-463e-a7f6-7f8688b4944c,SELL,MARKET,5.0,583.405,5.0,583.405,
2025-11-19 19:40:00+00:00,RISK_PASS,8ec9167e-e730-4d49-b4a5-68f63494d3ae,SELL,MARKET,12.0,583.36,0,0.0,All risk checks passed
2025-11-19 19:40:00+00:00,FILLED,8ec9167e-e730-4d49-b4a5-68f63494d3ae,SELL,MARKET,12.0,583.36,12.0,583.36,
2025-11-19 19:57:00+00:00,RISK_PASS,bdbe124a-1dc0-4a4b-a6a3-577411717c5d,BUY,MARKET,13,584.8211,0,0.0,All risk checks passed
2025-11-19 19:57:00+00:00,FILLED,bdbe124a-1dc0-4a4b-a6a3-577411717c5d,BUY,MARKET,13,584.8211,13,584.8211,
2025-11-19 19:58:00+00:00,RISK_PASS,e73deac0-93cf-4724-a39e-12054016239b,SELL,MARKET,13.0,585.005,0,0.0,All risk checks passed
2025-11-19 19:58:00+00:00,FILLED,e73deac0-93cf-4724-a39e-12054016239b,SELL,MARKET,13.0,585.005,13.0,585.005,
2025-11-19 19:59:00+00:00,RISK_PASS,7fc26358-f43a-433e-ba36-0786249dd05d,BUY,MARKET,13,585.1,0,0.0,All risk checks passed
2025-11-19 19:59:00+00:00,FILLED,7fc26358-f43a-433e-ba36-0786249dd05d,BUY,MARKET,13,585.1,13,585.1,
2025-11-19 20:00:00+00:00,RISK_PASS,504ef66a-d6c9-43aa-a3cf-2f9b32d48c49,SELL,MARKET,13.0,585.23,0,0.0,All risk checks passed
2025-11-19 20:00:00+00:00,FILLED,504ef66a-d6c9-43aa-a3cf-2f9b32d48c49,SELL,MARKET,13.0,585.23,13.0,585.23,
2025-11-19 20:01:00+00:00,RISK_PASS,db0719a0-5ef2-44bc-9d74-f41d5853fe15,BUY,MARKET,13,585.03,0,0.0,All risk checks passed
2025-11-19 20:01:00+00:00,FILLED,db0719a0-5ef2-44bc-9d74-f41d5853fe15,BUY,MARKET,13,585.03,13,585.03,
2025-11-19 20:15:00+00:00,RISK_PASS,dc9153cf-19fa-41c0-be34-2293ddcfe71f,SELL,MARKET,13.0,586.605,0,0.0,All risk checks passed
2025-11-19 20:15:00+00:00,FILLED,dc9153cf-19fa-41c0-be34-2293ddcfe71f,SELL,MARKET,13.0,586.605,13.0,586.605,
2025-11-19 20:16:00+00:00,RISK_PASS,2ea54d2b-8d11-441d-8ce4-3ff52fee357f,BUY,MARKET,13,586.44,0,0.0,All risk checks passed
2025-11-19 20:16:00+00:00,FILLED,2ea54d2b-8d11-441d-8ce4-3ff52fee357f,BUY,MARKET,13,586.44,13,586.44,
2025-11-19 20:17:00+00:00,RISK_PASS,1fe3278e-0cad-420f-8eaf-dcc69529c0d0,SELL,MARKET,13.0,586.3975,0,0.0,All risk checks passed
2025-11-19 20:17:00+00:00,REJECTED,1fe3278e-0cad-420f-8eaf-dcc69529c0d0,SELL,MARKET,13.0,586.3975,0,0.0,Random engine rejection
2025-11-19 20:18:00+00:00,RISK_PASS,cbc2153b-6c4b-4d49-a6fd-56224ce7450d,SELL,MARKET,13.0,586.95,0,0.0,All risk checks passed
2025-11-19 20:18:00+00:00,FILLED,cbc2153b-6c4b-4d49-a6fd-56224ce7450d,SELL,MARKET,13.0,586.95,13.0,586.95,
2025-11-19 20:19:00+00:00,RISK_PASS,ecab3659-3f51-4695-9582-266956f23037,BUY,MARKET,13,586.92,0,0.0,All risk checks passed
2025-11-19 20:19:00+00:00,FILLED,ecab3659-3f51-4695-9582-266956f23037,BUY,MARKET,13,586.92,13,586.92,
2025-11-19 20:20:00+00:00,RISK_PASS,1383932b-03d4-44a2-854f-f5acc9b954a7,SELL,MARKET,13.0,586.72,0,0.0,All risk checks passed
2025-11-19 20:20:00+00:00,FILLED,1383932b-03d4-44a2-854f-f5acc9b954a7,SELL,MARKET,13.0,586.72,13.0,586.72,
2025-11-19 20:21:00+00:00,RISK_PASS,fb03db78-f43a-4246-a3e6-eda5a6ee4954,BUY,MARKET,13,586.94,0,0.0,All risk checks passed
2025-11-19 20:21:00+00:00,FILLED,fb03db78-f43a-4246-a3e6-eda5a6ee4954,BUY,MARKET,13,586.94,13,586.94,
2025-11-19 20:22:00+00:00,RISK_PASS,66fca6b5-de33-4d52-bda8-2414f4e34f46,SELL,MARKET,13.0,587.28,0,0.0,All risk checks passed
2025-11-19 20:22:00+00:00,FILLED,66fca6b5-de33-4d52-bda8-2414f4e34f46,SELL,MARKET,13.0,587.28,13.0,587.28,
2025-11-19 20:23:00+00:00,RISK_PASS,0bd2ac0c-f625-4620-9a65-65c0344feb58,BUY,MARKET,13,586.78,0,0.0,All risk checks passed
2025-11-19 20:23:00+00:00,FILLED,0bd2ac0c-f625-4620-9a65-65c0344feb58,BUY,MARKET,13,586.78,13,586.78,
2025-11-19 20:24:00+00:00,RISK_PASS,9cd981d3-da0a-476e-8c93-ec7cb672da39,SELL,MARKET,13.0,587.2369,0,0.0,All risk checks passed
2025-11-19 20:24:00+00:00,FILLED,9cd981d3-da0a-476e-8c93-ec7cb672da39,SELL,MARKET,13.0,587.2369,13.0,587.2369,
2025-11-19 20:25:00+00:00,RISK_PASS,4c42b42e-2300-4c88-9e02-3fc4d777ce7a,BUY,MARKET,13,586.62,0,0.0,All risk checks passed
2025-11-19 20:25:00+00:00,FILLED,4c42b42e-2300-4c88-9e02-3fc4d777ce7a,BUY,MARKET,13,586.62,13,586.62,
2025-11-19 20:55:00+00:00,RISK_PASS,ebbc4da3-d86f-42b1-9e4e-f7334b38b990,SELL,MARKET,13.0,590.29,0,0.0,All risk checks passed
2025-11-19 20:55:00+00:00,FILLED,ebbc4da3-d86f-42b1-9e4e-f7334b38b990,SELL,MARKET,13.0,590.29,13.0,590.29,
2025-11-19 20:56:00+00:00,RISK_PASS,4daeb65b-d572-4a44-82e1-71f4e41b163e,BUY,MARKET,13,590.265,0,0.0,All risk checks passed
2025-11-19 20:56:00+00:00,FILLED,4daeb65b-d572-4a44-82e1-71f4e41b163e,BUY,MARKET,13,590.265,13,590.265,
2025-11-19 20:57:00+00:00,RISK_PASS,17ce94b7-afc8-465d-abf9-99f8170f619f,SELL,MARKET,13.0,590.06,0,0.0,All risk checks passed
2025-11-19 20:57:00+00:00,FILLED,17ce94b7-afc8-465d-abf9-99f8170f619f,SELL,MARKET,13.0,590.06,13.0,590.06,
2025-11-19 20:58:00+00:00,RISK_PASS,3c1fd326-66c4-413a-b70a-4b419e811bac,BUY,MARKET,13,590.43,0,0.0,All risk checks passed
2025-11-19 20:58:00+00:00,FILLED,3c1fd326-66c4-413a-b70a-4b419e811bac,BUY,MARKET,13,590.43,13,590.43,
2025-11-19 20:59:00+00:00,RISK_PASS,ee295d83-2fe1-45a8-b6f8-8a7cda3ecf65,SELL,MARKET,13.0,590.34,0,0.0,All risk checks passed
2025-11-19 20:59:00+00:00,FILLED,ee295d83-2fe1-45a8-b6f8-8a7cda3ecf65,SELL,MARKET,13.0,590.34,13.0,590.34,
2025-11-19 21:00:00+00:00,RISK_PASS,a723a7b5-45e8-4665-8ea6-4c0816545990,BUY,MARKET,13,589.97,0,0.0,All risk checks passed
2025-11-19 21:00:00+00:00,FILLED,a723a7b5-45e8-4665-8ea6-4c0816545990,BUY,MARKET,13,589.97,7,589.97,
2025-11-19 21:01:00+00:00,RISK_PASS,b6a21eb8-795b-4bd9-8e4c-4ae0995c52d3,BUY,MARKET,6,590.4142,0,0.0,All risk checks passed
2025-11-19 21:01:00+00:00,RISK_PASS,aba405a6-0d85-4335-a65e-66b375f4fe1f,SELL,MARKET,7.0,590.4142,0,0.0,All risk checks passed
2025-11-19 21:01:00+00:00,FILLED,b6a21eb8-795b-4bd9-8e4c-4ae0995c52d3,BUY,MARKET,6,590.4142,6,590.4142,
2025-11-19 21:01:00+00:00,FILLED,aba405a6-0d85-4335-a65e-66b375f4fe1f,SELL,MARKET,7.0,590.4142,7.0,590.4142,
2025-11-19 21:02:00+00:00,RISK_PASS,ae42f5e7-0ead-46d4-a1a3-1678a46b73df,BUY,MARKET,7,590.32,0,0.0,All risk checks passed
2025-11-19 21:02:00+00:00,RISK_PASS,a9cdab45-6eb5-4cf6-a815-79c7a9c6e9b1,SELL,MARKET,6.0,590.32,0,0.0,All risk checks passed
2025-11-19 21:02:00+00:00,FILLED,ae42f5e7-0ead-46d4-a1a3-1678a46b73df,BUY,MARKET,7,590.32,4,590.32,
2025-11-19 21:02:00+00:00,FILLED,a9cdab45-6eb5-4cf6-a815-79c7a9c6e9b1,SELL,MARKET,6.0,590.32,6.0,590.32,
2025-11-19 21:03:00+00:00,RISK_PASS,de1e0a22-176d-40ee-b1a1-0d1e8b67e1e4,BUY,MARKET,9,590.3,0,0.0,All risk checks passed
2025-11-19 21:03:00+00:00,RISK_PASS,801e2968-77d3-4120-af5a-df0331d8f9db,SELL,MARKET,4.0,590.3,0,0.0,All risk checks passed
2025-11-19 21:03:00+00:00,FILLED,de1e0a22-176d-40ee-b1a1-0d1e8b67e1e4,BUY,MARKET,9,590.3,9,590.3,
2025-11-19 21:03:00+00:00,FILLED,801e2968-77d3-4120-af5a-df0331d8f9db,SELL,MARKET,4.0,590.3,4.0,590.3,
2025-11-19 21:04:00+00:00,RISK_PASS,be3d452c-9e4e-40b5-b0df-f9bcb6bc4d07,BUY,MARKET,4,590.35,0,0.0,All risk checks passed
2025-11-19 21:04:00+00:00,RISK_PASS,4dd656b8-7d92-49ef-8802-73d179b9f8e2,SELL,MARKET,9.0,590.35,0,0.0,All risk checks passed
2025-11-19 21:04:00+00:00,FILLED,be3d452c-9e4e-40b5-b0df-f9bcb6bc4d07,BUY,MARKET,4,590.35,4,590.35,
2025-11-19 21:04:00+00:00,FILLED,4dd656b8-7d92-49ef-8802-73d179b9f8e2,SELL,MARKET,9.0,590.35,9.0,590.35,
2025-11-19 21:05:00+00:00,RISK_PASS,466e79b1-79ee-487e-a936-3e5af0a2019a,BUY,MARKET,9,590.05,0,0.0,All risk checks passed
2025-11-19 21:05:00+00:00,RISK_PASS,a349bbcc-b9c7-4dd9-bbb3-96679a1bb658,SELL,MARKET,4.0,590.05,0,0.0,All risk checks passed
2025-11-19 21:05:00+00:00,FILLED,466e79b1-79ee-487e-a936-3e5af0a2019a,BUY,MARKET,9,590.05,9,590.05,
2025-11-19 21:05:00+00:00,FILLED,a349bbcc-b9c7-4dd9-bbb3-96679a1bb658,SELL,MARKET,4.0,590.05,4.0,590.05,
2025-11-19 21:06:00+00:00,RISK_PASS,2172f408-fac9-4faa-84d7-276631e1826f,BUY,MARKET,4,589.99,0,0.0,All risk checks passed
2025-11-19 21:06:00+00:00,RISK_PASS,592582c5-e225-4db3-8cb7-47c39aa5d791,SELL,MARKET,9.0,589.99,0,0.0,All risk checks passed
2025-11-19 21:06:00+00:00,FILLED,2172f408-fac9-4faa-84d7-276631e1826f,BUY,MARKET,4,589.99,4,589.99,
2025-11-19 21:06:00+00:00,FILLED,592582c5-e225-4db3-8cb7-47c39aa5d791,SELL,MARKET,9.0,589.99,9.0,589.99,
2025-11-19 21:07:00+00:00,RISK_PASS,9895fc1b-d112-4b03-ae55-0dd5cd48b385,BUY,MARKET,9,589.15,0,0.0,All risk checks passed
2025-11-19 21:07:00+00:00,REJECTED,9895fc1b-d112-4b03-ae55-0dd5cd48b385,BUY,MARKET,9,589.15,0,0.0,Random engine rejection
2025-11-19 21:08:00+00:00,RISK_PASS,0f792bd9-569d-4465-8261-ee9a216da4bd,BUY,MARKET,9,589.0,0,0.0,All risk checks passed
2025-11-19 21:08:00+00:00,FILLED,0f792bd9-569d-4465-8261-ee9a216da4bd,BUY,MARKET,9,589.0,9,589.0,
2025-11-19 21:09:00+00:00,RISK_PASS,d65e291c-ce35-4bb3-8d3e-e247fb4f8aad,BUY,MARKET,7,588.96,0,0.0,All risk checks passed
2025-11-19 21:09:00+00:00,FILLED,d65e291c-ce35-4bb3-8d3e-e247fb4f8aad,BUY,MARKET,7,588.96,7,588.96,
2025-11-19 21:21:00+00:00,RISK_PASS,55cbba2b-b1f2-4f33-a015-c890be5cb6aa,SELL,MARKET,20.0,593.0,0,0.0,All risk checks passed
2025-11-19 21:21:00+00:00,FILLED,55cbba2b-b1f2-4f33-a015-c890be5cb6aa,SELL,MARKET,20.0,593.0,20.0,593.0,
2025-11-19 21:22:00+00:00,RISK_PASS,12c9b25b-5171-404d-9102-180ee1dbf510,BUY,MARKET,13,592.5,0,0.0,All risk checks passed
2025-11-19 21:22:00+00:00,FILLED,12c9b25b-5171-404d-9102-180ee1dbf510,BUY,MARKET,13,592.5,13,592.5,
2025-11-19 21:32:00+00:00,RISK_PASS,af60c9fb-2c80-420f-97fe-2b9742ad490a,BUY,MARKET,7,593.0,0,0.0,All risk checks passed
2025-11-19 21:32:00+00:00,FILLED,af60c9fb-2c80-420f-97fe-2b9742ad490a,BUY,MARKET,7,593.0,7,593.0,
2025-11-19 21:33:00+00:00,RISK_PASS,ea601281-9d3b-4ff7-b5b0-68ecd201d3ba,SELL,MARKET,20.0,594.14,0,0.0,All risk checks passed
2025-11-19 21:33:00+00:00,FILLED,ea601281-9d3b-4ff7-b5b0-68ecd201d3ba,SELL,MARKET,20.0,594.14,20.0,594.14,
2025-11-19 21:34:00+00:00,RISK_PASS,f043ab2b-847b-4d95-a461-14bbd2075139,BUY,MARKET,20,593.92,0,0.0,All risk checks passed
2025-11-19 21:34:00+00:00,REJECTED,f043ab2b-847b-4d95-a461-14bbd2075139,BUY,MARKET,20,593.92,0,0.0,Random engine rejection
2025-11-19 21:35:00+00:00,RISK_PASS,643857be-9688-462f-b675-e3fd4493ae45,BUY,MARKET,20,594.16,0,0.0,All risk checks passed
2025-11-19 21:35:00+00:00,FILLED,643857be-9688-462f-b675-e3fd4493ae45,BUY,MARKET,20,594.16,20,594.16,
2025-11-19 21:53:00+00:00,RISK_PASS,106f1696-1ab7-4e14-8728-5f5a8a985810,SELL,MARKET,20.0,593.32,0,0.0,All risk checks passed
2025-11-19 21:53:00+00:00,FILLED,106f1696-1ab7-4e14-8728-5f5a8a985810,SELL,MARKET,20.0,593.32,20.0,593.32,
2025-11-19 21:54:00+00:00,RISK_PASS,5dcc47d2-a13b-4807-a091-ee5ae9c26e95,BUY,MARKET,13,592.4,0,0.0,All risk checks passed
2025-11-19 21:54:00+00:00,FILLED,5dcc47d2-a13b-4807-a091-ee5ae9c26e95,BUY,MARKET,13,592.4,13,592.4,
2025-11-19 22:08:00+00:00,RISK_PASS,cb0b08e7-2b1a-4bff-871f-370010a17e76,SELL,MARKET,13.0,594.0,0,0.0,All risk checks passed
2025-11-19 22:08:00+00:00,FILLED,cb0b08e7-2b1a-4bff-871f-370010a17e76,SELL,MARKET,13.0,594.0,13.0,594.0,
2025-11-19 22:09:00+00:00,RISK_PASS,33c1d7a7-a547-409a-bf2d-d9c0898a5a66,BUY,MARKET,13,594.12,0,0.0,All risk checks passed
2025-11-19 22:09:00+00:00,FILLED,33c1d7a7-a547-409a-bf2d-d9c0898a5a66,BUY,MARKET,13,594.12,13,594.12,
2025-11-19 22:10:00+00:00,RISK_PASS,7560f536-3445-423f-96a2-2f5a43ef60a3,BUY,MARKET,7,594.4675,0,0.0,All risk checks passed
2025-11-19 22:10:00+00:00,RISK_PASS,bc8097b1-93bc-43bd-879b-c5720ecaac51,SELL,MARKET,13.0,594.4675,0,0.0,All risk checks passed
2025-11-19 22:10:00+00:00,FILLED,7560f536-3445-423f-96a2-2f5a43ef60a3,BUY,MARKET,7,594.4675,7,594.4675,
2025-11-19 22:10:00+00:00,FILLED,bc8097b1-93bc-43bd-879b-c5720ecaac51,SELL,MARKET,13.0,594.4675,13.0,594.4675,
2025-11-19 22:11:00+00:00,RISK_PASS,c95861db-3053-44ee-9e83-855375249433,BUY,MARKET,6,594.52,0,0.0,All risk checks passed
2025-11-19 22:11:00+00:00,RISK_PASS,ff730e94-69b1-418b-9d8d-0747be4b166a,SELL,MARKET,7.0,594.52,0,0.0,All risk checks passed
2025-11-19 22:11:00+00:00,FILLED,c95861db-3053-44ee-9e83-855375249433,BUY,MARKET,6,594.52,6,594.52,
2025-11-19 22:11:00+00:00,FILLED,ff730e94-69b1-418b-9d8d-0747be4b166a,SELL,MARKET,7.0,594.52,7.0,594.52,
2025-11-19 22:12:00+00:00,RISK_PASS,b81c319b-b0fb-4dfb-b67c-fd0a45f70636,BUY,MARKET,7,594.65,0,0.0,All risk checks passed
2025-11-19 22:12:00+00:00,RISK_PASS,0602c7f0-7c74-4077-bcaf-dea2f0e74d22,SELL,MARKET,6.0,594.65,0,0.0,All risk checks passed
2025-11-19 22:12:00+00:00,FILLED,b81c319b-b0fb-4dfb-b67c-fd0a45f70636,BUY,MARKET,7,594.65,7,594.65,
2025-11-19 22:12:00+00:00,FILLED,0602c7f0-7c74-4077-bcaf-dea2f0e74d22,SELL,MARKET,6.0,594.65,6.0,594.65,
2025-11-19 22:13:00+00:00,RISK_PASS,9d1e0e22-c0be-486e-a318-aa4e3650fef5,BUY,MARKET,13,595.0,0,0.0,All risk checks passed
2025-11-19 22:13:00+00:00,RISK_PASS,80b9ed3b-2e2c-4fd1-be31-f453c6da1004,SELL,MARKET,7.0,595.0,0,0.0,All risk checks passed
2025-11-19 22:13:00+00:00,FILLED,9d1e0e22-c0be-486e-a318-aa4e3650fef5,BUY,MARKET,13,595.0,13,595.0,
2025-11-19 22:13:00+00:00,FILLED,80b9ed3b-2e2c-4fd1-be31-f453c6da1004,SELL,MARKET,7.0,595.0,7.0,595.0,
2025-11-19 22:14:00+00:00,RISK_PASS,0b103a40-347b-44f3-b7dc-6c07a9ac1b0e,BUY,MARKET,7,596.17,0,0.0,All risk checks passed
2025-11-19 22:14:00+00:00,RISK_PASS,6a8d0113-d343-4c68-8905-c3cf84f7014c,SELL,MARKET,13.0,596.17,0,0.0,All risk checks passed
2025-11-19 22:14:00+00:00,FILLED,0b103a40-347b-44f3-b7dc-6c07a9ac1b0e,BUY,MARKET,7,596.17,7,596.17,
2025-11-19 22:14:00+00:00,FILLED,6a8d0113-d343-4c68-8905-c3cf84f7014c,SELL,MARKET,13.0,596.17,13.0,596.17,
2025-11-19 22:15:00+00:00,RISK_PASS,3587d624-ea3a-4944-89d8-1122e8fa1323,BUY,MARKET,13,597.061,0,0.0,All risk checks passed
2025-11-19 22:15:00+00:00,RISK_PASS,283cf20a-3f10-4bdc-bdd6-229b30c2e403,SELL,MARKET,7.0,597.061,0,0.0,All risk checks passed
2025-11-19 22:15:00+00:00,FILLED,3587d624-ea3a-4944-89d8-1122e8fa1323,BUY,MARKET,13,597.061,13,597.061,
2025-11-19 22:15:00+00:00,FILLED,283cf20a-3f10-4bdc-bdd6-229b30c2e403,SELL,MARKET,7.0,597.061,7.0,597.061,
2025-11-19 22:16:00+00:00,RISK_PASS,06157113-952c-45f7-aa71-228b68d06f2f,BUY,MARKET,7,597.97,0,0.0,All risk checks passed
2025-11-19 22:16:00+00:00,RISK_PASS,1c6c2deb-b09b-4de8-9d5b-d83f32aafc03,SELL,MARKET,13.0,597.97,0,0.0,All risk checks passed
2025-11-19 22:16:00+00:00,FILLED,06157113-952c-45f7-aa71-228b68d06f2f,BUY,MARKET,7,597.97,7,597.97,
2025-11-19 22:16:00+00:00,REJECTED,1c6c2deb-b09b-4de8-9d5b-d83f32aafc03,SELL,MARKET,13.0,597.97,0,0.0,Random engine rejection
2025-11-19 22:17:00+00:00,RISK_PASS,990ad9c6-77f7-4ca3-932b-a0bc7c2b5fb8,SELL,MARKET,20.0,597.44,0,0.0,All risk checks passed
2025-11-19 22:17:00+00:00,FILLED,990ad9c6-77f7-4ca3-932b-a0bc7c2b5fb8,SELL,MARKET,20.0,597.44,20.0,597.44,
2025-11-19 22:18:00+00:00,RISK_PASS,4fef87f6-db5e-4954-8a87-80844ded6441,BUY,MARKET,20,596.78,0,0.0,All risk checks passed
2025-11-19 22:18:00+00:00,FILLED,4fef87f6-db5e-4954-8a87-80844ded6441,BUY,MARKET,20,596.78,20,596.78,
2025-11-19 22:41:00+00:00,RISK_PASS,b8e28685-feef-46dd-b6b7-248b9e9aa2b9,SELL,MARKET,20.0,593.47,0,0.0,All risk checks passed
2025-11-19 22:41:00+00:00,FILLED,b8e28685-feef-46dd-b6b7-248b9e9aa2b9,SELL,MARKET,20.0,593.47,20.0,593.47,
2025-11-19 22:42:00+00:00,RISK_PASS,ce22bf92-41ab-4020-93e2-20cdd56f0355,BUY,MARKET,16,593.91,0,0.0,All risk checks passed
2025-11-19 22:42:00+00:00,FILLED,ce22bf92-41ab-4020-93e2-20cdd56f0355,BUY,MARKET,16,593.91,16,593.91,
2025-11-19 22:43:00+00:00,RISK_PASS,f6ea6753-c13b-486f-b28b-56ceeb906071,SELL,MARKET,16.0,593.7494,0,0.0,All risk checks passed
2025-11-19 22:43:00+00:00,REJECTED,f6ea6753-c13b-486f-b28b-56ceeb906071,SELL,MARKET,16.0,593.7494,0,0.0,Random engine rejection
2025-11-19 22:44:00+00:00,RISK_PASS,a1bc8072-064a-4f49-8041-b494c829e5e4,SELL,MARKET,16.0,593.47,0,0.0,All risk checks passed
2025-11-19 22:44:00+00:00,FILLED,a1bc8072-064a-4f49-8041-b494c829e5e4,SELL,MARKET,16.0,593.47,8,593.47,
2025-11-19 22:45:00+00:00,RISK_PASS,e71dd83c-1a71-440f-a351-cf1687388e38,BUY,MARKET,8,593.1801,0,0.0,All risk checks passed
2025-11-19 22:45:00+00:00,RISK_PASS,7b7822e1-cf28-403b-a40c-f754d13d6f02,SELL,MARKET,8.0,593.1801,0,0.0,All risk checks passed
2025-11-19 22:45:00+00:00,FILLED,e71dd83c-1a71-440f-a351-cf1687388e38,BUY,MARKET,8,593.1801,8,593.1801,
2025-11-19 22:45:00+00:00,FILLED,7b7822e1-cf28-403b-a40c-f754d13d6f02,SELL,MARKET,8.0,593.1801,8.0,593.1801,
2025-11-19 22:46:00+00:00,RISK_PASS,641adeec-8459-4df0-a0c6-f11a4fd40f1f,BUY,MARKET,8,593.3799,0,0.0,All risk checks passed
2025-11-19 22:46:00+00:00,RISK_PASS,2dbae4ef-c225-4d01-b40c-bf9087383880,SELL,MARKET,8.0,593.3799,0,0.0,All risk checks passed
2025-11-19 22:46:00+00:00,FILLED,641adeec-8459-4df0-a0c6-f11a4fd40f1f,BUY,MARKET,8,593.3799,8,593.3799,
2025-11-19 22:46:00+00:00,FILLED,2dbae4ef-c225-4d01-b40c-bf9087383880,SELL,MARKET,8.0,593.3799,8.0,593.3799,
2025-11-19 22:47:00+00:00,RISK_PASS,5654e718-b903-4e80-aceb-13be4398d2d3,BUY,MARKET,8,593.201,0,0.0,All risk checks passed
2025-11-19 22:47:00+00:00,RISK_PASS,163c8a5d-98f0-45be-bc49-a81185f21a0f,SELL,MARKET,8.0,593.201,0,0.0,All risk checks passed
2025-11-19 22:47:00+00:00,FILLED,5654e718-b903-4e80-aceb-13be4398d2d3,BUY,MARKET,8,593.201,8,593.201,
2025-11-19 22:47:00+00:00,FILLED,163c8a5d-98f0-45be-bc49-a81185f21a0f,SELL,MARKET,8.0,593.201,8.0,593.201,
2025-11-19 22:48:00+00:00,RISK_PASS,11fb7132-f47e-4c58-af87-2ba06bc2c450,BUY,MARKET,8,593.56,0,0.0,All risk checks passed
2025-11-19 22:48:00+00:00,RISK_PASS,d266bb96-8c46-4543-a82f-8b55091975d9,SELL,MARKET,8.0,593.56,0,0.0,All risk checks passed
2025-11-19 22:48:00+00:00,FILLED,11fb7132-f47e-4c58-af87-2ba06bc2c450,BUY,MARKET,8,593.56,8,593.56,
2025-11-19 22:48:00+00:00,FILLED,d266bb96-8c46-4543-a82f-8b55091975d9,SELL,MARKET,8.0,593.56,8.0,593.56,
2025-11-19 22:49:00+00:00,RISK_PASS,4f46a4da-f357-45f3-8c72-4e46f64fed04,SELL,MARKET,8.0,593.43,0,0.0,All risk checks passed
2025-11-19 22:49:00+00:00,REJECTED,4f46a4da-f357-45f3-8c72-4e46f64fed04,SELL,MARKET,8.0,593.43,0,0.0,Random engine rejection
2025-11-19 22:50:00+00:00,RISK_PASS,31b0d63a-c2a5-489a-bacd-50bbb8c6fe71,SELL,MARKET,8.0,593.5088,0,0.0,All risk checks passed
2025-11-19 22:50:00+00:00,FILLED,31b0d63a-c2a5-489a-bacd-50bbb8c6fe71,SELL,MARKET,8.0,593.5088,8.0,593.5088,
2025-11-19 23:04:00+00:00,RISK_PASS,51ca1022-fd8a-4e2a-8258-c93aa34d4508,BUY,MARKET,13,595.91,0,0.0,All risk checks passed
2025-11-19 23:04:00+00:00,FILLED,51ca1022-fd8a-4e2a-8258-c93aa34d4508,BUY,MARKET,13,595.91,13,595.91,
2025-11-19 23:05:00+00:00,RISK_PASS,3dfb78ba-e20e-4795-87b7-fdb800a335ed,SELL,MARKET,13.0,595.97,0,0.0,All risk checks passed
2025-11-19 23:05:00+00:00,FILLED,3dfb78ba-e20e-4795-87b7-fdb800a335ed,SELL,MARKET,13.0,595.97,13.0,595.97,
2025-11-19 23:06:00+00:00,RISK_PASS,a940df15-95b4-4847-bdd6-333ecd2e4d58,BUY,MARKET,13,595.8,0,0.0,All risk checks passed
2025-11-19 23:06:00+00:00,FILLED,a940df15-95b4-4847-bdd6-333ecd2e4d58,BUY,MARKET,13,595.8,13,595.8,
2025-11-19 23:07:00+00:00,RISK_PASS,791e4569-de05-47b0-9253-230e9b071d5b,SELL,MARKET,13.0,596.0625,0,0.0,All risk checks passed
2025-11-19 23:07:00+00:00,FILLED,791e4569-de05-47b0-9253-230e9b071d5b,SELL,MARKET,13.0,596.0625,4,596.0625,
2025-11-19 23:08:00+00:00,RISK_PASS,7df2ba1a-e770-46d8-8d74-e67335088f1e,BUY,MARKET,4,595.8,0,0.0,All risk checks passed
2025-11-19 23:08:00+00:00,RISK_PASS,85352026-8b87-4bd4-8757-cd093d0b9964,SELL,MARKET,9.0,595.8,0,0.0,All risk checks passed
2025-11-19 23:08:00+00:00,FILLED,7df2ba1a-e770-46d8-8d74-e67335088f1e,BUY,MARKET,4,595.8,4,595.8,
2025-11-19 23:08:00+00:00,FILLED,85352026-8b87-4bd4-8757-cd093d0b9964,SELL,MARKET,9.0,595.8,9.0,595.8,
2025-11-19 23:09:00+00:00,RISK_PASS,7d29fe9a-96df-4ab4-ace4-db1b014c4aff,BUY,MARKET,9,596.0,0,0.0,All risk checks passed
2025-11-19 23:09:00+00:00,RISK_PASS,c5eb7a5c-3c54-4a8a-b80a-6d2a8440c057,SELL,MARKET,4.0,596.0,0,0.0,All risk checks passed
2025-11-19 23:09:00+00:00,FILLED,7d29fe9a-96df-4ab4-ace4-db1b014c4aff,BUY,MARKET,9,596.0,9,596.0,
2025-11-19 23:09:00+00:00,FILLED,c5eb7a5c-3c54-4a8a-b80a-6d2a8440c057,SELL,MARKET,4.0,596.0,4.0,596.0,
2025-11-19 23:10:00+00:00,RISK_PASS,8e42f00d-0882-44af-a08f-3fa0cc7224cb,BUY,MARKET,4,595.77,0,0.0,All risk checks passed
2025-11-19 23:10:00+00:00,RISK_PASS,82800790-fa61-4962-872e-a47f661edfa3,SELL,MARKET,9.0,595.77,0,0.0,All risk checks passed
2025-11-19 23:10:00+00:00,FILLED,8e42f00d-0882-44af-a08f-3fa0cc7224cb,BUY,MARKET,4,595.77,4,595.77,
2025-11-19 23:10:00+00:00,FILLED,82800790-fa61-4962-872e-a47f661edfa3,SELL,MARKET,9.0,595.77,9.0,595.77,
2025-11-19 23:11:00+00:00,RISK_PASS,5d2251a6-4978-4353-bcb4-c44346c226ea,BUY,MARKET,9,595.61,0,0.0,All risk checks passed
2025-11-19 23:11:00+00:00,RISK_PASS,d7870255-319c-48c5-b6f3-431d4f8b14d5,SELL,MARKET,4.0,595.61,0,0.0,All risk checks passed
2025-11-19 23:11:00+00:00,FILLED,5d2251a6-4978-4353-bcb4-c44346c226ea,BUY,MARKET,9,595.61,9,595.61,
2025-11-19 23:11:00+00:00,FILLED,d7870255-319c-48c5-b6f3-431d4f8b14d5,SELL,MARKET,4.0,595.61,4.0,595.61,
2025-11-19 23:12:00+00:00,RISK_PASS,b8baac01-e135-4134-8e88-98e32129e847,BUY,MARKET,4,595.6419,0,0.0,All risk checks passed
2025-11-19 23:12:00+00:00,RISK_PASS,0e6ef331-b86d-485f-a878-b8a4dfbf1a2b,SELL,MARKET,9.0,595.6419,0,0.0,All risk checks passed
2025-11-19 23:12:00+00:00,FILLED,b8baac01-e135-4134-8e88-98e32129e847,BUY,MARKET,4,595.6419,4,595.6419,
2025-11-19 23:12:00+00:00,FILLED,0e6ef331-b86d-485f-a878-b8a4dfbf1a2b,SELL,MARKET,9.0,595.6419,9.0,595.6419,
2025-11-19 23:13:00+00:00,RISK_PASS,7dd4d67f-c8b3-4791-9a96-437969942b38,BUY,MARKET,9,595.7,0,0.0,All risk checks passed
2025-11-19 23:13:00+00:00,FILLED,7dd4d67f-c8b3-4791-9a96-437969942b38,BUY,MARKET,9,595.7,9,595.7,
2025-11-19 23:15:00+00:00,RISK_PASS,26255447-a89d-408f-9378-f93526d29c5e,SELL,MARKET,13.0,596.99,0,0.0,All risk checks passed
2025-11-19 23:15:00+00:00,FILLED,26255447-a89d-408f-9378-f93526d29c5e,SELL,MARKET,13.0,596.99,13.0,596.99,
2025-11-19 23:16:00+00:00,RISK_PASS,145ac62f-26bd-4413-850b-ffe77e5363b0,BUY,MARKET,13,597.18,0,0.0,All risk checks passed
2025-11-19 23:16:00+00:00,FILLED,145ac62f-26bd-4413-850b-ffe77e5363b0,BUY,MARKET,13,597.18,13,597.18,
2025-11-19 23:17:00+00:00,RISK_PASS,446d8545-7aa2-4296-af98-186846c900ca,SELL,MARKET,13.0,597.27,0,0.0,All risk checks passed
2025-11-19 23:17:00+00:00,FILLED,446d8545-7aa2-4296-af98-186846c900ca,SELL,MARKET,13.0,597.27,13.0,597.27,
2025-11-19 23:18:00+00:00,RISK_PASS,fb1e125b-0b04-4f2d-92eb-323300f0d8a4,BUY,MARKET,13,597.77,0,0.0,All risk checks passed
2025-11-19 23:18:00+00:00,FILLED,fb1e125b-0b04-4f2d-92eb-323300f0d8a4,BUY,MARKET,13,597.77,13,597.77,
2025-11-19 23:19:00+00:00,RISK_PASS,591afcb3-111b-40b1-841b-6c4e7335f652,SELL,MARKET,13.0,598.08,0,0.0,All risk checks passed
2025-11-19 23:19:00+00:00,FILLED,591afcb3-111b-40b1-841b-6c4e7335f652,SELL,MARKET,13.0,598.08,13.0,598.08,
2025-11-19 23:20:00+00:00,RISK_PASS,9a8b3b5b-cac1-4ad7-83e0-2b03c11fcf73,BUY,MARKET,13,597.51,0,0.0,All risk checks passed
2025-11-19 23:20:00+00:00,REJECTED,9a8b3b5b-cac1-4ad7-83e0-2b03c11fcf73,BUY,MARKET,13,597.51,0,0.0,Random engine rejection
2025-11-19 23:21:00+00:00,RISK_PASS,e6f25f92-e1e4-4573-9890-afee5bf4b5bd,BUY,MARKET,13,597.5101,0,0.0,All risk checks passed
2025-11-19 23:21:00+00:00,FILLED,e6f25f92-e1e4-4573-9890-afee5bf4b5bd,BUY,MARKET,13,597.5101,13,597.5101,
2025-11-19 23:22:00+00:00,RISK_PASS,66cc62dd-650a-4485-ba03-475ffca27098,SELL,MARKET,13.0,597.8261,0,0.0,All risk checks passed
2025-11-19 23:22:00+00:00,FILLED,66cc62dd-650a-4485-ba03-475ffca27098,SELL,MARKET,13.0,597.8261,13.0,597.8261,
2025-11-19 23:23:00+00:00,RISK_PASS,51b36c16-6b68-4132-88b8-2c65e0f2d8dd,BUY,MARKET,13,597.49,0,0.0,All risk checks passed
2025-11-19 23:23:00+00:00,FILLED,51b36c16-6b68-4132-88b8-2c65e0f2d8dd,BUY,MARKET,13,597.49,13,597.49,
2025-11-19 23:39:00+00:00,RISK_PASS,67987f33-99d9-4964-9eeb-e14759ff3f2d,SELL,MARKET,13.0,598.62,0,0.0,All risk checks passed
2025-11-19 23:39:00+00:00,FILLED,67987f33-99d9-4964-9eeb-e14759ff3f2d,SELL,MARKET,13.0,598.62,13.0,598.62,
2025-11-19 23:40:00+00:00,RISK_PASS,1aecc75c-57ab-4606-8f78-ba4a8d52d1aa,BUY,MARKET,13,598.8,0,0.0,All risk checks passed
2025-11-19 23:40:00+00:00,FILLED,1aecc75c-57ab-4606-8f78-ba4a8d52d1aa,BUY,MARKET,13,598.8,13,598.8,
2025-11-19 23:41:00+00:00,RISK_PASS,27a24f0b-d49f-4fd5-a19a-518b2ccd5523,SELL,MARKET,13.0,598.98,0,0.0,All risk checks passed
2025-11-19 23:41:00+00:00,FILLED,27a24f0b-d49f-4fd5-a19a-518b2ccd5523,SELL,MARKET,13.0,598.98,3,598.98,
2025-11-19 23:42:00+00:00,RISK_PASS,244ca29c-81cb-4bda-a3bb-549d50825c1e,BUY,MARKET,3,599.45,0,0.0,All risk checks passed
2025-11-19 23:42:00+00:00,RISK_PASS,84ad3ce6-79bf-44c9-a134-fc128795211f,SELL,MARKET,10.0,599.45,0,0.0,All risk checks passed
2025-11-19 23:42:00+00:00,FILLED,244ca29c-81cb-4bda-a3bb-549d50825c1e,BUY,MARKET,3,599.45,3,599.45,
2025-11-19 23:42:00+00:00,FILLED,84ad3ce6-79bf-44c9-a134-fc128795211f,SELL,MARKET,10.0,599.45,3,599.45,
2025-11-19 23:43:00+00:00,RISK_PASS,105670c2-27ef-44e3-bce7-f0f763d9ebcb,BUY,MARKET,3,599.4655,0,0.0,All risk checks passed
2025-11-19 23:43:00+00:00,RISK_PASS,ba934b56-60c6-419b-ac1f-1c489c388a6b,SELL,MARKET,10.0,599.4655,0,0.0,All risk checks passed
2025-11-19 23:43:00+00:00,FILLED,105670c2-27ef-44e3-bce7-f0f763d9ebcb,BUY,MARKET,3,599.4655,3,599.4655,
2025-11-19 23:43:00+00:00,FILLED,ba934b56-60c6-419b-ac1f-1c489c388a6b,SELL,MARKET,10.0,599.4655,4,599.4655,
2025-11-19 23:44:00+00:00,RISK_PASS,63b13dd5-7625-4318-903e-f42560c808e1,BUY,MARKET,10,599.84,0,0.0,All risk checks passed
2025-11-19 23:44:00+00:00,RISK_PASS,b2563aca-b605-4f26-9d3d-36c71f0ac631,SELL,MARKET,9.0,599.84,0,0.0,All risk checks passed
2025-11-19 23:44:00+00:00,FILLED,63b13dd5-7625-4318-903e-f42560c808e1,BUY,MARKET,10,599.84,10,599.84,
2025-11-19 23:44:00+00:00,FILLED,b2563aca-b605-4f26-9d3d-36c71f0ac631,SELL,MARKET,9.0,599.84,9.0,599.84,
2025-11-19 23:45:00+00:00,RISK_PASS,77837d17-7092-404d-8384-3d4bf3ddb7fe,BUY,MARKET,9,599.84,0,0.0,All risk checks passed
2025-11-19 23:45:00+00:00,RISK_PASS,6b8172fd-da19-4173-9d94-8d2e9741a301,SELL,MARKET,10.0,599.84,0,0.0,All risk checks passed
2025-11-19 23:45:00+00:00,FILLED,77837d17-7092-404d-8384-3d4bf3ddb7fe,BUY,MARKET,9,599.84,9,599.84,
2025-11-19 23:45:00+00:00,FILLED,6b8172fd-da19-4173-9d94-8d2e9741a301,SELL,MARKET,10.0,599.84,10.0,599.84,
2025-11-19 23:46:00+00:00,RISK_PASS,0e0e32c2-514c-4902-9198-b64fb0eb02b4,BUY,MARKET,10,599.8001,0,0.0,All risk checks passed
2025-11-19 23:46:00+00:00,RISK_PASS,9345a82e-bea0-4a39-8771-df48c95e4e1b,SELL,MARKET,9.0,599.8001,0,0.0,All risk checks passed
2025-11-19 23:46:00+00:00,FILLED,0e0e32c2-514c-4902-9198-b64fb0eb02b4,BUY,MARKET,10,599.8001,10,599.8001,
2025-11-19 23:46:00+00:00,FILLED,9345a82e-bea0-4a39-8771-df48c95e4e1b,SELL,MARKET,9.0,599.8001,9.0,599.8001,
2025-11-19 23:47:00+00:00,RISK_PASS,b8a93523-d172-4015-ab79-41bfd9e5ac3e,BUY,MARKET,9,599.95,0,0.0,All risk checks passed
2025-11-19 23:47:00+00:00,RISK_PASS,a655f908-7f0e-4590-9d3d-01b03f95cf75,SELL,MARKET,10.0,599.95,0,0.0,All risk checks passed
2025-11-19 23:47:00+00:00,FILLED,b8a93523-d172-4015-ab79-41bfd9e5ac3e,BUY,MARKET,9,599.95,9,599.95,
2025-11-19 23:47:00+00:00,FILLED,a655f908-7f0e-4590-9d3d-01b03f95cf75,SELL,MARKET,10.0,599.95,10.0,599.95,
2025-11-19 23:48:00+00:00,RISK_PASS,2d5a9fa2-cc72-48cc-bdc0-f24b4907d581,BUY,MARKET,10,599.8,0,0.0,All risk checks passed
2025-11-19 23:48:00+00:00,RISK_PASS,d38e230c-cf54-4a77-ac90-98cece52a6ee,SELL,MARKET,9.0,599.8,0,0.0,All risk checks passed
2025-11-19 23:48:00+00:00,FILLED,2d5a9fa2-cc72-48cc-bdc0-f24b4907d581,BUY,MARKET,10,599.8,10,599.8,
2025-11-19 23:48:00+00:00,FILLED,d38e230c-cf54-4a77-ac90-98cece52a6ee,SELL,MARKET,9.0,599.8,9.0,599.8,
2025-11-19 23:49:00+00:00,RISK_PASS,95fe4940-d56b-4bf2-a694-8d87e89eddd3,BUY,MARKET,9,599.9,0,0.0,All risk checks passed
2025-11-19 23:49:00+00:00,RISK_PASS,a34aa5b6-0f60-42b2-92b4-1def2df4b80b,SELL,MARKET,10.0,599.9,0,0.0,All risk checks passed
2025-11-19 23:49:00+00:00,FILLED,95fe4940-d56b-4bf2-a694-8d87e89eddd3,BUY,MARKET,9,599.9,9,599.9,
2025-11-19 23:49:00+00:00,FILLED,a34aa5b6-0f60-42b2-92b4-1def2df4b80b,SELL,MARKET,10.0,599.9,10.0,599.9,
2025-11-19 23:50:00+00:00,RISK_PASS,f7ad3d35-aa48-4f39-b7db-305f242949d4,BUY,MARKET,10,599.94,0,0.0,All risk checks passed
2025-11-19 23:50:00+00:00,RISK_PASS,c201fc00-6cfa-441e-8059-c4d12204723f,SELL,MARKET,9.0,599.94,0,0.0,All risk checks passed
2025-11-19 23:50:00+00:00,FILLED,f7ad3d35-aa48-4f39-b7db-305f242949d4,BUY,MARKET,10,599.94,10,599.94,
2025-11-19 23:50:00+00:00,FILLED,c201fc00-6cfa-441e-8059-c4d12204723f,SELL,MARKET,9.0,599.94,9.0,599.94,
2025-11-19 23:51:00+00:00,RISK_PASS,a28fac48-7a15-4dd1-b699-92794a8db9fa,BUY,MARKET,3,599.99,0,0.0,All risk checks passed
2025-11-19 23:51:00+00:00,RISK_PASS,09e63a6a-447e-4489-a989-61c18f3f458d,SELL,MARKET,10.0,599.99,0,0.0,All risk checks passed
2025-11-19 23:51:00+00:00,FILLED,a28fac48-7a15-4dd1-b699-92794a8db9fa,BUY,MARKET,3,599.99,3,599.99,
2025-11-19 23:51:00+00:00,FILLED,09e63a6a-447e-4489-a989-61c18f3f458d,SELL,MARKET,10.0,599.99,10.0,599.99,
2025-11-19 23:52:00+00:00,RISK_PASS,77fc7328-3d5f-496a-9066-9d3d2a3944af,BUY,MARKET,10,599.9375,0,0.0,All risk checks passed
2025-11-19 23:52:00+00:00,RISK_PASS,74880b99-5fde-4e04-ac58-ea7ea7094863,SELL,MARKET,3.0,599.9375,0,0.0,All risk checks passed
2025-11-19 23:52:00+00:00,FILLED,77fc7328-3d5f-496a-9066-9d3d2a3944af,BUY,MARKET,10,599.9375,10,599.9375,
2025-11-19 23:52:00+00:00,FILLED,74880b99-5fde-4e04-ac58-ea7ea7094863,SELL,MARKET,3.0,599.9375,3.0,599.9375,
2025-11-19 23:53:00+00:00,RISK_PASS,9a59703b-d355-497d-8d88-b9c18bda594b,BUY,MARKET,3,599.9501,0,0.0,All risk checks passed
2025-11-19 23:53:00+00:00,RISK_PASS,be9b3f2b-3b77-4244-9cd6-8e085d75e3a9,SELL,MARKET,10.0,599.9501,0,0.0,All risk checks passed
2025-11-19 23:53:00+00:00,FILLED,9a59703b-d355-497d-8d88-b9c18bda594b,BUY,MARKET,3,599.9501,3,599.9501,
2025-11-19 23:53:00+00:00,FILLED,be9b3f2b-3b77-4244-9cd6-8e085d75e3a9,SELL,MARKET,10.0,599.9501,10.0,599.9501,
2025-11-19 23:54:00+00:00,RISK_PASS,f6c758fd-faa6-4f82-a881-f0981d23ac9e,BUY,MARKET,10,599.81,0,0.0,All risk checks passed
2025-11-19 23:54:00+00:00,RISK_PASS,fed8ef23-3f5f-4236-92f4-d53c56c96241,SELL,MARKET,3.0,599.81,0,0.0,All risk checks passed
2025-11-19 23:54:00+00:00,FILLED,f6c758fd-faa6-4f82-a881-f0981d23ac9e,BUY,MARKET,10,599.81,10,599.81,
2025-11-19 23:54:00+00:00,FILLED,fed8ef23-3f5f-4236-92f4-d53c56c96241,SELL,MARKET,3.0,599.81,3.0,599.81,
2025-11-19 23:55:00+00:00,RISK_PASS,be9ba7e0-9f99-4291-80f8-cf76acdef677,BUY,MARKET,3,599.9,0,0.0,All risk checks passed
2025-11-19 23:55:00+00:00,RISK_PASS,00a14211-6ca5-4e8c-ac77-61dadb6dda65,SELL,MARKET,10.0,599.9,0,0.0,All risk checks passed
2025-11-19 23:55:00+00:00,FILLED,be9ba7e0-9f99-4291-80f8-cf76acdef677,BUY,MARKET,3,599.9,3,599.9,
2025-11-19 23:55:00+00:00,FILLED,00a14211-6ca5-4e8c-ac77-61dadb6dda65,SELL,MARKET,10.0,599.9,10.0,599.9,
2025-11-19 23:56:00+00:00,RISK_PASS,878a8878-86d4-45f4-8041-06dde2a7adab,BUY,MARKET,10,599.8006,0,0.0,All risk checks passed
2025-11-19 23:56:00+00:00,FILLED,878a8878-86d4-45f4-8041-06dde2a7adab,BUY,MARKET,10,599.8006,10,599.8006,
2025-11-20 00:43:00+00:00,RISK_PASS,da2d0fcf-ad20-4e82-93ef-9fc3772c79a6,SELL,MARKET,13.0,600.69,0,0.0,All risk checks passed
2025-11-20 00:43:00+00:00,FILLED,da2d0fcf-ad20-4e82-93ef-9fc3772c79a6,SELL,MARKET,13.0,600.69,13.0,600.69,
2025-11-20 00:44:00+00:00,RISK_PASS,d11c7f4b-d647-4c6d-8840-cc6fb7a8bf27,BUY,MARKET,13,600.7,0,0.0,All risk checks passed
2025-11-20 00:44:00+00:00,FILLED,d11c7f4b-d647-4c6d-8840-cc6fb7a8bf27,BUY,MARKET,13,600.7,13,600.7,
2025-11-20 00:49:00+00:00,RISK_PASS,25af5258-73d8-43df-8f69-1c1d7788b810,SELL,MARKET,13.0,600.6012,0,0.0,All risk checks passed
2025-11-20 00:49:00+00:00,FILLED,25af5258-73d8-43df-8f69-1c1d7788b810,SELL,MARKET,13.0,600.6012,13.0,600.6012,
2025-11-20 00:50:00+00:00,RISK_PASS,fa649534-3893-48ae-9e97-710784f1604e,BUY,MARKET,13,600.64,0,0.0,All risk checks passed
2025-11-20 00:50:00+00:00,FILLED,fa649534-3893-48ae-9e97-710784f1604e,BUY,MARKET,13,600.64,13,600.64,
2025-11-20 00:59:00+00:00,RISK_PASS,e1646368-ea4a-432f-bbb3-6f3e360ce3ea,BUY,MARKET,6,600.01,0,0.0,All risk checks passed
2025-11-20 00:59:00+00:00,FILLED,e1646368-ea4a-432f-bbb3-6f3e360ce3ea,BUY,MARKET,6,600.01,1,600.01,
2025-11-20 09:06:00+00:00,RISK_PASS,7b16141c-8841-45fb-88a2-cb02eb69a0f6,SELL,MARKET,14.0,599.44,0,0.0,All risk checks passed
2025-11-20 09:06:00+00:00,FILLED,7b16141c-8841-45fb-88a2-cb02eb69a0f6,SELL,MARKET,14.0,599.44,4,599.44,
2025-11-20 09:07:00+00:00,RISK_PASS,d2f85f87-ebb0-4dda-b3b2-c9f37fd975c5,SELL,MARKET,10.0,599.72,0,0.0,All risk checks passed
2025-11-20 09:07:00+00:00,FILLED,d2f85f87-ebb0-4dda-b3b2-c9f37fd975c5,SELL,MARKET,10.0,599.72,10.0,599.72,
2025-11-20 09:15:00+00:00,RISK_PASS,cd5c824f-e688-43bd-aa8d-d32d09431e14,BUY,MARKET,16,599.25,0,0.0,All risk checks passed
2025-11-20 09:15:00+00:00,FILLED,cd5c824f-e688-43bd-aa8d-d32d09431e14,BUY,MARKET,16,599.25,16,599.25,
2025-11-20 09:16:00+00:00,RISK_PASS,ec8dbfd6-9dac-477a-8e8b-56d80902bc04,SELL,MARKET,16.0,599.7,0,0.0,All risk checks passed
2025-11-20 09:16:00+00:00,FILLED,ec8dbfd6-9dac-477a-8e8b-56d80902bc04,SELL,MARKET,16.0,599.7,16.0,599.7,
2025-11-20 09:28:00+00:00,RISK_PASS,d2119824-8e98-42c4-9dfd-93598d3fb628,BUY,MARKET,16,598.21,0,0.0,All risk checks passed
2025-11-20 09:28:00+00:00,FILLED,d2119824-8e98-42c4-9dfd-93598d3fb628,BUY,MARKET,16,598.21,16,598.21,
2025-11-20 09:29:00+00:00,RISK_PASS,37d919b1-65f2-441a-95d8-8f3cd0369c41,SELL,MARKET,16.0,597.52,0,0.0,All risk checks passed
2025-11-20 09:29:00+00:00,FILLED,37d919b1-65f2-441a-95d8-8f3cd0369c41,SELL,MARKET,16.0,597.52,16.0,597.52,
2025-11-20 09:30:00+00:00,RISK_PASS,71cb6b58-1712-4887-b8dc-0b09fe2bc472,BUY,MARKET,16,597.72,0,0.0,All risk checks passed
2025-11-20 09:30:00+00:00,REJECTED,71cb6b58-1712-4887-b8dc-0b09fe2bc472,BUY,MARKET,16,597.72,0,0.0,Random engine rejection
2025-11-20 09:31:00+00:00,RISK_PASS,20f8eac7-8c11-456c-a985-118284042b0c,BUY,MARKET,16,598.0,0,0.0,All risk checks passed
2025-11-20 09:31:00+00:00,FILLED,20f8eac7-8c11-456c-a985-118284042b0c,BUY,MARKET,16,598.0,16,598.0,
2025-11-20 09:32:00+00:00,RISK_PASS,6f0621ba-87bc-47e3-8a2b-de925f287ba1,SELL,MARKET,16.0,597.51,0,0.0,All risk checks passed
2025-11-20 09:32:00+00:00,FILLED,6f0621ba-87bc-47e3-8a2b-de925f287ba1,SELL,MARKET,16.0,597.51,16.0,597.51,
2025-11-20 09:33:00+00:00,RISK_PASS,1da3c0f4-e63a-4941-92dd-11d6ed0aee89,BUY,MARKET,16,597.48,0,0.0,All risk checks passed
2025-11-20 09:33:00+00:00,FILLED,1da3c0f4-e63a-4941-92dd-11d6ed0aee89,BUY,MARKET,16,597.48,16,597.48,
2025-11-20 09:34:00+00:00,RISK_PASS,eb980f36-43a3-46b6-a15c-3e7a4285c504,SELL,MARKET,16.0,596.85,0,0.0,All risk checks passed
2025-11-20 09:34:00+00:00,FILLED,eb980f36-43a3-46b6-a15c-3e7a4285c504,SELL,MARKET,16.0,596.85,16.0,596.85,
2025-11-20 09:35:00+00:00,RISK_PASS,b7106b13-8789-4e68-98ca-852b8f63478b,BUY,MARKET,16,596.6,0,0.0,All risk checks passed
2025-11-20 09:35:00+00:00,FILLED,b7106b13-8789-4e68-98ca-852b8f63478b,BUY,MARKET,16,596.6,16,596.6,
2025-11-20 09:36:00+00:00,RISK_PASS,2ea78ccb-c06c-4649-be70-6dc7dd521bd0,SELL,MARKET,16.0,597.04,0,0.0,All risk checks passed
2025-11-20 09:36:00+00:00,FILLED,2ea78ccb-c06c-4649-be70-6dc7dd521bd0,SELL,MARKET,16.0,597.04,16.0,597.04,
2025-11-20 09:37:00+00:00,RISK_PASS,90467120-fb49-4109-861a-4ba534c3f652,BUY,MARKET,16,597.25,0,0.0,All risk checks passed
2025-11-20 09:37:00+00:00,FILLED,90467120-fb49-4109-861a-4ba534c3f652,BUY,MARKET,16,597.25,9,597.25,
2025-11-20 09:38:00+00:00,RISK_PASS,3f78ddec-2d72-48c1-bae1-dcef0d368c0b,SELL,MARKET,9.0,597.8,0,0.0,All risk checks passed
2025-11-20 09:38:00+00:00,FILLED,3f78ddec-2d72-48c1-bae1-dcef0d368c0b,SELL,MARKET,9.0,597.8,4,597.8,
2025-11-20 09:41:00+00:00,RISK_PASS,28c421f0-ffbc-45d8-83fa-1795492b6cd2,SELL,MARKET,5.0,598.0,0,0.0,All risk checks passed
2025-11-20 09:41:00+00:00,FILLED,28c421f0-ffbc-45d8-83fa-1795492b6cd2,SELL,MARKET,5.0,598.0,5.0,598.0,
2025-11-20 10:07:00+00:00,RISK_PASS,80ab3621-633e-4b80-80c3-03daed0e2db6,BUY,MARKET,16,596.5,0,0.0,All risk checks passed
2025-11-20 10:07:00+00:00,FILLED,80ab3621-633e-4b80-80c3-03daed0e2db6,BUY,MARKET,16,596.5,10,596.5,
2025-11-20 10:08:00+00:00,RISK_PASS,ae027e27-575d-4d36-8aed-6578304bc88f,BUY,MARKET,6,596.49,0,0.0,All risk checks passed
2025-11-20 10:08:00+00:00,RISK_PASS,de3acc4d-7bb4-42ef-9a14-59d2c8b23a10,SELL,MARKET,10.0,596.49,0,0.0,All risk checks passed
2025-11-20 10:08:00+00:00,FILLED,ae027e27-575d-4d36-8aed-6578304bc88f,BUY,MARKET,6,596.49,6,596.49,
2025-11-20 10:08:00+00:00,FILLED,de3acc4d-7bb4-42ef-9a14-59d2c8b23a10,SELL,MARKET,10.0,596.49,6,596.49,
2025-11-20 10:09:00+00:00,RISK_PASS,6433202b-38ad-4f76-bb19-8dc8c619d207,SELL,MARKET,10.0,596.06,0,0.0,All risk checks passed
2025-11-20 10:09:00+00:00,REJECTED,6433202b-38ad-4f76-bb19-8dc8c619d207,SELL,MARKET,10.0,596.06,0,0.0,Random engine rejection
2025-11-20 10:10:00+00:00,RISK_PASS,f08deefb-fe6d-4c55-9b3b-55e2408e3e39,BUY,MARKET,6,595.84,0,0.0,All risk checks passed
2025-11-20 10:10:00+00:00,RISK_PASS,2f2865b7-ea7d-4b87-aacd-888f3c19d2aa,SELL,MARKET,10.0,595.84,0,0.0,All risk checks passed
2025-11-20 10:10:00+00:00,FILLED,f08deefb-fe6d-4c55-9b3b-55e2408e3e39,BUY,MARKET,6,595.84,6,595.84,
2025-11-20 10:10:00+00:00,FILLED,2f2865b7-ea7d-4b87-aacd-888f3c19d2aa,SELL,MARKET,10.0,595.84,10.0,595.84,
2025-11-20 10:11:00+00:00,RISK_PASS,2cd470f1-a754-4ae9-a414-63a4586558ce,BUY,MARKET,10,595.68,0,0.0,All risk checks passed
2025-11-20 10:11:00+00:00,RISK_PASS,5ab1acb2-d79e-478b-a0b9-5eaf429eda10,SELL,MARKET,6.0,595.68,0,0.0,All risk checks passed
2025-11-20 10:11:00+00:00,FILLED,2cd470f1-a754-4ae9-a414-63a4586558ce,BUY,MARKET,10,595.68,10,595.68,
2025-11-20 10:11:00+00:00,FILLED,5ab1acb2-d79e-478b-a0b9-5eaf429eda10,SELL,MARKET,6.0,595.68,6.0,595.68,
2025-11-20 10:12:00+00:00,RISK_PASS,4db68628-4295-45c8-b5ab-864b029e421d,BUY,MARKET,6,595.92,0,0.0,All risk checks passed
2025-11-20 10:12:00+00:00,RISK_PASS,d2209203-96a9-4323-ad72-376ef6f7731d,SELL,MARKET,10.0,595.92,0,0.0,All risk checks passed
2025-11-20 10:12:00+00:00,FILLED,4db68628-4295-45c8-b5ab-864b029e421d,BUY,MARKET,6,595.92,6,595.92,
2025-11-20 10:12:00+00:00,FILLED,d2209203-96a9-4323-ad72-376ef6f7731d,SELL,MARKET,10.0,595.92,10.0,595.92,
2025-11-20 10:13:00+00:00,RISK_PASS,3b9eac74-aead-456c-a86c-cde1e6b0c8b9,BUY,MARKET,10,596.0,0,0.0,All risk checks passed
2025-11-20 10:13:00+00:00,RISK_PASS,18b19979-c942-42f9-b652-c519685a8759,SELL,MARKET,6.0,596.0,0,0.0,All risk checks passed
2025-11-20 10:13:00+00:00,FILLED,3b9eac74-aead-456c-a86c-cde1e6b0c8b9,BUY,MARKET,10,596.0,10,596.0,
2025-11-20 10:13:00+00:00,FILLED,18b19979-c942-42f9-b652-c519685a8759,SELL,MARKET,6.0,596.0,6.0,596.0,
2025-11-20 10:14:00+00:00,RISK_PASS,d565921b-324d-4be0-93ff-9c1a42190975,BUY,MARKET,6,595.76,0,0.0,All risk checks passed
2025-11-20 10:14:00+00:00,RISK_PASS,f1caddc6-93a5-439a-a2bb-ff312800d372,SELL,MARKET,10.0,595.76,0,0.0,All risk checks passed
2025-11-20 10:14:00+00:00,FILLED,d565921b-324d-4be0-93ff-9c1a42190975,BUY,MARKET,6,595.76,6,595.76,
2025-11-20 10:14:00+00:00,FILLED,f1caddc6-93a5-439a-a2bb-ff312800d372,SELL,MARKET,10.0,595.76,10.0,595.76,
2025-11-20 10:16:00+00:00,RISK_PASS,4e3e5967-956a-4280-b239-ecf485515830,BUY,MARKET,10,596.19,0,0.0,All risk checks passed
2025-11-20 10:16:00+00:00,RISK_PASS,3b289731-bc90-459a-972f-7147b4a938b2,SELL,MARKET,6.0,596.19,0,0.0,All risk checks passed
2025-11-20 10:16:00+00:00,REJECTED,4e3e5967-956a-4280-b239-ecf485515830,BUY,MARKET,10,596.19,0,0.0,Random engine rejection
2025-11-20 10:16:00+00:00,FILLED,3b289731-bc90-459a-972f-7147b4a938b2,SELL,MARKET,6.0,596.19,3,596.19,
2025-11-20 10:18:00+00:00,RISK_PASS,7a6cf3f4-a0ee-4abf-80b4-17e0dd1381ab,SELL,MARKET,3.0,597.01,0,0.0,All risk checks passed
2025-11-20 10:18:00+00:00,FILLED,7a6cf3f4-a0ee-4abf-80b4-17e0dd1381ab,SELL,MARKET,3.0,597.01,3.0,597.01,
2025-11-20 10:56:00+00:00,RISK_PASS,9af21b71-00f8-49e5-9c44-2307a58247c5,BUY,MARKET,13,598.12,0,0.0,All risk checks passed
2025-11-20 10:56:00+00:00,FILLED,9af21b71-00f8-49e5-9c44-2307a58247c5,BUY,MARKET,13,598.12,13,598.12,
2025-11-20 11:18:00+00:00,RISK_PASS,1882e1b8-dc77-480e-98de-a4bb3753b840,BUY,MARKET,7,597.5,0,0.0,All risk checks passed
2025-11-20 11:18:00+00:00,FILLED,1882e1b8-dc77-480e-98de-a4bb3753b840,BUY,MARKET,7,597.5,7,597.5,
2025-11-20 11:40:00+00:00,RISK_PASS,62af0de5-c1c3-4456-b9b8-96894d157f13,SELL,MARKET,20.0,598.65,0,0.0,All risk checks passed
2025-11-20 11:40:00+00:00,FILLED,62af0de5-c1c3-4456-b9b8-96894d157f13,SELL,MARKET,20.0,598.65,20.0,598.65,
2025-11-20 11:41:00+00:00,RISK_PASS,799c9e94-b19d-4699-8d1d-72244617fb81,BUY,MARKET,13,598.62,0,0.0,All risk checks passed
2025-11-20 11:41:00+00:00,FILLED,799c9e94-b19d-4699-8d1d-72244617fb81,BUY,MARKET,13,598.62,13,598.62,
2025-11-20 11:43:00+00:00,RISK_PASS,81b09fed-1a21-40ae-8e49-5bdf0d7c2195,SELL,MARKET,13.0,598.71,0,0.0,All risk checks passed
2025-11-20 11:43:00+00:00,FILLED,81b09fed-1a21-40ae-8e49-5bdf0d7c2195,SELL,MARKET,13.0,598.71,13.0,598.71,
2025-11-20 11:44:00+00:00,RISK_PASS,a2d2d499-a65c-4ce7-806d-2b88086b9cae,BUY,MARKET,13,598.45,0,0.0,All risk checks passed
2025-11-20 11:44:00+00:00,FILLED,a2d2d499-a65c-4ce7-806d-2b88086b9cae,BUY,MARKET,13,598.45,13,598.45,
2025-11-20 11:46:00+00:00,RISK_PASS,3e22d0a7-50d1-43bc-9268-bfc7f9de3a8c,SELL,MARKET,13.0,598.81,0,0.0,All risk checks passed
2025-11-20 11:46:00+00:00,FILLED,3e22d0a7-50d1-43bc-9268-bfc7f9de3a8c,SELL,MARKET,13.0,598.81,13.0,598.81,
2025-11-20 11:48:00+00:00,RISK_PASS,ce823051-34d0-4bdb-b177-a827bb9368d2,BUY,MARKET,13,598.66,0,0.0,All risk checks passed
2025-11-20 11:48:00+00:00,FILLED,ce823051-34d0-4bdb-b177-a827bb9368d2,BUY,MARKET,13,598.66,13,598.66,
2025-11-20 11:56:00+00:00,RISK_PASS,ed08561f-82d3-4b36-8e13-186ba5003e0f,SELL,MARKET,13.0,597.49,0,0.0,All risk checks passed
2025-11-20 11:56:00+00:00,FILLED,ed08561f-82d3-4b36-8e13-186ba5003e0f,SELL,MARKET,13.0,597.49,13.0,597.49,
2025-11-20 12:21:00+00:00,RISK_PASS,b92e7380-702b-4cea-846c-451676659091,BUY,MARKET,13,598.25,0,0.0,All risk checks passed
2025-11-20 12:21:00+00:00,FILLED,b92e7380-702b-4cea-846c-451676659091,BUY,MARKET,13,598.25,13,598.25,
2025-11-20 12:22:00+00:00,RISK_PASS,f2445a40-e592-49f1-806b-e1fd44bf4770,SELL,MARKET,13.0,598.7,0,0.0,All risk checks passed
2025-11-20 12:22:00+00:00,FILLED,f2445a40-e592-49f1-806b-e1fd44bf4770,SELL,MARKET,13.0,598.7,13.0,598.7,
2025-11-20 12:23:00+00:00,RISK_PASS,20d37459-d09c-43fb-af86-61a931298e00,BUY,MARKET,13,598.02,0,0.0,All risk checks passed
2025-11-20 12:23:00+00:00,FILLED,20d37459-d09c-43fb-af86-61a931298e00,BUY,MARKET,13,598.02,13,598.02,
2025-11-20 12:42:00+00:00,RISK_PASS,1f6d9f5d-4392-4a34-b2d9-8e2d73428a81,SELL,MARKET,13.0,599.36,0,0.0,All risk checks passed
2025-11-20 12:42:00+00:00,FILLED,1f6d9f5d-4392-4a34-b2d9-8e2d73428a81,SELL,MARKET,13.0,599.36,13.0,599.36,
2025-11-20 12:43:00+00:00,RISK_PASS,cff41beb-60ed-40b8-a242-f1805821573b,BUY,MARKET,13,599.42,0,0.0,All risk checks passed
2025-11-20 12:43:00+00:00,FILLED,cff41beb-60ed-40b8-a242-f1805821573b,BUY,MARKET,13,599.42,13,599.42,
2025-11-20 13:00:00+00:00,RISK_PASS,c472faf2-e20b-4a46-be74-628338c33226,SELL,MARKET,13.0,600.29,0,0.0,All risk checks passed
2025-11-20 13:00:00+00:00,FILLED,c472faf2-e20b-4a46-be74-628338c33226,SELL,MARKET,13.0,600.29,13.0,600.29,
2025-11-20 13:01:00+00:00,RISK_PASS,393f56bc-1a4d-40a0-bff5-a77faea97780,BUY,MARKET,13,600.25,0,0.0,All risk checks passed
2025-11-20 13:01:00+00:00,FILLED,393f56bc-1a4d-40a0-bff5-a77faea97780,BUY,MARKET,13,600.25,13,600.25,
2025-11-20 13:02:00+00:00,RISK_PASS,b2e6a58b-fdab-4f6e-8449-8ca7df2ab680,SELL,MARKET,13.0,600.21,0,0.0,All risk checks passed
2025-11-20 13:02:00+00:00,FILLED,b2e6a58b-fdab-4f6e-8449-8ca7df2ab680,SELL,MARKET,13.0,600.21,13.0,600.21,
2025-11-20 13:03:00+00:00,RISK_PASS,508903de-a828-4d51-be22-13e8d017c91f,BUY,MARKET,13,600.36,0,0.0,All risk checks passed
2025-11-20 13:03:00+00:00,FILLED,508903de-a828-4d51-be22-13e8d017c91f,BUY,MARKET,13,600.36,13,600.36,
2025-11-20 13:04:00+00:00,RISK_PASS,8d24ab74-baa3-4d93-96ec-5ae1089e931c,SELL,MARKET,13.0,600.15,0,0.0,All risk checks passed
2025-11-20 13:04:00+00:00,FILLED,8d24ab74-baa3-4d93-96ec-5ae1089e931c,SELL,MARKET,13.0,600.15,1,600.15,
2025-11-20 13:05:00+00:00,RISK_PASS,438cd214-d6a7-40ad-842d-33c471294319,BUY,MARKET,1,600.36,0,0.0,All risk checks passed
2025-11-20 13:05:00+00:00,FILLED,438cd214-d6a7-40ad-842d-33c471294319,BUY,MARKET,1,600.36,1,600.36,
2025-11-20 13:28:00+00:00,RISK_PASS,5b2db0c4-78bb-4bee-bfc6-d05905bf3f97,BUY,MARKET,7,599.2,0,0.0,All risk checks passed
2025-11-20 13:28:00+00:00,FILLED,5b2db0c4-78bb-4bee-bfc6-d05905bf3f97,BUY,MARKET,7,599.2,7,599.2,
2025-11-20 13:42:00+00:00,RISK_PASS,c0ae3863-5ac4-4506-b1a3-5e7d4181e300,SELL,MARKET,20.0,602.16,0,0.0,All risk checks passed
2025-11-20 13:42:00+00:00,FILLED,c0ae3863-5ac4-4506-b1a3-5e7d4181e300,SELL,MARKET,20.0,602.16,20.0,602.16,
2025-11-20 13:43:00+00:00,RISK_PASS,8416850b-c8e5-4b98-ab4c-4198988a65aa,BUY,MARKET,13,602.25,0,0.0,All risk checks passed
2025-11-20 13:43:00+00:00,FILLED,8416850b-c8e5-4b98-ab4c-4198988a65aa,BUY,MARKET,13,602.25,13,602.25,
2025-11-20 14:10:00+00:00,RISK_PASS,6c7d84f9-6880-45de-b193-9fac9416caa1,SELL,MARKET,13.0,602.635,0,0.0,All risk checks passed
2025-11-20 14:10:00+00:00,FILLED,6c7d84f9-6880-45de-b193-9fac9416caa1,SELL,MARKET,13.0,602.635,13.0,602.635,
2025-11-20 14:11:00+00:00,RISK_PASS,320580ac-032b-4d2a-b2ad-81d9c298df9e,BUY,MARKET,13,602.13,0,0.0,All risk checks passed
2025-11-20 14:11:00+00:00,FILLED,320580ac-032b-4d2a-b2ad-81d9c298df9e,BUY,MARKET,13,602.13,13,602.13,
2025-11-20 14:21:00+00:00,RISK_PASS,49527cca-65b0-4880-ae38-d37c91f949fa,SELL,MARKET,13.0,601.77,0,0.0,All risk checks passed
2025-11-20 14:21:00+00:00,FILLED,49527cca-65b0-4880-ae38-d37c91f949fa,SELL,MARKET,13.0,601.77,13.0,601.77,
2025-11-20 14:26:00+00:00,RISK_PASS,ec092519-f913-4f84-bcee-1e1e2696d20d,BUY,MARKET,13,603.25,0,0.0,All risk checks passed
2025-11-20 14:26:00+00:00,FILLED,ec092519-f913-4f84-bcee-1e1e2696d20d,BUY,MARKET,13,603.25,13,603.25,
2025-11-20 14:31:00+00:00,RISK_PASS,d03d8ec1-eae8-48c3-ab87-15f1bb4c290b,SELL,MARKET,13.0,600.51,0,0.0,All risk checks passed
2025-11-20 14:31:00+00:00,FILLED,d03d8ec1-eae8-48c3-ab87-15f1bb4c290b,SELL,MARKET,13.0,600.51,13.0,600.51,
2025-11-20 14:40:00+00:00,RISK_PASS,46e9aa6d-f877-4181-8d9b-196395446f59,BUY,MARKET,13,603.7,0,0.0,All risk checks passed
2025-11-20 14:40:00+00:00,FILLED,46e9aa6d-f877-4181-8d9b-196395446f59,BUY,MARKET,13,603.7,13,603.7,
2025-11-20 15:02:00+00:00,RISK_PASS,6b436d7d-2ad2-445f-818b-840212c7fd60,BUY,MARKET,6,600.9,0,0.0,All risk checks passed
2025-11-20 15:02:00+00:00,FILLED,6b436d7d-2ad2-445f-818b-840212c7fd60,BUY,MARKET,6,600.9,6,600.9,
2025-11-20 15:03:00+00:00,RISK_PASS,73c0bccf-3ce5-451a-9e7a-a266c552d3fb,SELL,MARKET,19.0,599.81,0,0.0,All risk checks passed
2025-11-20 15:03:00+00:00,FILLED,73c0bccf-3ce5-451a-9e7a-a266c552d3fb,SELL,MARKET,19.0,599.81,19.0,599.81,
2025-11-20 15:04:00+00:00,RISK_PASS,91136655-8b98-4708-a203-d31fd985a6e5,BUY,MARKET,16,599.6281,0,0.0,All risk checks passed
2025-11-20 15:04:00+00:00,FILLED,91136655-8b98-4708-a203-d31fd985a6e5,BUY,MARKET,16,599.6281,16,599.6281,
2025-11-20 15:05:00+00:00,RISK_PASS,8276b29a-670e-499c-8cc4-e4584a25c15f,SELL,MARKET,16.0,598.905,0,0.0,All risk checks passed
2025-11-20 15:05:00+00:00,REJECTED,8276b29a-670e-499c-8cc4-e4584a25c15f,SELL,MARKET,16.0,598.905,0,0.0,Random engine rejection
2025-11-20 15:06:00+00:00,RISK_PASS,5e87c08d-3b52-4825-8fe7-48dc84269e75,SELL,MARKET,16.0,597.75,0,0.0,All risk checks passed
2025-11-20 15:06:00+00:00,FILLED,5e87c08d-3b52-4825-8fe7-48dc84269e75,SELL,MARKET,16.0,597.75,16.0,597.75,
2025-11-20 15:07:00+00:00,RISK_PASS,39ca16d7-d86d-4c65-b1b6-7808ed7580fb,BUY,MARKET,16,597.945,0,0.0,All risk checks passed
2025-11-20 15:07:00+00:00,FILLED,39ca16d7-d86d-4c65-b1b6-7808ed7580fb,BUY,MARKET,16,597.945,16,597.945,
2025-11-20 15:08:00+00:00,RISK_PASS,72e5b460-c317-4651-8ecf-30db738e6f8e,SELL,MARKET,16.0,598.085,0,0.0,All risk checks passed
2025-11-20 15:08:00+00:00,FILLED,72e5b460-c317-4651-8ecf-30db738e6f8e,SELL,MARKET,16.0,598.085,16.0,598.085,
2025-11-20 15:09:00+00:00,RISK_PASS,e512c667-43c9-4c87-b8b4-2d4aaee5b220,BUY,MARKET,16,598.815,0,0.0,All risk checks passed
2025-11-20 15:09:00+00:00,FILLED,e512c667-43c9-4c87-b8b4-2d4aaee5b220,BUY,MARKET,16,598.815,16,598.815,
2025-11-20 15:10:00+00:00,RISK_PASS,22087ae4-5efb-4872-b7d2-a6b49144839f,SELL,MARKET,16.0,598.53,0,0.0,All risk checks passed
2025-11-20 15:10:00+00:00,FILLED,22087ae4-5efb-4872-b7d2-a6b49144839f,SELL,MARKET,16.0,598.53,3,598.53,
2025-11-20 15:11:00+00:00,RISK_PASS,85c2e7be-e503-41d8-abb4-ce85407416b0,BUY,MARKET,3,598.16,0,0.0,All risk checks passed
2025-11-20 15:11:00+00:00,RISK_PASS,58bf81ab-54a9-4db7-809e-534f7aeea660,SELL,MARKET,13.0,598.16,0,0.0,All risk checks passed
2025-11-20 15:11:00+00:00,FILLED,85c2e7be-e503-41d8-abb4-ce85407416b0,BUY,MARKET,3,598.16,3,598.16,
2025-11-20 15:11:00+00:00,FILLED,58bf81ab-54a9-4db7-809e-534f7aeea660,SELL,MARKET,13.0,598.16,8,598.16,
2025-11-20 15:12:00+00:00,RISK_PASS,bcff610c-4252-4ff1-a691-4f56d6f8e29e,BUY,MARKET,8,599.4101,0,0.0,All risk checks passed
2025-11-20 15:12:00+00:00,RISK_PASS,ca7d3a80-51ee-47af-8b57-fe90a7a8f7fd,SELL,MARKET,8.0,599.4101,0,0.0,All risk checks passed
2025-11-20 15:12:00+00:00,FILLED,bcff610c-4252-4ff1-a691-4f56d6f8e29e,BUY,MARKET,8,599.4101,8,599.4101,
2025-11-20 15:12:00+00:00,FILLED,ca7d3a80-51ee-47af-8b57-fe90a7a8f7fd,SELL,MARKET,8.0,599.4101,8.0,599.4101,
2025-11-20 15:13:00+00:00,RISK_PASS,8c1b570e-cfae-4863-b6d2-03ad4f5cac51,SELL,MARKET,8.0,599.61,0,0.0,All risk checks passed
2025-11-20 15:13:00+00:00,FILLED,8c1b570e-cfae-4863-b6d2-03ad4f5cac51,SELL,MARKET,8.0,599.61,8.0,599.61,
2025-11-20 15:28:00+00:00,RISK_PASS,cbe1892a-b7eb-4605-b0b8-1b6a72977480,BUY,MARKET,13,602.68,0,0.0,All risk checks passed
2025-11-20 15:28:00+00:00,FILLED,cbe1892a-b7eb-4605-b0b8-1b6a72977480,BUY,MARKET,13,602.68,13,602.68,
2025-11-20 15:29:00+00:00,RISK_PASS,5936f81c-0ed5-4178-9b1b-1948b4bf3369,SELL,MARKET,13.0,602.34,0,0.0,All risk checks passed
2025-11-20 15:29:00+00:00,FILLED,5936f81c-0ed5-4178-9b1b-1948b4bf3369,SELL,MARKET,13.0,602.34,13.0,602.34,
2025-11-20 15:30:00+00:00,RISK_PASS,0fc07504-74a1-44a5-bf9b-db2011f278ea,BUY,MARKET,13,602.26,0,0.0,All risk checks passed
2025-11-20 15:30:00+00:00,FILLED,0fc07504-74a1-44a5-bf9b-db2011f278ea,BUY,MARKET,13,602.26,8,602.26,
2025-11-20 15:31:00+00:00,RISK_PASS,a8a8ef86-0e88-4231-bb91-71de37b4dfd3,BUY,MARKET,5,602.1934,0,0.0,All risk checks passed
2025-11-20 15:31:00+00:00,FILLED,a8a8ef86-0e88-4231-bb91-71de37b4dfd3,BUY,MARKET,5,602.1934,5,602.1934,
2025-11-20 15:33:00+00:00,RISK_PASS,ba511270-f496-4020-b3b8-afa76aea748d,SELL,MARKET,13.0,603.0,0,0.0,All risk checks passed
2025-11-20 15:33:00+00:00,FILLED,ba511270-f496-4020-b3b8-afa76aea748d,SELL,MARKET,13.0,603.0,13.0,603.0,
2025-11-20 15:34:00+00:00,RISK_PASS,5c5ecbbc-f505-4251-b232-b09137d22fb8,BUY,MARKET,13,602.59,0,0.0,All risk checks passed
2025-11-20 15:34:00+00:00,FILLED,5c5ecbbc-f505-4251-b232-b09137d22fb8,BUY,MARKET,13,602.59,13,602.59,
2025-11-20 15:46:00+00:00,RISK_PASS,5b3a3a13-f4cf-4790-a050-6ddddb571d08,BUY,MARKET,6,601.26,0,0.0,All risk checks passed
2025-11-20 15:46:00+00:00,FILLED,5b3a3a13-f4cf-4790-a050-6ddddb571d08,BUY,MARKET,6,601.26,6,601.26,
2025-11-20 15:50:00+00:00,RISK_PASS,a8deee2e-0675-4077-8e0e-d21d20b9bb6c,SELL,MARKET,19.0,599.38,0,0.0,All risk checks passed
2025-11-20 15:50:00+00:00,FILLED,a8deee2e-0675-4077-8e0e-d21d20b9bb6c,SELL,MARKET,19.0,599.38,19.0,599.38,
2025-11-20 15:51:00+00:00,RISK_PASS,015c3f8a-d0e1-4e3c-a25a-610c17bcd683,BUY,MARKET,16,599.775,0,0.0,All risk checks passed
2025-11-20 15:51:00+00:00,FILLED,015c3f8a-d0e1-4e3c-a25a-610c17bcd683,BUY,MARKET,16,599.775,16,599.775,
2025-11-20 15:52:00+00:00,RISK_PASS,09112b3f-dcbd-4098-885f-6231675492ea,SELL,MARKET,16.0,600.13,0,0.0,All risk checks passed
2025-11-20 15:52:00+00:00,FILLED,09112b3f-dcbd-4098-885f-6231675492ea,SELL,MARKET,16.0,600.13,16.0,600.13,
2025-11-20 15:53:00+00:00,RISK_PASS,9cc92784-c678-4442-9bad-ab8f760cb501,BUY,MARKET,16,599.86,0,0.0,All risk checks passed
2025-11-20 15:53:00+00:00,FILLED,9cc92784-c678-4442-9bad-ab8f760cb501,BUY,MARKET,16,599.86,16,599.86,
2025-11-20 15:54:00+00:00,RISK_PASS,1ec70696-6d41-47e4-9474-beda4965cfb9,SELL,MARKET,16.0,600.285,0,0.0,All risk checks passed
2025-11-20 15:54:00+00:00,FILLED,1ec70696-6d41-47e4-9474-beda4965cfb9,SELL,MARKET,16.0,600.285,16.0,600.285,
2025-11-20 15:58:00+00:00,RISK_PASS,d74875a5-9adb-4008-abb1-dfe83892c6b8,BUY,MARKET,16,599.08,0,0.0,All risk checks passed
2025-11-20 15:58:00+00:00,FILLED,d74875a5-9adb-4008-abb1-dfe83892c6b8,BUY,MARKET,16,599.08,16,599.08,
2025-11-20 15:59:00+00:00,RISK_PASS,d3ed3b62-dadf-411d-80e8-4055ee78349f,SELL,MARKET,16.0,599.385,0,0.0,All risk checks passed
2025-11-20 15:59:00+00:00,FILLED,d3ed3b62-dadf-411d-80e8-4055ee78349f,SELL,MARKET,16.0,599.385,16.0,599.385,
2025-11-20 16:00:00+00:00,RISK_PASS,678f1222-9ee3-42a7-95a0-9b75bb5fc347,BUY,MARKET,16,598.07,0,0.0,All risk checks passed
2025-11-20 16:00:00+00:00,FILLED,678f1222-9ee3-42a7-95a0-9b75bb5fc347,BUY,MARKET,16,598.07,10,598.07,
2025-11-20 16:01:00+00:00,RISK_PASS,6e615455-0efe-4853-8a16-f1cb5564b730,SELL,MARKET,10.0,598.2744,0,0.0,All risk checks passed
2025-11-20 16:01:00+00:00,FILLED,6e615455-0efe-4853-8a16-f1cb5564b730,SELL,MARKET,10.0,598.2744,10.0,598.2744,
2025-11-20 16:06:00+00:00,RISK_PASS,d7dd5128-b598-4390-894e-ef4bacb5ac6f,BUY,MARKET,16,597.695,0,0.0,All risk checks passed
2025-11-20 16:06:00+00:00,FILLED,d7dd5128-b598-4390-894e-ef4bacb5ac6f,BUY,MARKET,16,597.695,16,597.695,
2025-11-20 16:07:00+00:00,RISK_PASS,252f7432-332e-4c18-aded-808687d4af61,SELL,MARKET,16.0,596.82,0,0.0,All risk checks passed
2025-11-20 16:07:00+00:00,FILLED,252f7432-332e-4c18-aded-808687d4af61,SELL,MARKET,16.0,596.82,16.0,596.82,
2025-11-20 16:08:00+00:00,RISK_PASS,8d83e9e4-d600-42ae-b326-3bedacc78b57,BUY,MARKET,16,596.6044,0,0.0,All risk checks passed
2025-11-20 16:08:00+00:00,FILLED,8d83e9e4-d600-42ae-b326-3bedacc78b57,BUY,MARKET,16,596.6044,16,596.6044,
2025-11-20 16:09:00+00:00,RISK_PASS,11aea4bb-e615-4aac-8086-7a23c2826f9c,SELL,MARKET,16.0,596.1035,0,0.0,All risk checks passed
2025-11-20 16:09:00+00:00,FILLED,11aea4bb-e615-4aac-8086-7a23c2826f9c,SELL,MARKET,16.0,596.1035,16.0,596.1035,
2025-11-20 16:10:00+00:00,RISK_PASS,5b72e543-b122-425c-99f6-c3e5834d25fa,BUY,MARKET,16,595.31,0,0.0,All risk checks passed
2025-11-20 16:10:00+00:00,FILLED,5b72e543-b122-425c-99f6-c3e5834d25fa,BUY,MARKET,16,595.31,16,595.31,
2025-11-20 16:11:00+00:00,RISK_PASS,71a0f73f-698c-414b-bc0a-b77b56155811,SELL,MARKET,16.0,595.52,0,0.0,All risk checks passed
2025-11-20 16:11:00+00:00,FILLED,71a0f73f-698c-414b-bc0a-b77b56155811,SELL,MARKET,16.0,595.52,16.0,595.52,
2025-11-20 16:12:00+00:00,RISK_PASS,e477e733-31fa-40f7-a9cf-3b31892ba4d2,BUY,MARKET,16,594.305,0,0.0,All risk checks passed
2025-11-20 16:12:00+00:00,FILLED,e477e733-31fa-40f7-a9cf-3b31892ba4d2,BUY,MARKET,16,594.305,16,594.305,
2025-11-20 16:13:00+00:00,RISK_PASS,0cb4130a-3f45-44c0-ac64-a4e760c621d6,SELL,MARKET,16.0,595.5088,0,0.0,All risk checks passed
2025-11-20 16:13:00+00:00,FILLED,0cb4130a-3f45-44c0-ac64-a4e760c621d6,SELL,MARKET,16.0,595.5088,16.0,595.5088,
2025-11-20 16:14:00+00:00,RISK_PASS,516f2933-3776-45ba-84ea-c4e46e8792df,BUY,MARKET,16,594.575,0,0.0,All risk checks passed
2025-11-20 16:14:00+00:00,FILLED,516f2933-3776-45ba-84ea-c4e46e8792df,BUY,MARKET,16,594.575,16,594.575,
2025-11-20 16:15:00+00:00,RISK_PASS,9c2d0e10-b466-4b97-8c97-b738ab76766c,SELL,MARKET,16.0,593.81,0,0.0,All risk checks passed
2025-11-20 16:15:00+00:00,FILLED,9c2d0e10-b466-4b97-8c97-b738ab76766c,SELL,MARKET,16.0,593.81,16.0,593.81,
2025-11-20 16:16:00+00:00,RISK_PASS,b03d141e-4915-4968-ba88-46d0f3bd2267,BUY,MARKET,16,594.1734,0,0.0,All risk checks passed
2025-11-20 16:16:00+00:00,REJECTED,b03d141e-4915-4968-ba88-46d0f3bd2267,BUY,MARKET,16,594.1734,0,0.0,Random engine rejection
2025-11-20 16:17:00+00:00,RISK_PASS,361c7a13-a26d-49f4-864c-78920fc72d59,BUY,MARKET,16,594.81,0,0.0,All risk checks passed
2025-11-20 16:17:00+00:00,FILLED,361c7a13-a26d-49f4-864c-78920fc72d59,BUY,MARKET,16,594.81,16,594.81,
2025-11-20 16:18:00+00:00,RISK_PASS,d6f5ac42-43a4-4f64-9110-19a8587e6a55,SELL,MARKET,16.0,594.238,0,0.0,All risk checks passed
2025-11-20 16:18:00+00:00,FILLED,d6f5ac42-43a4-4f64-9110-19a8587e6a55,SELL,MARKET,16.0,594.238,16.0,594.238,
2025-11-20 16:19:00+00:00,RISK_PASS,60b2278b-40f0-4791-9278-064d89062e5b,BUY,MARKET,16,593.885,0,0.0,All risk checks passed
2025-11-20 16:19:00+00:00,FILLED,60b2278b-40f0-4791-9278-064d89062e5b,BUY,MARKET,16,593.885,16,593.885,
2025-11-20 16:20:00+00:00,RISK_PASS,918e394c-8e7b-42eb-813c-7221b335b388,SELL,MARKET,16.0,594.5059,0,0.0,All risk checks passed
2025-11-20 16:20:00+00:00,FILLED,918e394c-8e7b-42eb-813c-7221b335b388,SELL,MARKET,16.0,594.5059,16.0,594.5059,
2025-11-20 16:59:00+00:00,RISK_PASS,a1b29650-9632-41fc-be8e-0501b726fedc,BUY,MARKET,16,587.61,0,0.0,All risk checks passed
2025-11-20 16:59:00+00:00,FILLED,a1b29650-9632-41fc-be8e-0501b726fedc,BUY,MARKET,16,587.61,16,587.61,
2025-11-20 17:00:00+00:00,RISK_PASS,1a4a478d-0749-4799-8f71-c32a7328cfec,SELL,MARKET,16.0,587.75,0,0.0,All risk checks passed
2025-11-20 17:00:00+00:00,FILLED,1a4a478d-0749-4799-8f71-c32a7328cfec,SELL,MARKET,16.0,587.75,16.0,587.75,
2025-11-20 18:03:00+00:00,RISK_PASS,73a6af5d-0d74-417f-849b-7afbefff5a55,BUY,MARKET,13,587.18,0,0.0,All risk checks passed
2025-11-20 18:03:00+00:00,FILLED,73a6af5d-0d74-417f-849b-7afbefff5a55,BUY,MARKET,13,587.18,13,587.18,
2025-11-20 18:08:00+00:00,RISK_PASS,af1e86e8-29fb-4bf0-836d-17185be7dc64,SELL,MARKET,13.0,588.15,0,0.0,All risk checks passed
2025-11-20 18:08:00+00:00,FILLED,af1e86e8-29fb-4bf0-836d-17185be7dc64,SELL,MARKET,13.0,588.15,13.0,588.15,
2025-11-20 18:09:00+00:00,RISK_PASS,d23a59df-03bf-4aa3-b6b8-dd948ebcd867,BUY,MARKET,13,588.4399,0,0.0,All risk checks passed
2025-11-20 18:09:00+00:00,FILLED,d23a59df-03bf-4aa3-b6b8-dd948ebcd867,BUY,MARKET,13,588.4399,13,588.4399,
2025-11-20 18:11:00+00:00,RISK_PASS,ececacc6-1248-4ecb-af93-f829d49de729,SELL,MARKET,13.0,588.63,0,0.0,All risk checks passed
2025-11-20 18:11:00+00:00,FILLED,ececacc6-1248-4ecb-af93-f829d49de729,SELL,MARKET,13.0,588.63,10,588.63,
2025-11-20 18:12:00+00:00,RISK_PASS,5645f5ed-3de4-462d-b40e-3d32345878fa,BUY,MARKET,10,589.38,0,0.0,All risk checks passed
2025-11-20 18:12:00+00:00,FILLED,5645f5ed-3de4-462d-b40e-3d32345878fa,BUY,MARKET,10,589.38,7,589.38,
2025-11-20 18:13:00+00:00,RISK_PASS,72516274-f268-4918-bf09-10563220c391,BUY,MARKET,3,589.455,0,0.0,All risk checks passed
2025-11-20 18:13:00+00:00,RISK_PASS,27cbf086-20e5-44a2-89ed-36f38a18e377,SELL,MARKET,10.0,589.455,0,0.0,All risk checks passed
2025-11-20 18:13:00+00:00,FILLED,72516274-f268-4918-bf09-10563220c391,BUY,MARKET,3,589.455,3,589.455,
2025-11-20 18:13:00+00:00,FILLED,27cbf086-20e5-44a2-89ed-36f38a18e377,SELL,MARKET,10.0,589.455,10.0,589.455,
2025-11-20 18:14:00+00:00,RISK_PASS,27c3c789-da89-4407-bf5c-3ffd85270681,BUY,MARKET,10,590.374,0,0.0,All risk checks passed
2025-11-20 18:14:00+00:00,RISK_PASS,afc43665-e4a9-4d07-bd86-21e1562c4c2b,SELL,MARKET,3.0,590.374,0,0.0,All risk checks passed
2025-11-20 18:14:00+00:00,FILLED,27c3c789-da89-4407-bf5c-3ffd85270681,BUY,MARKET,10,590.374,10,590.374,
2025-11-20 18:14:00+00:00,FILLED,afc43665-e4a9-4d07-bd86-21e1562c4c2b,SELL,MARKET,3.0,590.374,3.0,590.374,
2025-11-20 18:15:00+00:00,RISK_PASS,22d52540-bb99-4e41-aa8d-938822743ac2,BUY,MARKET,3,589.565,0,0.0,All risk checks passed
2025-11-20 18:15:00+00:00,RISK_PASS,d29139b5-a9ce-4e75-80a5-0158845e6a9f,SELL,MARKET,10.0,589.565,0,0.0,All risk checks passed
2025-11-20 18:15:00+00:00,FILLED,22d52540-bb99-4e41-aa8d-938822743ac2,BUY,MARKET,3,589.565,3,589.565,
2025-11-20 18:15:00+00:00,FILLED,d29139b5-a9ce-4e75-80a5-0158845e6a9f,SELL,MARKET,10.0,589.565,10.0,589.565,
2025-11-20 18:16:00+00:00,RISK_PASS,71eea859-f2bd-4d5d-9fb7-de1660ab3036,BUY,MARKET,10,588.68,0,0.0,All risk checks passed
2025-11-20 18:16:00+00:00,FILLED,71eea859-f2bd-4d5d-9fb7-de1660ab3036,BUY,MARKET,10,588.68,10,588.68,
2025-11-20 18:39:00+00:00,RISK_PASS,3a56e61e-fcfe-4dda-af96-327d894cafc5,BUY,MARKET,4,586.8717,0,0.0,All risk checks passed
2025-11-20 18:39:00+00:00,RISK_PASS,92f968c8-03f4-49b6-9d15-7796174f807e,SELL,MARKET,13.0,586.8717,0,0.0,All risk checks passed
2025-11-20 18:39:00+00:00,FILLED,3a56e61e-fcfe-4dda-af96-327d894cafc5,BUY,MARKET,4,586.8717,4,586.8717,
2025-11-20 18:39:00+00:00,FILLED,92f968c8-03f4-49b6-9d15-7796174f807e,SELL,MARKET,13.0,586.8717,13.0,586.8717,
2025-11-20 18:40:00+00:00,RISK_PASS,34177238-8334-4018-8d84-ead9bffd368d,BUY,MARKET,13,586.61,0,0.0,All risk checks passed
2025-11-20 18:40:00+00:00,RISK_PASS,c88a28cd-6c26-41c5-8f0c-812a34431d05,SELL,MARKET,4.0,586.61,0,0.0,All risk checks passed
2025-11-20 18:40:00+00:00,FILLED,34177238-8334-4018-8d84-ead9bffd368d,BUY,MARKET,13,586.61,13,586.61,
2025-11-20 18:40:00+00:00,FILLED,c88a28cd-6c26-41c5-8f0c-812a34431d05,SELL,MARKET,4.0,586.61,4.0,586.61,
2025-11-20 18:41:00+00:00,RISK_PASS,7df25041-b1d1-4ed4-867e-0bcb4dacab9e,SELL,MARKET,13.0,587.0098,0,0.0,All risk checks passed
2025-11-20 18:41:00+00:00,FILLED,7df25041-b1d1-4ed4-867e-0bcb4dacab9e,SELL,MARKET,13.0,587.0098,13.0,587.0098,
2025-11-20 18:42:00+00:00,RISK_PASS,a4867b04-27d4-4a59-9148-adc4341e1175,BUY,MARKET,17,586.7,0,0.0,All risk checks passed
2025-11-20 18:42:00+00:00,FILLED,a4867b04-27d4-4a59-9148-adc4341e1175,BUY,MARKET,17,586.7,17,586.7,
2025-11-20 18:43:00+00:00,RISK_PASS,02516726-2bbd-4d5a-9feb-eda2cf3a12c9,SELL,MARKET,17.0,586.955,0,0.0,All risk checks passed
2025-11-20 18:43:00+00:00,FILLED,02516726-2bbd-4d5a-9feb-eda2cf3a12c9,SELL,MARKET,17.0,586.955,17.0,586.955,
2025-11-20 18:45:00+00:00,RISK_PASS,1bbce478-637c-4351-b01f-d62ceea92dd9,BUY,MARKET,17,586.13,0,0.0,All risk checks passed
2025-11-20 18:45:00+00:00,FILLED,1bbce478-637c-4351-b01f-d62ceea92dd9,BUY,MARKET,17,586.13,17,586.13,
2025-11-20 18:46:00+00:00,RISK_PASS,bab9a249-26db-4ba9-998f-5a36eb9a75db,SELL,MARKET,17.0,585.8151,0,0.0,All risk checks passed
2025-11-20 18:46:00+00:00,FILLED,bab9a249-26db-4ba9-998f-5a36eb9a75db,SELL,MARKET,17.0,585.8151,17.0,585.8151,
2025-11-20 18:53:00+00:00,RISK_PASS,74c4bfa3-27f9-42a5-b884-9f90bb0d9203,BUY,MARKET,17,584.4101,0,0.0,All risk checks passed
2025-11-20 18:53:00+00:00,FILLED,74c4bfa3-27f9-42a5-b884-9f90bb0d9203,BUY,MARKET,17,584.4101,17,584.4101,
2025-11-20 18:54:00+00:00,RISK_PASS,830d12d3-a391-4db8-a9c5-ca61895281ac,SELL,MARKET,17.0,584.785,0,0.0,All risk checks passed
2025-11-20 18:54:00+00:00,FILLED,830d12d3-a391-4db8-a9c5-ca61895281ac,SELL,MARKET,17.0,584.785,17.0,584.785,
2025-11-20 19:21:00+00:00,RISK_PASS,bd21348e-864a-483c-a85c-a8dd6eef2812,BUY,MARKET,13,586.42,0,0.0,All risk checks passed
2025-11-20 19:21:00+00:00,FILLED,bd21348e-864a-483c-a85c-a8dd6eef2812,BUY,MARKET,13,586.42,13,586.42,
2025-11-20 19:57:00+00:00,RISK_PASS,bd3971a7-4b98-4cb1-b938-0c2a5309eb8f,SELL,MARKET,13.0,588.92,0,0.0,All risk checks passed
2025-11-20 19:57:00+00:00,FILLED,bd3971a7-4b98-4cb1-b938-0c2a5309eb8f,SELL,MARKET,13.0,588.92,13.0,588.92,
2025-11-20 19:58:00+00:00,RISK_PASS,52afc2b6-351b-4872-98a2-5ef3da48cb5f,BUY,MARKET,13,588.83,0,0.0,All risk checks passed
2025-11-20 19:58:00+00:00,FILLED,52afc2b6-351b-4872-98a2-5ef3da48cb5f,BUY,MARKET,13,588.83,13,588.83,
2025-11-20 19:59:00+00:00,RISK_PASS,7e7159e8-b12b-4a7a-8193-f8c871745bff,SELL,MARKET,13.0,589.35,0,0.0,All risk checks passed
2025-11-20 19:59:00+00:00,FILLED,7e7159e8-b12b-4a7a-8193-f8c871745bff,SELL,MARKET,13.0,589.35,13.0,589.35,
2025-11-20 20:00:00+00:00,RISK_PASS,c6271d45-229f-4889-bb1d-2c85b5cad50f,BUY,MARKET,13,588.64,0,0.0,All risk checks passed
2025-11-20 20:00:00+00:00,FILLED,c6271d45-229f-4889-bb1d-2c85b5cad50f,BUY,MARKET,13,588.64,13,588.64,
2025-11-20 20:15:00+00:00,RISK_PASS,57e643a5-beff-490a-9fbe-914d13ef094b,SELL,MARKET,13.0,589.18,0,0.0,All risk checks passed
2025-11-20 20:15:00+00:00,FILLED,57e643a5-beff-490a-9fbe-914d13ef094b,SELL,MARKET,13.0,589.18,13.0,589.18,
2025-11-20 20:16:00+00:00,RISK_PASS,4b08db7f-9137-43f6-b368-71c98099199f,BUY,MARKET,13,589.13,0,0.0,All risk checks passed
2025-11-20 20:16:00+00:00,FILLED,4b08db7f-9137-43f6-b368-71c98099199f,BUY,MARKET,13,589.13,13,589.13,
2025-11-20 20:17:00+00:00,RISK_PASS,eea3b537-7bec-438b-8736-6b3ea74b4704,SELL,MARKET,13.0,589.235,0,0.0,All risk checks passed
2025-11-20 20:17:00+00:00,FILLED,eea3b537-7bec-438b-8736-6b3ea74b4704,SELL,MARKET,13.0,589.235,13.0,589.235,
2025-11-20 20:18:00+00:00,RISK_PASS,05f44cc5-785f-4418-8059-9af2e8fb85be,BUY,MARKET,13,588.975,0,0.0,All risk checks passed
2025-11-20 20:18:00+00:00,FILLED,05f44cc5-785f-4418-8059-9af2e8fb85be,BUY,MARKET,13,588.975,13,588.975,
2025-11-20 20:19:00+00:00,RISK_PASS,5a187c19-2beb-4921-874f-7aecb7574cfe,SELL,MARKET,13.0,589.44,0,0.0,All risk checks passed
2025-11-20 20:19:00+00:00,FILLED,5a187c19-2beb-4921-874f-7aecb7574cfe,SELL,MARKET,13.0,589.44,13.0,589.44,
2025-11-20 20:20:00+00:00,RISK_PASS,3385b529-f9f2-44bb-9080-1694114f2896,BUY,MARKET,13,589.89,0,0.0,All risk checks passed
2025-11-20 20:20:00+00:00,FILLED,3385b529-f9f2-44bb-9080-1694114f2896,BUY,MARKET,13,589.89,11,589.89,
2025-11-20 20:21:00+00:00,RISK_PASS,e640cce4-df0f-43d6-94df-5aa8e3c48f39,BUY,MARKET,2,590.35,0,0.0,All risk checks passed
2025-11-20 20:21:00+00:00,RISK_PASS,69aefdfa-ff6e-465b-be2d-456318c0db07,SELL,MARKET,11.0,590.35,0,0.0,All risk checks passed
2025-11-20 20:21:00+00:00,FILLED,e640cce4-df0f-43d6-94df-5aa8e3c48f39,BUY,MARKET,2,590.35,2,590.35,
2025-11-20 20:21:00+00:00,REJECTED,69aefdfa-ff6e-465b-be2d-456318c0db07,SELL,MARKET,11.0,590.35,0,0.0,Random engine rejection
2025-11-20 20:22:00+00:00,RISK_PASS,ae83b61b-17b9-4f67-bf66-3e1c93b9e7f2,SELL,MARKET,13.0,590.27,0,0.0,All risk checks passed
2025-11-20 20:22:00+00:00,FILLED,ae83b61b-17b9-4f67-bf66-3e1c93b9e7f2,SELL,MARKET,13.0,590.27,13.0,590.27,
2025-11-20 20:23:00+00:00,RISK_PASS,5d8f624a-4884-400e-af53-1d0046cec636,BUY,MARKET,13,589.2934,0,0.0,All risk checks passed
2025-11-20 20:23:00+00:00,FILLED,5d8f624a-4884-400e-af53-1d0046cec636,BUY,MARKET,13,589.2934,10,589.2934,
2025-11-20 20:24:00+00:00,RISK_PASS,e1c9419c-65c2-49b5-8d13-a75462360523,BUY,MARKET,3,588.944,0,0.0,All risk checks passed
2025-11-20 20:24:00+00:00,FILLED,e1c9419c-65c2-49b5-8d13-a75462360523,BUY,MARKET,3,588.944,1,588.944,
2025-11-20 20:25:00+00:00,RISK_PASS,fffb6f48-4ee4-44fb-8274-4ad0d4ed1b34,BUY,MARKET,2,588.77,0,0.0,All risk checks passed
2025-11-20 20:25:00+00:00,FILLED,fffb6f48-4ee4-44fb-8274-4ad0d4ed1b34,BUY,MARKET,2,588.77,2,588.77,
2025-11-20 20:34:00+00:00,RISK_PASS,582272f0-57cb-4f60-a072-230ca23b4f7d,BUY,MARKET,7,586.848,0,0.0,All risk checks passed
2025-11-20 20:34:00+00:00,FILLED,582272f0-57cb-4f60-a072-230ca23b4f7d,BUY,MARKET,7,586.848,7,586.848,
2025-11-20 20:35:00+00:00,RISK_PASS,824c1725-3fca-461c-97ac-b7b8272ffe17,SELL,MARKET,20.0,586.335,0,0.0,All risk checks passed
2025-11-20 20:35:00+00:00,FILLED,824c1725-3fca-461c-97ac-b7b8272ffe17,SELL,MARKET,20.0,586.335,20.0,586.335,
2025-11-20 20:36:00+00:00,RISK_PASS,bd69f310-c8ad-4f61-965d-022a575c403e,BUY,MARKET,17,586.77,0,0.0,All risk checks passed
2025-11-20 20:36:00+00:00,REJECTED,bd69f310-c8ad-4f61-965d-022a575c403e,BUY,MARKET,17,586.77,0,0.0,Random engine rejection
2025-11-20 20:37:00+00:00,RISK_PASS,1b6f7669-201b-4619-a5bd-1a49cf886f20,BUY,MARKET,17,586.6,0,0.0,All risk checks passed
2025-11-20 20:37:00+00:00,FILLED,1b6f7669-201b-4619-a5bd-1a49cf886f20,BUY,MARKET,17,586.6,17,586.6,
2025-11-20 20:38:00+00:00,RISK_PASS,7c7bccf5-afb9-4b93-9ea3-1d6ceab26c43,SELL,MARKET,17.0,585.7677,0,0.0,All risk checks passed
2025-11-20 20:38:00+00:00,FILLED,7c7bccf5-afb9-4b93-9ea3-1d6ceab26c43,SELL,MARKET,17.0,585.7677,17.0,585.7677,
2025-11-20 20:39:00+00:00,RISK_PASS,2a942666-ca01-4859-8dfc-049a8a88d2d0,BUY,MARKET,17,585.9,0,0.0,All risk checks passed
2025-11-20 20:39:00+00:00,FILLED,2a942666-ca01-4859-8dfc-049a8a88d2d0,BUY,MARKET,17,585.9,17,585.9,
2025-11-20 20:40:00+00:00,RISK_PASS,db3c2277-2921-44cc-923d-49828f4f8ba2,SELL,MARKET,17.0,585.3,0,0.0,All risk checks passed
2025-11-20 20:40:00+00:00,FILLED,db3c2277-2921-44cc-923d-49828f4f8ba2,SELL,MARKET,17.0,585.3,17.0,585.3,
2025-11-20 20:41:00+00:00,RISK_PASS,45831fad-7246-466c-8d6b-6ac177bbf80d,BUY,MARKET,17,585.44,0,0.0,All risk checks passed
2025-11-20 20:41:00+00:00,FILLED,45831fad-7246-466c-8d6b-6ac177bbf80d,BUY,MARKET,17,585.44,7,585.44,
2025-11-20 20:42:00+00:00,RISK_PASS,9a4b00cd-f408-4352-b993-48166edd3281,BUY,MARKET,10,585.4,0,0.0,All risk checks passed
2025-11-20 20:42:00+00:00,RISK_PASS,76593681-dc4b-453c-8827-9fa553c9679f,SELL,MARKET,7.0,585.4,0,0.0,All risk checks passed
2025-11-20 20:42:00+00:00,FILLED,9a4b00cd-f408-4352-b993-48166edd3281,BUY,MARKET,10,585.4,10,585.4,
2025-11-20 20:42:00+00:00,FILLED,76593681-dc4b-453c-8827-9fa553c9679f,SELL,MARKET,7.0,585.4,7.0,585.4,
2025-11-20 20:43:00+00:00,RISK_PASS,62c5e764-f347-4ddd-b1f0-1bdb18da961a,BUY,MARKET,7,585.43,0,0.0,All risk checks passed
2025-11-20 20:43:00+00:00,RISK_PASS,196f332f-b226-47dc-af49-2facaea132d1,SELL,MARKET,10.0,585.43,0,0.0,All risk checks passed
2025-11-20 20:43:00+00:00,FILLED,62c5e764-f347-4ddd-b1f0-1bdb18da961a,BUY,MARKET,7,585.43,4,585.43,
2025-11-20 20:43:00+00:00,FILLED,196f332f-b226-47dc-af49-2facaea132d1,SELL,MARKET,10.0,585.43,10.0,585.43,
2025-11-20 20:44:00+00:00,RISK_PASS,6e17775a-47f3-4766-acf2-e6d81b02f842,BUY,MARKET,13,585.45,0,0.0,All risk checks passed
2025-11-20 20:44:00+00:00,RISK_PASS,2a2f1132-1bdd-4114-a036-4bccbff999bd,SELL,MARKET,4.0,585.45,0,0.0,All risk checks passed
2025-11-20 20:44:00+00:00,FILLED,6e17775a-47f3-4766-acf2-e6d81b02f842,BUY,MARKET,13,585.45,13,585.45,
2025-11-20 20:44:00+00:00,FILLED,2a2f1132-1bdd-4114-a036-4bccbff999bd,SELL,MARKET,4.0,585.45,4.0,585.45,
2025-11-20 20:45:00+00:00,RISK_PASS,789f4dda-6a63-4892-a631-99e380a43639,BUY,MARKET,4,585.69,0,0.0,All risk checks passed
2025-11-20 20:45:00+00:00,RISK_PASS,b65bfd20-c217-4ce5-8d9c-f727ac493c2e,SELL,MARKET,13.0,585.69,0,0.0,All risk checks passed
2025-11-20 20:45:00+00:00,FILLED,789f4dda-6a63-4892-a631-99e380a43639,BUY,MARKET,4,585.69,4,585.69,
2025-11-20 20:45:00+00:00,REJECTED,b65bfd20-c217-4ce5-8d9c-f727ac493c2e,SELL,MARKET,13.0,585.69,0,0.0,Random engine rejection
2025-11-20 20:46:00+00:00,RISK_PASS,68bc1469-5eb3-4d1b-8d58-a6a109b3c231,SELL,MARKET,17.0,584.67,0,0.0,All risk checks passed
2025-11-20 20:46:00+00:00,FILLED,68bc1469-5eb3-4d1b-8d58-a6a109b3c231,SELL,MARKET,17.0,584.67,17.0,584.67,
2025-11-20 20:47:00+00:00,RISK_PASS,f3936f7e-3d70-40fa-9a01-62ef5146ea1f,BUY,MARKET,17,585.08,0,0.0,All risk checks passed
2025-11-20 20:47:00+00:00,FILLED,f3936f7e-3d70-40fa-9a01-62ef5146ea1f,BUY,MARKET,17,585.08,10,585.08,
2025-11-20 20:48:00+00:00,RISK_PASS,7bcbf82b-0a0e-4dc7-906c-adadf73fde61,SELL,MARKET,10.0,585.56,0,0.0,All risk checks passed
2025-11-20 20:48:00+00:00,FILLED,7bcbf82b-0a0e-4dc7-906c-adadf73fde61,SELL,MARKET,10.0,585.56,10.0,585.56,
2025-11-20 20:58:00+00:00,RISK_PASS,9274cf2e-51f6-4d2e-9053-40255a05c19e,BUY,MARKET,13,589.07,0,0.0,All risk checks passed
2025-11-20 20:58:00+00:00,FILLED,9274cf2e-51f6-4d2e-9053-40255a05c19e,BUY,MARKET,13,589.07,10,589.07,
2025-11-20 20:59:00+00:00,RISK_PASS,684882d5-4169-4413-b2d5-53f5f2a8d979,BUY,MARKET,3,589.23,0,0.0,All risk checks passed
2025-11-20 20:59:00+00:00,RISK_PASS,4bee100e-601a-4a8a-b2fa-438f53fc84f2,SELL,MARKET,10.0,589.23,0,0.0,All risk checks passed
2025-11-20 20:59:00+00:00,FILLED,684882d5-4169-4413-b2d5-53f5f2a8d979,BUY,MARKET,3,589.23,3,589.23,
2025-11-20 20:59:00+00:00,FILLED,4bee100e-601a-4a8a-b2fa-438f53fc84f2,SELL,MARKET,10.0,589.23,10.0,589.23,
2025-11-20 21:00:00+00:00,RISK_PASS,070d36e0-e71b-4e1b-974b-b36f717a011a,BUY,MARKET,10,589.08,0,0.0,All risk checks passed
2025-11-20 21:00:00+00:00,RISK_PASS,c82fe456-e0c7-40a2-882a-43b1db9f902c,SELL,MARKET,3.0,589.08,0,0.0,All risk checks passed
2025-11-20 21:00:00+00:00,FILLED,070d36e0-e71b-4e1b-974b-b36f717a011a,BUY,MARKET,10,589.08,10,589.08,
2025-11-20 21:00:00+00:00,REJECTED,c82fe456-e0c7-40a2-882a-43b1db9f902c,SELL,MARKET,3.0,589.08,0,0.0,Random engine rejection
2025-11-20 21:01:00+00:00,RISK_PASS,fcbefa36-8d5f-4a4f-9c21-72464325f161,SELL,MARKET,13.0,588.57,0,0.0,All risk checks passed
2025-11-20 21:01:00+00:00,FILLED,fcbefa36-8d5f-4a4f-9c21-72464325f161,SELL,MARKET,13.0,588.57,13.0,588.57,
2025-11-20 21:02:00+00:00,RISK_PASS,930f1e05-ab35-4a3b-8079-237a6f678944,BUY,MARKET,13,586.85,0,0.0,All risk checks passed
2025-11-20 21:02:00+00:00,FILLED,930f1e05-ab35-4a3b-8079-237a6f678944,BUY,MARKET,13,586.85,13,586.85,
2025-11-20 21:08:00+00:00,RISK_PASS,efaae8e6-9522-4c92-9113-f674471fabde,BUY,MARKET,7,587.36,0,0.0,All risk checks passed
2025-11-20 21:08:00+00:00,FILLED,efaae8e6-9522-4c92-9113-f674471fabde,BUY,MARKET,7,587.36,7,587.36,
2025-11-20 21:10:00+00:00,RISK_PASS,9ee924ed-874b-4c3a-a31b-fae3cfcacde8,SELL,MARKET,20.0,587.25,0,0.0,All risk checks passed
2025-11-20 21:10:00+00:00,FILLED,9ee924ed-874b-4c3a-a31b-fae3cfcacde8,SELL,MARKET,20.0,587.25,20.0,587.25,
2025-11-20 21:11:00+00:00,RISK_PASS,029f571f-cf7f-4491-8f28-3119c18eac1d,BUY,MARKET,17,586.89,0,0.0,All risk checks passed
2025-11-20 21:11:00+00:00,FILLED,029f571f-cf7f-4491-8f28-3119c18eac1d,BUY,MARKET,17,586.89,17,586.89,
2025-11-20 21:12:00+00:00,RISK_PASS,9de94e2e-5d8c-4922-9f4d-62db44ba57ad,SELL,MARKET,17.0,586.75,0,0.0,All risk checks passed
2025-11-20 21:12:00+00:00,FILLED,9de94e2e-5d8c-4922-9f4d-62db44ba57ad,SELL,MARKET,17.0,586.75,17.0,586.75,
2025-11-20 21:13:00+00:00,RISK_PASS,ce5ed381-beb8-4242-83b2-d112d6826ce3,BUY,MARKET,17,587.1,0,0.0,All risk checks passed
2025-11-20 21:13:00+00:00,FILLED,ce5ed381-beb8-4242-83b2-d112d6826ce3,BUY,MARKET,17,587.1,17,587.1,
2025-11-20 21:14:00+00:00,RISK_PASS,1c91cea2-1732-44f7-b865-78d8f4ee027a,SELL,MARKET,17.0,587.13,0,0.0,All risk checks passed
2025-11-20 21:14:00+00:00,FILLED,1c91cea2-1732-44f7-b865-78d8f4ee027a,SELL,MARKET,17.0,587.13,17.0,587.13,
2025-11-20 21:18:00+00:00,RISK_PASS,286db455-b99d-486c-a4f9-f7cc6fed77be,BUY,MARKET,17,585.52,0,0.0,All risk checks passed
2025-11-20 21:18:00+00:00,FILLED,286db455-b99d-486c-a4f9-f7cc6fed77be,BUY,MARKET,17,585.52,17,585.52,
2025-11-20 21:19:00+00:00,RISK_PASS,9e8392ff-3a0c-46db-bc4f-906ba1267867,SELL,MARKET,17.0,585.0,0,0.0,All risk checks passed
2025-11-20 21:19:00+00:00,FILLED,9e8392ff-3a0c-46db-bc4f-906ba1267867,SELL,MARKET,17.0,585.0,17.0,585.0,
2025-11-20 21:20:00+00:00,RISK_PASS,878e5199-9077-4f75-901c-3555733dd0b7,BUY,MARKET,17,585.12,0,0.0,All risk checks passed
2025-11-20 21:20:00+00:00,FILLED,878e5199-9077-4f75-901c-3555733dd0b7,BUY,MARKET,17,585.12,17,585.12,
2025-11-20 21:21:00+00:00,RISK_PASS,e6be6edc-9992-4e4b-8e48-589d51c0a4d3,SELL,MARKET,17.0,585.5,0,0.0,All risk checks passed
2025-11-20 21:21:00+00:00,FILLED,e6be6edc-9992-4e4b-8e48-589d51c0a4d3,SELL,MARKET,17.0,585.5,17.0,585.5,
2025-11-20 21:40:00+00:00,RISK_PASS,cf627e4c-83cb-4383-908a-8fc52b6547c2,BUY,MARKET,17,585.31,0,0.0,All risk checks passed
2025-11-20 21:40:00+00:00,FILLED,cf627e4c-83cb-4383-908a-8fc52b6547c2,BUY,MARKET,17,585.31,17,585.31,
2025-11-20 21:41:00+00:00,RISK_PASS,a7d5c48c-4a9e-4f5b-90b0-285cb5cf8eb9,SELL,MARKET,17.0,585.1662,0,0.0,All risk checks passed
2025-11-20 21:41:00+00:00,FILLED,a7d5c48c-4a9e-4f5b-90b0-285cb5cf8eb9,SELL,MARKET,17.0,585.1662,17.0,585.1662,
2025-11-20 21:45:00+00:00,RISK_PASS,6fd9ecc4-1843-4286-9b01-b91c01dbf3d3,BUY,MARKET,17,584.8,0,0.0,All risk checks passed
2025-11-20 21:45:00+00:00,FILLED,6fd9ecc4-1843-4286-9b01-b91c01dbf3d3,BUY,MARKET,17,584.8,17,584.8,
2025-11-20 21:46:00+00:00,RISK_PASS,34c83137-44ca-42b3-b828-f1c073bb4a1b,SELL,MARKET,17.0,584.9,0,0.0,All risk checks passed
2025-11-20 21:46:00+00:00,FILLED,34c83137-44ca-42b3-b828-f1c073bb4a1b,SELL,MARKET,17.0,584.9,17.0,584.9,
2025-11-20 21:47:00+00:00,RISK_PASS,24c0b8dd-e01c-4e47-bb20-1be9a35e5a7f,BUY,MARKET,17,584.795,0,0.0,All risk checks passed
2025-11-20 21:47:00+00:00,FILLED,24c0b8dd-e01c-4e47-bb20-1be9a35e5a7f,BUY,MARKET,17,584.795,2,584.795,
2025-11-20 21:48:00+00:00,RISK_PASS,5f954bb4-2919-4df2-bee6-d8dc7d56d588,SELL,MARKET,2.0,584.95,0,0.0,All risk checks passed
2025-11-20 21:48:00+00:00,FILLED,5f954bb4-2919-4df2-bee6-d8dc7d56d588,SELL,MARKET,2.0,584.95,2.0,584.95,
2025-11-20 22:14:00+00:00,RISK_PASS,029c3b5a-0321-4a92-accb-e528dfd9634a,BUY,MARKET,13,585.5,0,0.0,All risk checks passed
2025-11-20 22:14:00+00:00,FILLED,029c3b5a-0321-4a92-accb-e528dfd9634a,BUY,MARKET,13,585.5,13,585.5,
2025-11-20 22:20:00+00:00,RISK_PASS,12dceca8-c530-4488-a926-d64fa9ca1ffa,SELL,MARKET,13.0,584.7,0,0.0,All risk checks passed
2025-11-20 22:20:00+00:00,FILLED,12dceca8-c530-4488-a926-d64fa9ca1ffa,SELL,MARKET,13.0,584.7,13.0,584.7,
2025-11-20 22:21:00+00:00,RISK_PASS,a872bf29-1a79-4826-b92f-0f7df93d26a5,BUY,MARKET,17,584.91,0,0.0,All risk checks passed
2025-11-20 22:21:00+00:00,FILLED,a872bf29-1a79-4826-b92f-0f7df93d26a5,BUY,MARKET,17,584.91,15,584.91,
2025-11-20 22:22:00+00:00,RISK_PASS,fcd8d733-804a-4d8b-b386-67e73d597804,BUY,MARKET,2,584.68,0,0.0,All risk checks passed
2025-11-20 22:22:00+00:00,RISK_PASS,c77451b4-17ec-4143-86be-c99e6e4a0b5f,SELL,MARKET,15.0,584.68,0,0.0,All risk checks passed
2025-11-20 22:22:00+00:00,FILLED,fcd8d733-804a-4d8b-b386-67e73d597804,BUY,MARKET,2,584.68,2,584.68,
2025-11-20 22:22:00+00:00,FILLED,c77451b4-17ec-4143-86be-c99e6e4a0b5f,SELL,MARKET,15.0,584.68,15.0,584.68,
2025-11-20 22:23:00+00:00,RISK_PASS,c7cab64f-cd96-4677-8616-e91288d85ad0,BUY,MARKET,15,584.4,0,0.0,All risk checks passed
2025-11-20 22:23:00+00:00,RISK_PASS,73dc44e5-f377-4f89-a148-ef6027703939,SELL,MARKET,2.0,584.4,0,0.0,All risk checks passed
2025-11-20 22:23:00+00:00,FILLED,c7cab64f-cd96-4677-8616-e91288d85ad0,BUY,MARKET,15,584.4,15,584.4,
2025-11-20 22:23:00+00:00,FILLED,73dc44e5-f377-4f89-a148-ef6027703939,SELL,MARKET,2.0,584.4,2.0,584.4,
2025-11-20 22:24:00+00:00,RISK_PASS,c4230caf-09bf-421d-880f-e6cba3b9265c,BUY,MARKET,2,584.48,0,0.0,All risk checks passed
2025-11-20 22:24:00+00:00,RISK_PASS,cd73ba8a-5796-4ac0-b822-930b947cf4f2,SELL,MARKET,15.0,584.48,0,0.0,All risk checks passed
2025-11-20 22:24:00+00:00,FILLED,c4230caf-09bf-421d-880f-e6cba3b9265c,BUY,MARKET,2,584.48,2,584.48,
2025-11-20 22:24:00+00:00,FILLED,cd73ba8a-5796-4ac0-b822-930b947cf4f2,SELL,MARKET,15.0,584.48,15.0,584.48,
2025-11-20 22:25:00+00:00,RISK_PASS,543d9446-95e5-4527-8f91-6e2c34a03a22,BUY,MARKET,15,584.35,0,0.0,All risk checks passed
2025-11-20 22:25:00+00:00,RISK_PASS,ddd820fb-d904-487c-be3e-e3e9f4e186e8,SELL,MARKET,2.0,584.35,0,0.0,All risk checks passed
2025-11-20 22:25:00+00:00,FILLED,543d9446-95e5-4527-8f91-6e2c34a03a22,BUY,MARKET,15,584.35,15,584.35,
2025-11-20 22:25:00+00:00,FILLED,ddd820fb-d904-487c-be3e-e3e9f4e186e8,SELL,MARKET,2.0,584.35,1,584.35,
2025-11-20 22:26:00+00:00,RISK_PASS,274d3693-e1b6-41d6-aaa7-b80ed8587338,BUY,MARKET,1,584.0,0,0.0,All risk checks passed
2025-11-20 22:26:00+00:00,RISK_PASS,b4f56e37-9af2-410b-b383-1539e4b53143,SELL,MARKET,16.0,584.0,0,0.0,All risk checks passed
2025-11-20 22:26:00+00:00,FILLED,274d3693-e1b6-41d6-aaa7-b80ed8587338,BUY,MARKET,1,584.0,1,584.0,
2025-11-20 22:26:00+00:00,FILLED,b4f56e37-9af2-410b-b383-1539e4b53143,SELL,MARKET,16.0,584.0,16.0,584.0,
2025-11-20 22:27:00+00:00,RISK_PASS,a8d5c464-63ed-4cba-a344-30cdfab4dca6,BUY,MARKET,16,583.53,0,0.0,All risk checks passed
2025-11-20 22:27:00+00:00,RISK_PASS,9c3bb9c3-21a0-4e4f-89d5-5eb04c6ff199,SELL,MARKET,1.0,583.53,0,0.0,All risk checks passed
2025-11-20 22:27:00+00:00,FILLED,a8d5c464-63ed-4cba-a344-30cdfab4dca6,BUY,MARKET,16,583.53,2,583.53,
2025-11-20 22:27:00+00:00,FILLED,9c3bb9c3-21a0-4e4f-89d5-5eb04c6ff199,SELL,MARKET,1.0,583.53,1.0,583.53,
2025-11-20 22:28:00+00:00,RISK_PASS,7c31e73b-6063-4129-8b97-e4cdd1cdb7c1,BUY,MARKET,15,583.96,0,0.0,All risk checks passed
2025-11-20 22:28:00+00:00,RISK_PASS,7d998189-b24d-49ee-9eaf-8ed9603c0555,SELL,MARKET,2.0,583.96,0,0.0,All risk checks passed
2025-11-20 22:28:00+00:00,FILLED,7c31e73b-6063-4129-8b97-e4cdd1cdb7c1,BUY,MARKET,15,583.96,15,583.96,
2025-11-20 22:28:00+00:00,FILLED,7d998189-b24d-49ee-9eaf-8ed9603c0555,SELL,MARKET,2.0,583.96,1,583.96,
2025-11-20 22:29:00+00:00,RISK_PASS,d8a4dc31-9dea-4f82-bc4a-99178a3f1bfb,BUY,MARKET,1,584.07,0,0.0,All risk checks passed
2025-11-20 22:29:00+00:00,RISK_PASS,26497820-f6aa-4834-a00b-6f00dd8d8cb5,SELL,MARKET,16.0,584.07,0,0.0,All risk checks passed
2025-11-20 22:29:00+00:00,FILLED,d8a4dc31-9dea-4f82-bc4a-99178a3f1bfb,BUY,MARKET,1,584.07,1,584.07,
2025-11-20 22:29:00+00:00,REJECTED,26497820-f6aa-4834-a00b-6f00dd8d8cb5,SELL,MARKET,16.0,584.07,0,0.0,Random engine rejection
2025-11-20 22:30:00+00:00,RISK_PASS,e5cb142a-cf69-46c1-989c-1a24812b0f09,SELL,MARKET,17.0,584.07,0,0.0,All risk checks passed
2025-11-20 22:30:00+00:00,FILLED,e5cb142a-cf69-46c1-989c-1a24812b0f09,SELL,MARKET,17.0,584.07,17.0,584.07,
2025-11-20 22:32:00+00:00,RISK_PASS,97f37c7c-5c60-4335-b812-2f961f4d6a40,BUY,MARKET,17,583.85,0,0.0,All risk checks passed
2025-11-20 22:32:00+00:00,FILLED,97f37c7c-5c60-4335-b812-2f961f4d6a40,BUY,MARKET,17,583.85,17,583.85,
2025-11-20 22:33:00+00:00,RISK_PASS,0ee170e3-02cc-4615-998b-5d20fc0abbb0,SELL,MARKET,17.0,584.1,0,0.0,All risk checks passed
2025-11-20 22:33:00+00:00,FILLED,0ee170e3-02cc-4615-998b-5d20fc0abbb0,SELL,MARKET,17.0,584.1,17.0,584.1,
2025-11-20 23:03:00+00:00,RISK_PASS,b0a7c62a-6e0c-4e85-b381-432e0389cfc4,BUY,MARKET,13,584.2,0,0.0,All risk checks passed
2025-11-20 23:03:00+00:00,FILLED,b0a7c62a-6e0c-4e85-b381-432e0389cfc4,BUY,MARKET,13,584.2,13,584.2,
2025-11-20 23:29:00+00:00,RISK_PASS,40337c53-4de7-40fb-8e9c-ac1ed8bcb5b4,SELL,MARKET,13.0,588.0,0,0.0,All risk checks passed
2025-11-20 23:29:00+00:00,FILLED,40337c53-4de7-40fb-8e9c-ac1ed8bcb5b4,SELL,MARKET,13.0,588.0,13.0,588.0,
2025-11-20 23:30:00+00:00,RISK_PASS,c3f7aaaa-5aac-4689-9e3c-cb6f6b869534,BUY,MARKET,13,586.35,0,0.0,All risk checks passed
2025-11-20 23:30:00+00:00,FILLED,c3f7aaaa-5aac-4689-9e3c-cb6f6b869534,BUY,MARKET,13,586.35,13,586.35,
2025-11-21 00:13:00+00:00,RISK_PASS,fb402cf3-f299-4d97-a741-27b3f499656e,SELL,MARKET,13.0,587.7,0,0.0,All risk checks passed
2025-11-21 00:13:00+00:00,FILLED,fb402cf3-f299-4d97-a741-27b3f499656e,SELL,MARKET,13.0,587.7,13.0,587.7,
2025-11-21 00:14:00+00:00,RISK_PASS,396893ad-86b1-4fc9-95f2-860f2b80c43c,BUY,MARKET,13,587.8,0,0.0,All risk checks passed
2025-11-21 00:14:00+00:00,REJECTED,396893ad-86b1-4fc9-95f2-860f2b80c43c,BUY,MARKET,13,587.8,0,0.0,Random engine rejection
2025-11-21 00:15:00+00:00,RISK_PASS,c6f3d837-6d18-40c6-b39e-36787630d150,BUY,MARKET,13,587.75,0,0.0,All risk checks passed
2025-11-21 00:15:00+00:00,FILLED,c6f3d837-6d18-40c6-b39e-36787630d150,BUY,MARKET,13,587.75,13,587.75,
2025-11-21 00:16:00+00:00,RISK_PASS,cfffe639-9b56-4a0b-8884-d57b3ce903bb,SELL,MARKET,13.0,587.97,0,0.0,All risk checks passed
2025-11-21 00:16:00+00:00,FILLED,cfffe639-9b56-4a0b-8884-d57b3ce903bb,SELL,MARKET,13.0,587.97,13.0,587.97,
2025-11-21 00:17:00+00:00,RISK_PASS,a182d43c-7874-4167-9582-71cadded446e,BUY,MARKET,13,587.99,0,0.0,All risk checks passed
2025-11-21 00:17:00+00:00,FILLED,a182d43c-7874-4167-9582-71cadded446e,BUY,MARKET,13,587.99,13,587.99,
2025-11-21 00:18:00+00:00,RISK_PASS,2f0fe57e-cb62-48a8-b43d-893010499589,SELL,MARKET,13.0,587.99,0,0.0,All risk checks passed
2025-11-21 00:18:00+00:00,FILLED,2f0fe57e-cb62-48a8-b43d-893010499589,SELL,MARKET,13.0,587.99,13.0,587.99,
2025-11-21 00:19:00+00:00,RISK_PASS,890db0d5-d6b9-4aae-90a6-e1b911dfbcbd,BUY,MARKET,13,587.99,0,0.0,All risk checks passed
2025-11-21 00:19:00+00:00,FILLED,890db0d5-d6b9-4aae-90a6-e1b911dfbcbd,BUY,MARKET,13,587.99,13,587.99,
2025-11-21 00:20:00+00:00,RISK_PASS,f3b44840-7bc8-4629-bda6-314233ca1627,SELL,MARKET,13.0,587.9019,0,0.0,All risk checks passed
2025-11-21 00:20:00+00:00,REJECTED,f3b44840-7bc8-4629-bda6-314233ca1627,SELL,MARKET,13.0,587.9019,0,0.0,Random engine rejection
2025-11-21 00:21:00+00:00,RISK_PASS,57e7a744-6ee4-41a5-80e5-0649437d07d0,SELL,MARKET,13.0,588.31,0,0.0,All risk checks passed
2025-11-21 00:21:00+00:00,FILLED,57e7a744-6ee4-41a5-80e5-0649437d07d0,SELL,MARKET,13.0,588.31,13.0,588.31,
2025-11-21 00:22:00+00:00,RISK_PASS,ac4b9249-87df-444b-b383-9a841a9c8d5c,BUY,MARKET,13,588.45,0,0.0,All risk checks passed
2025-11-21 00:22:00+00:00,FILLED,ac4b9249-87df-444b-b383-9a841a9c8d5c,BUY,MARKET,13,588.45,13,588.45,
2025-11-21 00:23:00+00:00,RISK_PASS,50df11cb-6a8b-409b-b562-2a0e27f5c27a,SELL,MARKET,13.0,588.48,0,0.0,All risk checks passed
2025-11-21 00:23:00+00:00,FILLED,50df11cb-6a8b-409b-b562-2a0e27f5c27a,SELL,MARKET,13.0,588.48,13.0,588.48,
2025-11-21 00:24:00+00:00,RISK_PASS,76cff8a8-362b-42f6-9a92-7dc44083631b,BUY,MARKET,13,588.4,0,0.0,All risk checks passed
2025-11-21 00:24:00+00:00,FILLED,76cff8a8-362b-42f6-9a92-7dc44083631b,BUY,MARKET,13,588.4,13,588.4,
2025-11-21 00:27:00+00:00,RISK_PASS,92bec94f-0e28-46a8-a641-eeff41334fac,SELL,MARKET,13.0,588.37,0,0.0,All risk checks passed
2025-11-21 00:27:00+00:00,FILLED,92bec94f-0e28-46a8-a641-eeff41334fac,SELL,MARKET,13.0,588.37,13.0,588.37,
2025-11-21 00:28:00+00:00,RISK_PASS,ff7a0b17-fd75-47dc-af90-9959bdcbcbc8,BUY,MARKET,13,588.0,0,0.0,All risk checks passed
2025-11-21 00:28:00+00:00,FILLED,ff7a0b17-fd75-47dc-af90-9959bdcbcbc8,BUY,MARKET,13,588.0,13,588.0,
2025-11-21 00:35:00+00:00,RISK_PASS,790467ef-7446-424a-b24f-c889b0dcf2dd,BUY,MARKET,7,587.5,0,0.0,All risk checks passed
2025-11-21 00:35:00+00:00,FILLED,790467ef-7446-424a-b24f-c889b0dcf2dd,BUY,MARKET,7,587.5,7,587.5,
2025-11-21 00:47:00+00:00,RISK_PASS,ef8e8d45-1171-4c1a-9c49-ec02174c1053,SELL,MARKET,20.0,587.32,0,0.0,All risk checks passed
2025-11-21 00:47:00+00:00,FILLED,ef8e8d45-1171-4c1a-9c49-ec02174c1053,SELL,MARKET,20.0,587.32,20.0,587.32,
2025-11-21 09:02:00+00:00,RISK_PASS,6405ae9a-b0dd-44bd-889c-99b8674cb4a2,BUY,MARKET,13,588.12,0,0.0,All risk checks passed
2025-11-21 09:02:00+00:00,FILLED,6405ae9a-b0dd-44bd-889c-99b8674cb4a2,BUY,MARKET,13,588.12,13,588.12,
2025-11-21 09:05:00+00:00,RISK_PASS,46c7987c-1c07-4a33-8c0a-ac117d438697,SELL,MARKET,13.0,587.31,0,0.0,All risk checks passed
2025-11-21 09:05:00+00:00,FILLED,46c7987c-1c07-4a33-8c0a-ac117d438697,SELL,MARKET,13.0,587.31,13.0,587.31,
2025-11-21 09:08:00+00:00,RISK_PASS,716d646e-44ef-4150-9d12-24b4bc65485f,BUY,MARKET,13,588.0,0,0.0,All risk checks passed
2025-11-21 09:08:00+00:00,FILLED,716d646e-44ef-4150-9d12-24b4bc65485f,BUY,MARKET,13,588.0,13,588.0,
2025-11-21 09:11:00+00:00,RISK_PASS,c6ff764b-e83b-47d7-b59d-943478a6c447,SELL,MARKET,13.0,587.32,0,0.0,All risk checks passed
2025-11-21 09:11:00+00:00,FILLED,c6ff764b-e83b-47d7-b59d-943478a6c447,SELL,MARKET,13.0,587.32,13.0,587.32,
2025-11-21 09:23:00+00:00,RISK_PASS,55eb57a3-23f2-4a01-a72e-cf0d70b18c16,BUY,MARKET,17,585.68,0,0.0,All risk checks passed
2025-11-21 09:23:00+00:00,FILLED,55eb57a3-23f2-4a01-a72e-cf0d70b18c16,BUY,MARKET,17,585.68,17,585.68,
2025-11-21 09:24:00+00:00,RISK_PASS,4c79e8ee-49bc-4a83-8c20-0dece77822c5,SELL,MARKET,17.0,585.04,0,0.0,All risk checks passed
2025-11-21 09:24:00+00:00,FILLED,4c79e8ee-49bc-4a83-8c20-0dece77822c5,SELL,MARKET,17.0,585.04,17.0,585.04,
2025-11-21 09:25:00+00:00,RISK_PASS,cde45d4b-3343-4707-a782-1b9e322b0679,BUY,MARKET,17,585.5,0,0.0,All risk checks passed
2025-11-21 09:25:00+00:00,REJECTED,cde45d4b-3343-4707-a782-1b9e322b0679,BUY,MARKET,17,585.5,0,0.0,Random engine rejection
2025-11-21 09:28:00+00:00,RISK_PASS,dd5e29a4-25a1-4373-a277-7e6b34a127b0,BUY,MARKET,17,585.56,0,0.0,All risk checks passed
2025-11-21 09:28:00+00:00,FILLED,dd5e29a4-25a1-4373-a277-7e6b34a127b0,BUY,MARKET,17,585.56,17,585.56,
2025-11-21 09:29:00+00:00,RISK_PASS,e80db77c-9c23-499e-b561-e6b20183784f,SELL,MARKET,17.0,585.5,0,0.0,All risk checks passed
2025-11-21 09:29:00+00:00,FILLED,e80db77c-9c23-499e-b561-e6b20183784f,SELL,MARKET,17.0,585.5,17.0,585.5,
2025-11-21 09:30:00+00:00,RISK_PASS,6e0941fc-44aa-4bc3-8092-968cb05e9c93,BUY,MARKET,17,585.55,0,0.0,All risk checks passed
2025-11-21 09:30:00+00:00,FILLED,6e0941fc-44aa-4bc3-8092-968cb05e9c93,BUY,MARKET,17,585.55,17,585.55,
2025-11-21 09:31:00+00:00,RISK_PASS,f8c02f21-9a9b-42cd-a3d9-b6216c2d0f70,SELL,MARKET,17.0,585.68,0,0.0,All risk checks passed
2025-11-21 09:31:00+00:00,FILLED,f8c02f21-9a9b-42cd-a3d9-b6216c2d0f70,SELL,MARKET,17.0,585.68,17.0,585.68,
2025-11-21 09:32:00+00:00,RISK_PASS,57adfe56-d867-45a6-b9f7-e76426c5e716,BUY,MARKET,17,585.13,0,0.0,All risk checks passed
2025-11-21 09:32:00+00:00,FILLED,57adfe56-d867-45a6-b9f7-e76426c5e716,BUY,MARKET,17,585.13,17,585.13,
2025-11-21 09:33:00+00:00,RISK_PASS,912d61ad-9cb0-4570-8f35-3271c1ef80a3,SELL,MARKET,17.0,585.07,0,0.0,All risk checks passed
2025-11-21 09:33:00+00:00,FILLED,912d61ad-9cb0-4570-8f35-3271c1ef80a3,SELL,MARKET,17.0,585.07,17.0,585.07,
2025-11-21 10:01:00+00:00,RISK_PASS,07c8e3c5-f716-4380-8412-f76cdb356b4f,BUY,MARKET,17,583.55,0,0.0,All risk checks passed
2025-11-21 10:01:00+00:00,FILLED,07c8e3c5-f716-4380-8412-f76cdb356b4f,BUY,MARKET,17,583.55,17,583.55,
2025-11-21 10:02:00+00:00,RISK_PASS,41b6dfea-49cd-49f9-a997-1279a3c77153,SELL,MARKET,17.0,583.0,0,0.0,All risk checks passed
2025-11-21 10:02:00+00:00,FILLED,41b6dfea-49cd-49f9-a997-1279a3c77153,SELL,MARKET,17.0,583.0,17.0,583.0,
2025-11-21 10:03:00+00:00,RISK_PASS,3d573ac4-632e-4fe9-8918-dbb9fd78faf2,BUY,MARKET,17,581.01,0,0.0,All risk checks passed
2025-11-21 10:03:00+00:00,FILLED,3d573ac4-632e-4fe9-8918-dbb9fd78faf2,BUY,MARKET,17,581.01,17,581.01,
2025-11-21 10:04:00+00:00,RISK_PASS,6dab80fa-0912-40c1-883a-e29726c2594b,SELL,MARKET,17.0,580.64,0,0.0,All risk checks passed
2025-11-21 10:04:00+00:00,FILLED,6dab80fa-0912-40c1-883a-e29726c2594b,SELL,MARKET,17.0,580.64,17.0,580.64,
2025-11-21 10:05:00+00:00,RISK_PASS,d07878f1-f3fa-47d1-8f4d-53cb0176f8ee,BUY,MARKET,17,580.44,0,0.0,All risk checks passed
2025-11-21 10:05:00+00:00,FILLED,d07878f1-f3fa-47d1-8f4d-53cb0176f8ee,BUY,MARKET,17,580.44,5,580.44,
2025-11-21 10:06:00+00:00,RISK_PASS,891c9e8a-d8c3-40d0-b83b-5e46c17020e6,BUY,MARKET,12,580.5,0,0.0,All risk checks passed
2025-11-21 10:06:00+00:00,RISK_PASS,e497f3cd-fcb2-477f-92fd-2dc4b9c9c308,SELL,MARKET,5.0,580.5,0,0.0,All risk checks passed
2025-11-21 10:06:00+00:00,FILLED,891c9e8a-d8c3-40d0-b83b-5e46c17020e6,BUY,MARKET,12,580.5,12,580.5,
2025-11-21 10:06:00+00:00,REJECTED,e497f3cd-fcb2-477f-92fd-2dc4b9c9c308,SELL,MARKET,5.0,580.5,0,0.0,Random engine rejection
2025-11-21 10:07:00+00:00,RISK_PASS,2f964628-1147-40ac-8348-2aec82372637,SELL,MARKET,17.0,580.55,0,0.0,All risk checks passed
2025-11-21 10:07:00+00:00,FILLED,2f964628-1147-40ac-8348-2aec82372637,SELL,MARKET,17.0,580.55,17.0,580.55,
2025-11-21 10:08:00+00:00,RISK_PASS,a4cf7fff-253d-4314-a9c8-f635733f96d5,BUY,MARKET,17,580.52,0,0.0,All risk checks passed
2025-11-21 10:08:00+00:00,FILLED,a4cf7fff-253d-4314-a9c8-f635733f96d5,BUY,MARKET,17,580.52,17,580.52,
2025-11-21 10:09:00+00:00,RISK_PASS,c3cc7fe7-ca9d-4c2a-af2d-3c76c263e4cc,SELL,MARKET,17.0,580.53,0,0.0,All risk checks passed
2025-11-21 10:09:00+00:00,FILLED,c3cc7fe7-ca9d-4c2a-af2d-3c76c263e4cc,SELL,MARKET,17.0,580.53,17.0,580.53,
2025-11-21 10:10:00+00:00,RISK_PASS,5b7d1d10-bdb7-47f4-bf60-051524c86639,BUY,MARKET,17,581.15,0,0.0,All risk checks passed
2025-11-21 10:10:00+00:00,FILLED,5b7d1d10-bdb7-47f4-bf60-051524c86639,BUY,MARKET,17,581.15,17,581.15,
2025-11-21 10:11:00+00:00,RISK_PASS,57206895-8b4d-43ed-9704-791d6cbdd20a,SELL,MARKET,17.0,582.19,0,0.0,All risk checks passed
2025-11-21 10:11:00+00:00,FILLED,57206895-8b4d-43ed-9704-791d6cbdd20a,SELL,MARKET,17.0,582.19,17.0,582.19,
2025-11-21 10:36:00+00:00,RISK_PASS,e7a7df1d-5e57-40d5-b419-484fc2c7300e,BUY,MARKET,13,585.0,0,0.0,All risk checks passed
2025-11-21 10:36:00+00:00,FILLED,e7a7df1d-5e57-40d5-b419-484fc2c7300e,BUY,MARKET,13,585.0,13,585.0,
2025-11-21 10:37:00+00:00,RISK_PASS,06b65270-d738-4682-bfec-ad475879d14c,SELL,MARKET,13.0,585.55,0,0.0,All risk checks passed
2025-11-21 10:37:00+00:00,FILLED,06b65270-d738-4682-bfec-ad475879d14c,SELL,MARKET,13.0,585.55,13.0,585.55,
2025-11-21 10:38:00+00:00,RISK_PASS,4e12b108-9fb5-4558-a96e-5f28c67756c2,BUY,MARKET,13,586.4,0,0.0,All risk checks passed
2025-11-21 10:38:00+00:00,FILLED,4e12b108-9fb5-4558-a96e-5f28c67756c2,BUY,MARKET,13,586.4,8,586.4,
2025-11-21 10:39:00+00:00,RISK_PASS,32795075-2705-4731-b671-c7089d95fb8d,BUY,MARKET,5,586.0,0,0.0,All risk checks passed
2025-11-21 10:39:00+00:00,RISK_PASS,ab44594f-8230-49a4-80dc-03ec609bc180,SELL,MARKET,8.0,586.0,0,0.0,All risk checks passed
2025-11-21 10:39:00+00:00,FILLED,32795075-2705-4731-b671-c7089d95fb8d,BUY,MARKET,5,586.0,5,586.0,
2025-11-21 10:39:00+00:00,FILLED,ab44594f-8230-49a4-80dc-03ec609bc180,SELL,MARKET,8.0,586.0,8.0,586.0,
2025-11-21 10:40:00+00:00,RISK_PASS,32ca8880-52fe-4db4-b98b-474533436871,BUY,MARKET,8,586.0,0,0.0,All risk checks passed
2025-11-21 10:40:00+00:00,RISK_PASS,13182489-9798-4a3b-8bbf-f2c46ca6fa82,SELL,MARKET,5.0,586.0,0,0.0,All risk checks passed
2025-11-21 10:40:00+00:00,FILLED,32ca8880-52fe-4db4-b98b-474533436871,BUY,MARKET,8,586.0,8,586.0,
2025-11-21 10:40:00+00:00,FILLED,13182489-9798-4a3b-8bbf-f2c46ca6fa82,SELL,MARKET,5.0,586.0,5.0,586.0,
2025-11-21 10:41:00+00:00,RISK_PASS,4c3fe17b-da05-4727-9c07-698708f3b82c,BUY,MARKET,5,585.9,0,0.0,All risk checks passed
2025-11-21 10:41:00+00:00,RISK_PASS,81b47869-8ffd-40cb-98d5-87e32a1ac108,SELL,MARKET,8.0,585.9,0,0.0,All risk checks passed
2025-11-21 10:41:00+00:00,FILLED,4c3fe17b-da05-4727-9c07-698708f3b82c,BUY,MARKET,5,585.9,5,585.9,
2025-11-21 10:41:00+00:00,FILLED,81b47869-8ffd-40cb-98d5-87e32a1ac108,SELL,MARKET,8.0,585.9,8.0,585.9,
2025-11-21 10:42:00+00:00,RISK_PASS,519e0656-0449-40aa-b9ae-dd93d8ce513c,BUY,MARKET,8,585.32,0,0.0,All risk checks passed
2025-11-21 10:42:00+00:00,FILLED,519e0656-0449-40aa-b9ae-dd93d8ce513c,BUY,MARKET,8,585.32,8,585.32,
2025-11-21 10:43:00+00:00,RISK_PASS,94a5ca36-c664-41e1-aa7d-f575bd467e85,SELL,MARKET,13.0,585.58,0,0.0,All risk checks passed
2025-11-21 10:43:00+00:00,FILLED,94a5ca36-c664-41e1-aa7d-f575bd467e85,SELL,MARKET,13.0,585.58,13.0,585.58,
2025-11-21 10:44:00+00:00,RISK_PASS,2d9c86ee-3706-4a56-a1a3-a05564dab6ca,BUY,MARKET,13,585.34,0,0.0,All risk checks passed
2025-11-21 10:44:00+00:00,FILLED,2d9c86ee-3706-4a56-a1a3-a05564dab6ca,BUY,MARKET,13,585.34,13,585.34,
2025-11-21 10:45:00+00:00,RISK_PASS,b685de3e-c7b7-474d-a5f5-f9d30304cff7,SELL,MARKET,13.0,586.19,0,0.0,All risk checks passed
2025-11-21 10:45:00+00:00,FILLED,b685de3e-c7b7-474d-a5f5-f9d30304cff7,SELL,MARKET,13.0,586.19,13.0,586.19,
2025-11-21 10:46:00+00:00,RISK_PASS,b7041673-e9fd-40c0-99f9-75666d71ba7d,BUY,MARKET,13,586.37,0,0.0,All risk checks passed
2025-11-21 10:46:00+00:00,FILLED,b7041673-e9fd-40c0-99f9-75666d71ba7d,BUY,MARKET,13,586.37,13,586.37,
2025-11-21 11:13:00+00:00,RISK_PASS,60105163-98bf-4ad5-911e-496eb592cf66,BUY,MARKET,7,587.71,0,0.0,All risk checks passed
2025-11-21 11:13:00+00:00,FILLED,60105163-98bf-4ad5-911e-496eb592cf66,BUY,MARKET,7,587.71,7,587.71,
2025-11-21 11:41:00+00:00,RISK_PASS,c2b21907-91b3-422e-b929-e1e4f099f10e,SELL,MARKET,20.0,585.05,0,0.0,All risk checks passed
2025-11-21 11:41:00+00:00,FILLED,c2b21907-91b3-422e-b929-e1e4f099f10e,SELL,MARKET,20.0,585.05,20.0,585.05,
2025-11-21 11:47:00+00:00,RISK_PASS,50e3b0e2-f214-4f7b-b09a-811cf3d85aef,BUY,MARKET,17,584.94,0,0.0,All risk checks passed
2025-11-21 11:47:00+00:00,FILLED,50e3b0e2-f214-4f7b-b09a-811cf3d85aef,BUY,MARKET,17,584.94,17,584.94,
2025-11-21 11:49:00+00:00,RISK_PASS,34ec4b49-04d6-4764-a9cc-effbd158abe9,SELL,MARKET,17.0,585.0,0,0.0,All risk checks passed
2025-11-21 11:49:00+00:00,FILLED,34ec4b49-04d6-4764-a9cc-effbd158abe9,SELL,MARKET,17.0,585.0,17.0,585.0,
2025-11-21 11:53:00+00:00,RISK_PASS,3c0b2487-0b1a-46d8-94d2-769497719a1a,BUY,MARKET,17,584.02,0,0.0,All risk checks passed
2025-11-21 11:53:00+00:00,FILLED,3c0b2487-0b1a-46d8-94d2-769497719a1a,BUY,MARKET,17,584.02,8,584.02,
2025-11-21 11:54:00+00:00,RISK_PASS,7aff1f43-7ec1-4bc2-9019-7fe762ec9152,SELL,MARKET,8.0,584.48,0,0.0,All risk checks passed
2025-11-21 11:54:00+00:00,FILLED,7aff1f43-7ec1-4bc2-9019-7fe762ec9152,SELL,MARKET,8.0,584.48,8.0,584.48,
2025-11-21 12:35:00+00:00,RISK_PASS,d2383b96-fe6a-4986-bdf6-70597ddff256,BUY,MARKET,13,587.1,0,0.0,All risk checks passed
2025-11-21 12:35:00+00:00,FILLED,d2383b96-fe6a-4986-bdf6-70597ddff256,BUY,MARKET,13,587.1,13,587.1,
2025-11-21 12:43:00+00:00,RISK_PASS,5213648a-1881-46dd-9216-9c613ab19202,SELL,MARKET,13.0,587.5,0,0.0,All risk checks passed
2025-11-21 12:43:00+00:00,FILLED,5213648a-1881-46dd-9216-9c613ab19202,SELL,MARKET,13.0,587.5,13.0,587.5,
2025-11-21 12:44:00+00:00,RISK_PASS,0fd995bb-9724-406b-9446-410cc8b90ca7,BUY,MARKET,13,587.0,0,0.0,All risk checks passed
2025-11-21 12:44:00+00:00,FILLED,0fd995bb-9724-406b-9446-410cc8b90ca7,BUY,MARKET,13,587.0,13,587.0,
2025-11-21 12:47:00+00:00,RISK_PASS,432dce17-72b5-4b46-b468-285cc725a221,SELL,MARKET,13.0,589.55,0,0.0,All risk checks passed
2025-11-21 12:47:00+00:00,FILLED,432dce17-72b5-4b46-b468-285cc725a221,SELL,MARKET,13.0,589.55,13.0,589.55,
2025-11-21 12:48:00+00:00,RISK_PASS,6200b42b-b88d-44f5-ae73-e0fb39a55145,BUY,MARKET,13,587.91,0,0.0,All risk checks passed
2025-11-21 12:48:00+00:00,FILLED,6200b42b-b88d-44f5-ae73-e0fb39a55145,BUY,MARKET,13,587.91,13,587.91,
2025-11-21 12:54:00+00:00,RISK_PASS,612025c4-e59d-453c-a2d7-50e374491e95,SELL,MARKET,13.0,590.26,0,0.0,All risk checks passed
2025-11-21 12:54:00+00:00,FILLED,612025c4-e59d-453c-a2d7-50e374491e95,SELL,MARKET,13.0,590.26,13.0,590.26,
2025-11-21 12:55:00+00:00,RISK_PASS,68818b72-42f1-4315-8e2b-3700d4aa9e76,BUY,MARKET,13,590.1,0,0.0,All risk checks passed
2025-11-21 12:55:00+00:00,FILLED,68818b72-42f1-4315-8e2b-3700d4aa9e76,BUY,MARKET,13,590.1,13,590.1,
2025-11-21 13:14:00+00:00,RISK_PASS,b5af7223-c6d4-4823-8ac6-9f9101c2ec08,BUY,MARKET,7,589.99,0,0.0,All risk checks passed
2025-11-21 13:14:00+00:00,FILLED,b5af7223-c6d4-4823-8ac6-9f9101c2ec08,BUY,MARKET,7,589.99,7,589.99,
2025-11-21 13:19:00+00:00,RISK_PASS,9f67923c-9eff-4c2b-9e58-75f4b2753643,SELL,MARKET,20.0,590.9,0,0.0,All risk checks passed
2025-11-21 13:19:00+00:00,FILLED,9f67923c-9eff-4c2b-9e58-75f4b2753643,SELL,MARKET,20.0,590.9,20.0,590.9,
2025-11-21 13:20:00+00:00,RISK_PASS,70d6786c-f6fb-464b-a633-f483eeccc789,BUY,MARKET,20,591.8,0,0.0,All risk checks passed
2025-11-21 13:20:00+00:00,FILLED,70d6786c-f6fb-464b-a633-f483eeccc789,BUY,MARKET,20,591.8,15,591.8,
2025-11-21 13:21:00+00:00,RISK_PASS,e2061c42-1341-4a3f-a4c9-1ae6e5f6ca31,BUY,MARKET,5,591.48,0,0.0,All risk checks passed
2025-11-21 13:21:00+00:00,RISK_PASS,fe777cda-c198-409c-a063-3718b16557b2,SELL,MARKET,15.0,591.48,0,0.0,All risk checks passed
2025-11-21 13:21:00+00:00,FILLED,e2061c42-1341-4a3f-a4c9-1ae6e5f6ca31,BUY,MARKET,5,591.48,5,591.48,
2025-11-21 13:21:00+00:00,FILLED,fe777cda-c198-409c-a063-3718b16557b2,SELL,MARKET,15.0,591.48,15.0,591.48,
2025-11-21 13:22:00+00:00,RISK_PASS,45686e38-5e17-4ea8-9119-713f890f636e,BUY,MARKET,15,591.15,0,0.0,All risk checks passed
2025-11-21 13:22:00+00:00,FILLED,45686e38-5e17-4ea8-9119-713f890f636e,BUY,MARKET,15,591.15,15,591.15,
2025-11-21 13:52:00+00:00,RISK_PASS,aad86cd0-a56c-4b99-b794-bc9aa975874e,SELL,MARKET,20.0,589.5,0,0.0,All risk checks passed
2025-11-21 13:52:00+00:00,FILLED,aad86cd0-a56c-4b99-b794-bc9aa975874e,SELL,MARKET,20.0,589.5,20.0,589.5,
2025-11-21 14:01:00+00:00,RISK_PASS,1fbbbda2-1334-402a-b8b5-00d59ad9cd24,BUY,MARKET,16,589.01,0,0.0,All risk checks passed
2025-11-21 14:01:00+00:00,FILLED,1fbbbda2-1334-402a-b8b5-00d59ad9cd24,BUY,MARKET,16,589.01,16,589.01,
2025-11-21 14:02:00+00:00,RISK_PASS,292efc0a-e606-438e-91ca-baef9f2295c7,SELL,MARKET,16.0,589.6,0,0.0,All risk checks passed
2025-11-21 14:02:00+00:00,FILLED,292efc0a-e606-438e-91ca-baef9f2295c7,SELL,MARKET,16.0,589.6,2,589.6,
2025-11-21 14:03:00+00:00,RISK_PASS,67d81c22-1030-4cf9-9b8c-7e0d6d93c5d1,SELL,MARKET,14.0,589.29,0,0.0,All risk checks passed
2025-11-21 14:03:00+00:00,FILLED,67d81c22-1030-4cf9-9b8c-7e0d6d93c5d1,SELL,MARKET,14.0,589.29,14.0,589.29,
2025-11-21 14:16:00+00:00,RISK_PASS,021300f9-060c-4a1f-8f1b-95f9c04f133d,BUY,MARKET,13,590.0,0,0.0,All risk checks passed
2025-11-21 14:16:00+00:00,FILLED,021300f9-060c-4a1f-8f1b-95f9c04f133d,BUY,MARKET,13,590.0,13,590.0,
2025-11-21 14:21:00+00:00,RISK_PASS,6f58dfaa-530e-4b15-914a-76696dff9ab9,SELL,MARKET,13.0,588.88,0,0.0,All risk checks passed
2025-11-21 14:21:00+00:00,FILLED,6f58dfaa-530e-4b15-914a-76696dff9ab9,SELL,MARKET,13.0,588.88,13.0,588.88,
2025-11-21 14:27:00+00:00,RISK_PASS,6ee335d9-d609-42b9-8385-0a5dbf0d4bd5,BUY,MARKET,16,588.16,0,0.0,All risk checks passed
2025-11-21 14:27:00+00:00,FILLED,6ee335d9-d609-42b9-8385-0a5dbf0d4bd5,BUY,MARKET,16,588.16,16,588.16,
2025-11-21 14:28:00+00:00,RISK_PASS,eaf87bf3-538c-4927-9a31-9bb9763f2103,SELL,MARKET,16.0,588.74,0,0.0,All risk checks passed
2025-11-21 14:28:00+00:00,FILLED,eaf87bf3-538c-4927-9a31-9bb9763f2103,SELL,MARKET,16.0,588.74,16.0,588.74,
2025-11-21 14:33:00+00:00,RISK_PASS,e60d0803-c631-4d5c-b2cc-48dc5b758ec9,BUY,MARKET,13,591.6,0,0.0,All risk checks passed
2025-11-21 14:33:00+00:00,FILLED,e60d0803-c631-4d5c-b2cc-48dc5b758ec9,BUY,MARKET,13,591.6,13,591.6,
2025-11-21 14:34:00+00:00,RISK_PASS,b4cbe079-27c0-4c86-9dc1-4b7d56bc71f9,SELL,MARKET,13.0,592.74,0,0.0,All risk checks passed
2025-11-21 14:34:00+00:00,FILLED,b4cbe079-27c0-4c86-9dc1-4b7d56bc71f9,SELL,MARKET,13.0,592.74,13.0,592.74,
2025-11-21 14:35:00+00:00,RISK_PASS,8b0cd766-3ce1-4ee6-843a-d24e1c7b5a37,BUY,MARKET,13,593.0,0,0.0,All risk checks passed
2025-11-21 14:35:00+00:00,FILLED,8b0cd766-3ce1-4ee6-843a-d24e1c7b5a37,BUY,MARKET,13,593.0,13,593.0,
2025-11-21 14:36:00+00:00,RISK_PASS,e7e2cb0b-98d7-45ff-bbd8-0c059d734530,SELL,MARKET,13.0,595.203,0,0.0,All risk checks passed
2025-11-21 14:36:00+00:00,FILLED,e7e2cb0b-98d7-45ff-bbd8-0c059d734530,SELL,MARKET,13.0,595.203,13.0,595.203,
2025-11-21 14:37:00+00:00,RISK_PASS,0692f667-543c-4072-b501-bb72a33595db,BUY,MARKET,13,595.33,0,0.0,All risk checks passed
2025-11-21 14:37:00+00:00,FILLED,0692f667-543c-4072-b501-bb72a33595db,BUY,MARKET,13,595.33,13,595.33,
2025-11-21 14:41:00+00:00,RISK_PASS,41c88f53-01f1-4878-bfde-d0cbdcff9b05,SELL,MARKET,13.0,594.6125,0,0.0,All risk checks passed
2025-11-21 14:41:00+00:00,FILLED,41c88f53-01f1-4878-bfde-d0cbdcff9b05,SELL,MARKET,13.0,594.6125,13.0,594.6125,
2025-11-21 14:42:00+00:00,RISK_PASS,04e6ba1c-764b-4004-93a5-7ae97bb1dc76,BUY,MARKET,13,594.485,0,0.0,All risk checks passed
2025-11-21 14:42:00+00:00,FILLED,04e6ba1c-764b-4004-93a5-7ae97bb1dc76,BUY,MARKET,13,594.485,13,594.485,
2025-11-21 14:43:00+00:00,RISK_PASS,9e5ad242-879e-4b8b-acb8-8a4f3860cbc9,SELL,MARKET,13.0,594.93,0,0.0,All risk checks passed
2025-11-21 14:43:00+00:00,FILLED,9e5ad242-879e-4b8b-acb8-8a4f3860cbc9,SELL,MARKET,13.0,594.93,13.0,594.93,
2025-11-21 14:44:00+00:00,RISK_PASS,6eae4f43-fbd2-4e35-9f82-a9d677f625ec,BUY,MARKET,13,594.2,0,0.0,All risk checks passed
2025-11-21 14:44:00+00:00,FILLED,6eae4f43-fbd2-4e35-9f82-a9d677f625ec,BUY,MARKET,13,594.2,13,594.2,
2025-11-21 14:56:00+00:00,RISK_PASS,4997161a-aed1-4ad5-8b32-15b1aa6beb1d,BUY,MARKET,7,589.64,0,0.0,All risk checks passed
2025-11-21 14:56:00+00:00,FILLED,4997161a-aed1-4ad5-8b32-15b1aa6beb1d,BUY,MARKET,7,589.64,7,589.64,
2025-11-21 14:58:00+00:00,RISK_PASS,e73f9592-eeab-474d-96e6-81294382b5f9,SELL,MARKET,20.0,589.34,0,0.0,All risk checks passed
2025-11-21 14:58:00+00:00,FILLED,e73f9592-eeab-474d-96e6-81294382b5f9,SELL,MARKET,20.0,589.34,20.0,589.34,
2025-11-21 15:01:00+00:00,RISK_PASS,e177cbb0-8281-458a-b69d-26693efc309b,BUY,MARKET,17,587.17,0,0.0,All risk checks passed
2025-11-21 15:01:00+00:00,FILLED,e177cbb0-8281-458a-b69d-26693efc309b,BUY,MARKET,17,587.17,12,587.17,
2025-11-21 15:02:00+00:00,RISK_PASS,b65eeaf1-dbcf-4b17-9db3-d7bb9e2053cd,BUY,MARKET,5,586.4701,0,0.0,All risk checks passed
2025-11-21 15:02:00+00:00,RISK_PASS,3b906104-05a2-401f-a278-3267bb9f46c0,SELL,MARKET,12.0,586.4701,0,0.0,All risk checks passed
2025-11-21 15:02:00+00:00,FILLED,b65eeaf1-dbcf-4b17-9db3-d7bb9e2053cd,BUY,MARKET,5,586.4701,5,586.4701,
2025-11-21 15:02:00+00:00,FILLED,3b906104-05a2-401f-a278-3267bb9f46c0,SELL,MARKET,12.0,586.4701,12.0,586.4701,
2025-11-21 15:03:00+00:00,RISK_PASS,b35bc5d7-f18a-4e42-a727-234ee2875e5e,BUY,MARKET,11,587.29,0,0.0,All risk checks passed
2025-11-21 15:03:00+00:00,RISK_PASS,a99f18f4-3733-42ab-bf4b-e55cbdfe09d4,SELL,MARKET,5.0,587.29,0,0.0,All risk checks passed
2025-11-21 15:03:00+00:00,FILLED,b35bc5d7-f18a-4e42-a727-234ee2875e5e,BUY,MARKET,11,587.29,11,587.29,
2025-11-21 15:03:00+00:00,REJECTED,a99f18f4-3733-42ab-bf4b-e55cbdfe09d4,SELL,MARKET,5.0,587.29,0,0.0,Random engine rejection
2025-11-21 15:04:00+00:00,RISK_PASS,409a8ebc-5a9f-46f8-ac7c-cf3dc0044e47,SELL,MARKET,16.0,587.33,0,0.0,All risk checks passed
2025-11-21 15:04:00+00:00,FILLED,409a8ebc-5a9f-46f8-ac7c-cf3dc0044e47,SELL,MARKET,16.0,587.33,16.0,587.33,
2025-11-21 15:08:00+00:00,RISK_PASS,9f944d06-f455-4bfd-b790-4b809a4038e7,BUY,MARKET,16,587.545,0,0.0,All risk checks passed
2025-11-21 15:08:00+00:00,FILLED,9f944d06-f455-4bfd-b790-4b809a4038e7,BUY,MARKET,16,587.545,16,587.545,
2025-11-21 15:09:00+00:00,RISK_PASS,d191add1-25a3-4e9a-b25a-67f47b05be66,SELL,MARKET,16.0,587.61,0,0.0,All risk checks passed
2025-11-21 15:09:00+00:00,REJECTED,d191add1-25a3-4e9a-b25a-67f47b05be66,SELL,MARKET,16.0,587.61,0,0.0,Random engine rejection
2025-11-21 15:10:00+00:00,RISK_PASS,84c3a36c-ab67-49e1-a33a-fe17f8815dd5,SELL,MARKET,16.0,586.69,0,0.0,All risk checks passed
2025-11-21 15:10:00+00:00,FILLED,84c3a36c-ab67-49e1-a33a-fe17f8815dd5,SELL,MARKET,16.0,586.69,16.0,586.69,
2025-11-21 15:36:00+00:00,RISK_PASS,f8c31787-57b6-4994-8ee1-202eff0f43f8,BUY,MARKET,17,583.79,0,0.0,All risk checks passed
2025-11-21 15:36:00+00:00,FILLED,f8c31787-57b6-4994-8ee1-202eff0f43f8,BUY,MARKET,17,583.79,17,583.79,
2025-11-21 15:37:00+00:00,RISK_PASS,3f88192a-4842-4c9c-9ae5-4ddeb8c8c3c9,SELL,MARKET,17.0,582.95,0,0.0,All risk checks passed
2025-11-21 15:37:00+00:00,FILLED,3f88192a-4842-4c9c-9ae5-4ddeb8c8c3c9,SELL,MARKET,17.0,582.95,17.0,582.95,
2025-11-21 15:38:00+00:00,RISK_PASS,e872e560-3308-434d-8478-2e5363c553e5,BUY,MARKET,17,583.085,0,0.0,All risk checks passed
2025-11-21 15:38:00+00:00,FILLED,e872e560-3308-434d-8478-2e5363c553e5,BUY,MARKET,17,583.085,3,583.085,
2025-11-21 15:39:00+00:00,RISK_PASS,04236b3a-c4fd-47c8-8d99-d11ba1c3c6ae,BUY,MARKET,14,583.42,0,0.0,All risk checks passed
2025-11-21 15:39:00+00:00,RISK_PASS,a9f85a67-dedc-4b6e-b068-633c2e5adc32,SELL,MARKET,3.0,583.42,0,0.0,All risk checks passed
2025-11-21 15:39:00+00:00,FILLED,04236b3a-c4fd-47c8-8d99-d11ba1c3c6ae,BUY,MARKET,14,583.42,14,583.42,
2025-11-21 15:39:00+00:00,FILLED,a9f85a67-dedc-4b6e-b068-633c2e5adc32,SELL,MARKET,3.0,583.42,3.0,583.42,
2025-11-21 15:40:00+00:00,RISK_PASS,ab629b24-cf57-4120-ae98-2507cbade6ee,BUY,MARKET,3,582.37,0,0.0,All risk checks passed
2025-11-21 15:40:00+00:00,RISK_PASS,429e3de1-31e5-43c9-a0c8-0f5999c7784a,SELL,MARKET,14.0,582.37,0,0.0,All risk checks passed
2025-11-21 15:40:00+00:00,FILLED,ab629b24-cf57-4120-ae98-2507cbade6ee,BUY,MARKET,3,582.37,3,582.37,
2025-11-21 15:40:00+00:00,FILLED,429e3de1-31e5-43c9-a0c8-0f5999c7784a,SELL,MARKET,14.0,582.37,14.0,582.37,
2025-11-21 15:41:00+00:00,RISK_PASS,6cd05d96-4f01-421e-b158-7d15421e8964,SELL,MARKET,3.0,582.7699,0,0.0,All risk checks passed
2025-11-21 15:41:00+00:00,FILLED,6cd05d96-4f01-421e-b158-7d15421e8964,SELL,MARKET,3.0,582.7699,3.0,582.7699,
2025-11-21 15:52:00+00:00,RISK_PASS,ffc74b67-599e-4058-a00f-a4fedbf636d9,BUY,MARKET,13,585.73,0,0.0,All risk checks passed
2025-11-21 15:52:00+00:00,FILLED,ffc74b67-599e-4058-a00f-a4fedbf636d9,BUY,MARKET,13,585.73,8,585.73,
2025-11-21 15:53:00+00:00,RISK_PASS,19b3a87f-5124-431a-b0d2-7cad7f9121b7,BUY,MARKET,5,585.755,0,0.0,All risk checks passed
2025-11-21 15:53:00+00:00,FILLED,19b3a87f-5124-431a-b0d2-7cad7f9121b7,BUY,MARKET,5,585.755,5,585.755,
2025-11-21 15:54:00+00:00,RISK_PASS,ecbf743d-71e7-44cf-b0b8-af239161f47e,SELL,MARKET,13.0,586.19,0,0.0,All risk checks passed
2025-11-21 15:54:00+00:00,FILLED,ecbf743d-71e7-44cf-b0b8-af239161f47e,SELL,MARKET,13.0,586.19,4,586.19,
2025-11-21 15:55:00+00:00,RISK_PASS,49f0d092-d991-44ce-8c64-57156dd12739,BUY,MARKET,4,585.575,0,0.0,All risk checks passed
2025-11-21 15:55:00+00:00,RISK_PASS,e6af8d92-ae0e-4823-90fa-ac5904270c18,SELL,MARKET,9.0,585.575,0,0.0,All risk checks passed
2025-11-21 15:55:00+00:00,FILLED,49f0d092-d991-44ce-8c64-57156dd12739,BUY,MARKET,4,585.575,4,585.575,
2025-11-21 15:55:00+00:00,FILLED,e6af8d92-ae0e-4823-90fa-ac5904270c18,SELL,MARKET,9.0,585.575,9.0,585.575,
2025-11-21 15:56:00+00:00,RISK_PASS,751619aa-f0fb-445d-a1d9-c85b2deed3f7,BUY,MARKET,9,585.2,0,0.0,All risk checks passed
2025-11-21 15:56:00+00:00,FILLED,751619aa-f0fb-445d-a1d9-c85b2deed3f7,BUY,MARKET,9,585.2,9,585.2,
2025-11-21 15:58:00+00:00,RISK_PASS,cc283698-0211-4e63-aca0-4aee5f4293cb,SELL,MARKET,13.0,583.87,0,0.0,All risk checks passed
2025-11-21 15:58:00+00:00,FILLED,cc283698-0211-4e63-aca0-4aee5f4293cb,SELL,MARKET,13.0,583.87,13.0,583.87,
2025-11-21 15:59:00+00:00,RISK_PASS,771951df-0a40-4efa-bb0e-f650cbd44d12,BUY,MARKET,17,583.21,0,0.0,All risk checks passed
2025-11-21 15:59:00+00:00,FILLED,771951df-0a40-4efa-bb0e-f650cbd44d12,BUY,MARKET,17,583.21,17,583.21,
2025-11-21 16:00:00+00:00,RISK_PASS,16204dbf-5070-4f05-b545-ec643a25fece,SELL,MARKET,17.0,584.2675,0,0.0,All risk checks passed
2025-11-21 16:00:00+00:00,FILLED,16204dbf-5070-4f05-b545-ec643a25fece,SELL,MARKET,17.0,584.2675,17.0,584.2675,
2025-11-21 16:01:00+00:00,RISK_PASS,93d5c53e-3e66-4d2c-b009-f52c16e53cad,BUY,MARKET,17,584.045,0,0.0,All risk checks passed
2025-11-21 16:01:00+00:00,FILLED,93d5c53e-3e66-4d2c-b009-f52c16e53cad,BUY,MARKET,17,584.045,17,584.045,
2025-11-21 16:02:00+00:00,RISK_PASS,0464c864-3e5b-4756-a42c-104df7f98cc8,SELL,MARKET,17.0,583.64,0,0.0,All risk checks passed
2025-11-21 16:02:00+00:00,REJECTED,0464c864-3e5b-4756-a42c-104df7f98cc8,SELL,MARKET,17.0,583.64,0,0.0,Random engine rejection
2025-11-21 16:03:00+00:00,RISK_PASS,73605d41-c75f-43fb-8d3b-5206a6b9ce51,SELL,MARKET,17.0,583.912,0,0.0,All risk checks passed
2025-11-21 16:03:00+00:00,FILLED,73605d41-c75f-43fb-8d3b-5206a6b9ce51,SELL,MARKET,17.0,583.912,17.0,583.912,
2025-11-21 16:04:00+00:00,RISK_PASS,81d663d8-e598-488d-9f52-555daef183d0,BUY,MARKET,17,583.0251,0,0.0,All risk checks passed
2025-11-21 16:04:00+00:00,FILLED,81d663d8-e598-488d-9f52-555daef183d0,BUY,MARKET,17,583.0251,8,583.0251,
2025-11-21 16:05:00+00:00,RISK_PASS,489bc2ac-0f05-4a33-9789-cf545e90fed5,BUY,MARKET,9,582.1678,0,0.0,All risk checks passed
2025-11-21 16:05:00+00:00,RISK_PASS,6899999c-e5a3-4ef8-8ded-55599b99f2a9,SELL,MARKET,8.0,582.1678,0,0.0,All risk checks passed
2025-11-21 16:05:00+00:00,FILLED,489bc2ac-0f05-4a33-9789-cf545e90fed5,BUY,MARKET,9,582.1678,4,582.1678,
2025-11-21 16:05:00+00:00,FILLED,6899999c-e5a3-4ef8-8ded-55599b99f2a9,SELL,MARKET,8.0,582.1678,8.0,582.1678,
2025-11-21 16:06:00+00:00,RISK_PASS,0815657d-6b56-4abf-938d-2def2dda755e,SELL,MARKET,4.0,583.045,0,0.0,All risk checks passed
2025-11-21 16:06:00+00:00,FILLED,0815657d-6b56-4abf-938d-2def2dda755e,SELL,MARKET,4.0,583.045,4.0,583.045,
2025-11-21 16:25:00+00:00,RISK_PASS,19e95e0f-e44d-4823-b561-47f967e5a640,BUY,MARKET,13,586.67,0,0.0,All risk checks passed
2025-11-21 16:25:00+00:00,FILLED,19e95e0f-e44d-4823-b561-47f967e5a640,BUY,MARKET,13,586.67,13,586.67,
2025-11-21 16:29:00+00:00,RISK_PASS,441103a1-e72c-4304-8f05-6d7239d1d136,SELL,MARKET,13.0,587.7427,0,0.0,All risk checks passed
2025-11-21 16:29:00+00:00,FILLED,441103a1-e72c-4304-8f05-6d7239d1d136,SELL,MARKET,13.0,587.7427,13.0,587.7427,
2025-11-21 16:30:00+00:00,RISK_PASS,694a49da-a312-45c5-b77e-c50a510f4f03,BUY,MARKET,13,587.8755,0,0.0,All risk checks passed
2025-11-21 16:30:00+00:00,REJECTED,694a49da-a312-45c5-b77e-c50a510f4f03,BUY,MARKET,13,587.8755,0,0.0,Random engine rejection
2025-11-21 16:31:00+00:00,RISK_PASS,0252ff72-d0c5-4d0c-ae92-4143662bc2ab,BUY,MARKET,13,586.72,0,0.0,All risk checks passed
2025-11-21 16:31:00+00:00,FILLED,0252ff72-d0c5-4d0c-ae92-4143662bc2ab,BUY,MARKET,13,586.72,13,586.72,
2025-11-21 16:32:00+00:00,RISK_PASS,30e8d59d-f3f3-47b2-99d9-0cce4bdfe9cc,SELL,MARKET,13.0,587.3,0,0.0,All risk checks passed
2025-11-21 16:32:00+00:00,FILLED,30e8d59d-f3f3-47b2-99d9-0cce4bdfe9cc,SELL,MARKET,13.0,587.3,13.0,587.3,
2025-11-21 16:33:00+00:00,RISK_PASS,f48792e3-85db-4624-bb7a-8c454f2bd0d2,BUY,MARKET,13,587.51,0,0.0,All risk checks passed
2025-11-21 16:33:00+00:00,FILLED,f48792e3-85db-4624-bb7a-8c454f2bd0d2,BUY,MARKET,13,587.51,13,587.51,
2025-11-21 16:34:00+00:00,RISK_PASS,d0faf049-1b15-4367-8db7-0ccfcce3743d,SELL,MARKET,13.0,586.69,0,0.0,All risk checks passed
2025-11-21 16:34:00+00:00,FILLED,d0faf049-1b15-4367-8db7-0ccfcce3743d,SELL,MARKET,13.0,586.69,13.0,586.69,
2025-11-21 16:35:00+00:00,RISK_PASS,0b094f66-af17-401d-ab16-dde5dd7c5672,BUY,MARKET,13,587.3,0,0.0,All risk checks passed
2025-11-21 16:35:00+00:00,FILLED,0b094f66-af17-401d-ab16-dde5dd7c5672,BUY,MARKET,13,587.3,13,587.3,
2025-11-21 16:40:00+00:00,RISK_PASS,0c53f51e-f9b6-4529-ac4e-ae1c0d796895,BUY,MARKET,7,588.325,0,0.0,All risk checks passed
2025-11-21 16:40:00+00:00,FILLED,0c53f51e-f9b6-4529-ac4e-ae1c0d796895,BUY,MARKET,7,588.325,7,588.325,
2025-11-21 16:48:00+00:00,RISK_PASS,8df8c57b-0add-43e8-93d4-450d8503da7b,SELL,MARKET,20.0,589.4678,0,0.0,All risk checks passed
2025-11-21 16:48:00+00:00,FILLED,8df8c57b-0add-43e8-93d4-450d8503da7b,SELL,MARKET,20.0,589.4678,20.0,589.4678,
2025-11-21 16:49:00+00:00,RISK_PASS,9a03fc8f-294c-4886-938c-658cbc28e9e7,BUY,MARKET,13,589.195,0,0.0,All risk checks passed
2025-11-21 16:49:00+00:00,FILLED,9a03fc8f-294c-4886-938c-658cbc28e9e7,BUY,MARKET,13,589.195,13,589.195,
2025-11-21 16:50:00+00:00,RISK_PASS,18ae3faa-9c26-4950-96a0-88f6a7e52898,SELL,MARKET,13.0,589.53,0,0.0,All risk checks passed
2025-11-21 16:50:00+00:00,FILLED,18ae3faa-9c26-4950-96a0-88f6a7e52898,SELL,MARKET,13.0,589.53,13.0,589.53,
2025-11-21 16:51:00+00:00,RISK_PASS,87c64a85-8cf4-4dfe-ab7e-09ffc85741e1,BUY,MARKET,13,589.327,0,0.0,All risk checks passed
2025-11-21 16:51:00+00:00,FILLED,87c64a85-8cf4-4dfe-ab7e-09ffc85741e1,BUY,MARKET,13,589.327,13,589.327,
2025-11-21 16:57:00+00:00,RISK_PASS,69514100-efc8-46d0-b5e7-4d8335294f29,BUY,MARKET,7,591.0,0,0.0,All risk checks passed
2025-11-21 16:57:00+00:00,FILLED,69514100-efc8-46d0-b5e7-4d8335294f29,BUY,MARKET,7,591.0,7,591.0,
2025-11-21 16:59:00+00:00,RISK_PASS,a42190bd-1d25-4ee3-ae48-293f8050cdb3,SELL,MARKET,20.0,591.66,0,0.0,All risk checks passed
2025-11-21 16:59:00+00:00,FILLED,a42190bd-1d25-4ee3-ae48-293f8050cdb3,SELL,MARKET,20.0,591.66,20.0,591.66,
2025-11-21 17:00:00+00:00,RISK_PASS,af4d7ac0-058b-442b-85b5-d48ba31a74d2,BUY,MARKET,20,591.38,0,0.0,All risk checks passed
2025-11-21 17:00:00+00:00,FILLED,af4d7ac0-058b-442b-85b5-d48ba31a74d2,BUY,MARKET,20,591.38,20,591.38,
2025-11-21 17:09:00+00:00,RISK_PASS,7ca3246c-72f1-4a13-8fb2-e4fb9c195964,SELL,MARKET,20.0,592.1105,0,0.0,All risk checks passed
2025-11-21 17:09:00+00:00,FILLED,7ca3246c-72f1-4a13-8fb2-e4fb9c195964,SELL,MARKET,20.0,592.1105,20.0,592.1105,
2025-11-21 17:10:00+00:00,RISK_PASS,ac1bd91c-bb01-4877-8eea-af0b022863b6,BUY,MARKET,20,592.11,0,0.0,All risk checks passed
2025-11-21 17:10:00+00:00,FILLED,ac1bd91c-bb01-4877-8eea-af0b022863b6,BUY,MARKET,20,592.11,20,592.11,
2025-11-21 17:15:00+00:00,RISK_PASS,368130fd-8625-4b30-a8b0-89a7d777440a,SELL,MARKET,20.0,592.19,0,0.0,All risk checks passed
2025-11-21 17:15:00+00:00,FILLED,368130fd-8625-4b30-a8b0-89a7d777440a,SELL,MARKET,20.0,592.19,20.0,592.19,
2025-11-21 17:16:00+00:00,RISK_PASS,43a79e34-70e5-41ae-a9e7-2954cacca51b,BUY,MARKET,20,592.19,0,0.0,All risk checks passed
2025-11-21 17:16:00+00:00,FILLED,43a79e34-70e5-41ae-a9e7-2954cacca51b,BUY,MARKET,20,592.19,20,592.19,
2025-11-21 17:17:00+00:00,RISK_PASS,9a3ed41f-4b0d-4967-a5f9-3377f827049d,SELL,MARKET,20.0,592.8946,0,0.0,All risk checks passed
2025-11-21 17:17:00+00:00,FILLED,9a3ed41f-4b0d-4967-a5f9-3377f827049d,SELL,MARKET,20.0,592.8946,20.0,592.8946,
2025-11-21 17:18:00+00:00,RISK_PASS,ea60559f-1331-4876-a55e-46f3a9ad5b1f,BUY,MARKET,20,593.025,0,0.0,All risk checks passed
2025-11-21 17:18:00+00:00,REJECTED,ea60559f-1331-4876-a55e-46f3a9ad5b1f,BUY,MARKET,20,593.025,0,0.0,Random engine rejection
2025-11-21 17:19:00+00:00,RISK_PASS,6bf58c34-8d47-40a9-9853-0d4b9db935b4,BUY,MARKET,20,592.27,0,0.0,All risk checks passed
2025-11-21 17:19:00+00:00,FILLED,6bf58c34-8d47-40a9-9853-0d4b9db935b4,BUY,MARKET,20,592.27,20,592.27,
2025-11-21 17:35:00+00:00,RISK_PASS,95a34edd-c943-4a73-af00-fe2ef6417d1c,SELL,MARKET,20.0,594.0823,0,0.0,All risk checks passed
2025-11-21 17:35:00+00:00,FILLED,95a34edd-c943-4a73-af00-fe2ef6417d1c,SELL,MARKET,20.0,594.0823,20.0,594.0823,
2025-11-21 17:36:00+00:00,RISK_PASS,b78f9f0b-98e6-4443-b1f2-14a9b41c4e7f,BUY,MARKET,20,594.6583,0,0.0,All risk checks passed
2025-11-21 17:36:00+00:00,FILLED,b78f9f0b-98e6-4443-b1f2-14a9b41c4e7f,BUY,MARKET,20,594.6583,20,594.6583,
2025-11-21 17:42:00+00:00,RISK_PASS,e5188588-94fb-410f-8037-023877303643,SELL,MARKET,20.0,594.4,0,0.0,All risk checks passed
2025-11-21 17:42:00+00:00,FILLED,e5188588-94fb-410f-8037-023877303643,SELL,MARKET,20.0,594.4,20.0,594.4,
2025-11-21 17:43:00+00:00,RISK_PASS,2fb28f90-179e-42f6-9de3-00441c45d317,BUY,MARKET,13,594.57,0,0.0,All risk checks passed
2025-11-21 17:43:00+00:00,FILLED,2fb28f90-179e-42f6-9de3-00441c45d317,BUY,MARKET,13,594.57,13,594.57,
2025-11-21 17:58:00+00:00,RISK_PASS,50a8f82c-36b2-4b13-bb0e-51aaebe1fa31,BUY,MARKET,3,592.19,0,0.0,All risk checks passed
2025-11-21 17:58:00+00:00,RISK_PASS,c5cd04ac-2233-44b1-bcf4-6ca6c6a2ad5d,SELL,MARKET,13.0,592.19,0,0.0,All risk checks passed
2025-11-21 17:58:00+00:00,FILLED,50a8f82c-36b2-4b13-bb0e-51aaebe1fa31,BUY,MARKET,3,592.19,3,592.19,
2025-11-21 17:58:00+00:00,FILLED,c5cd04ac-2233-44b1-bcf4-6ca6c6a2ad5d,SELL,MARKET,13.0,592.19,13.0,592.19,
2025-11-21 17:59:00+00:00,RISK_PASS,09fb8c5f-b7d3-4c22-a7dd-2408ff522dc7,SELL,MARKET,3.0,592.39,0,0.0,All risk checks passed
2025-11-21 17:59:00+00:00,FILLED,09fb8c5f-b7d3-4c22-a7dd-2408ff522dc7,SELL,MARKET,3.0,592.39,3.0,592.39,
2025-11-21 18:02:00+00:00,RISK_PASS,f13f9000-aaec-4814-9e1e-ad6cb457ff61,BUY,MARKET,16,592.185,0,0.0,All risk checks passed
2025-11-21 18:02:00+00:00,FILLED,f13f9000-aaec-4814-9e1e-ad6cb457ff61,BUY,MARKET,16,592.185,16,592.185,
2025-11-21 18:03:00+00:00,RISK_PASS,161c5b5d-fc2f-4fd3-be49-fdc3fbfc1d7c,SELL,MARKET,16.0,591.92,0,0.0,All risk checks passed
2025-11-21 18:03:00+00:00,FILLED,161c5b5d-fc2f-4fd3-be49-fdc3fbfc1d7c,SELL,MARKET,16.0,591.92,16.0,591.92,
2025-11-21 18:04:00+00:00,RISK_PASS,6e5f6f6e-6082-4981-a476-a396f1470d83,BUY,MARKET,16,590.415,0,0.0,All risk checks passed
2025-11-21 18:04:00+00:00,FILLED,6e5f6f6e-6082-4981-a476-a396f1470d83,BUY,MARKET,16,590.415,16,590.415,
2025-11-21 18:05:00+00:00,RISK_PASS,c25665bb-4071-4a9d-827d-3816f49669b2,SELL,MARKET,16.0,589.9,0,0.0,All risk checks passed
2025-11-21 18:05:00+00:00,FILLED,c25665bb-4071-4a9d-827d-3816f49669b2,SELL,MARKET,16.0,589.9,16.0,589.9,
2025-11-21 18:07:00+00:00,RISK_PASS,ccd7a325-57ad-4b7c-9edf-6e612beb19ee,BUY,MARKET,16,590.232,0,0.0,All risk checks passed
2025-11-21 18:07:00+00:00,FILLED,ccd7a325-57ad-4b7c-9edf-6e612beb19ee,BUY,MARKET,16,590.232,16,590.232,
2025-11-21 18:08:00+00:00,RISK_PASS,27427c7e-7af6-4aac-bd0d-c11ceeb0d4cb,SELL,MARKET,16.0,590.1625,0,0.0,All risk checks passed
2025-11-21 18:08:00+00:00,FILLED,27427c7e-7af6-4aac-bd0d-c11ceeb0d4cb,SELL,MARKET,16.0,590.1625,16.0,590.1625,
2025-11-21 18:09:00+00:00,RISK_PASS,5b6777ef-42db-4fbb-96b8-865b7dd3fbcd,BUY,MARKET,16,590.54,0,0.0,All risk checks passed
2025-11-21 18:09:00+00:00,FILLED,5b6777ef-42db-4fbb-96b8-865b7dd3fbcd,BUY,MARKET,16,590.54,16,590.54,
2025-11-21 18:10:00+00:00,RISK_PASS,cd4d4590-d3c4-4ee2-a2e9-143007d9d3e3,SELL,MARKET,16.0,589.8,0,0.0,All risk checks passed
2025-11-21 18:10:00+00:00,FILLED,cd4d4590-d3c4-4ee2-a2e9-143007d9d3e3,SELL,MARKET,16.0,589.8,16.0,589.8,
2025-11-21 18:11:00+00:00,RISK_PASS,51764776-0d37-49ea-af38-2ea983dc5a6f,BUY,MARKET,16,589.86,0,0.0,All risk checks passed
2025-11-21 18:11:00+00:00,FILLED,51764776-0d37-49ea-af38-2ea983dc5a6f,BUY,MARKET,16,589.86,16,589.86,
2025-11-21 18:12:00+00:00,RISK_PASS,805a88aa-da4f-4c9d-aefe-8971eb543cf2,SELL,MARKET,16.0,589.74,0,0.0,All risk checks passed
2025-11-21 18:12:00+00:00,FILLED,805a88aa-da4f-4c9d-aefe-8971eb543cf2,SELL,MARKET,16.0,589.74,16.0,589.74,
2025-11-21 18:13:00+00:00,RISK_PASS,33487d71-5497-4f3a-a329-624f6cdd17cf,BUY,MARKET,16,589.98,0,0.0,All risk checks passed
2025-11-21 18:13:00+00:00,FILLED,33487d71-5497-4f3a-a329-624f6cdd17cf,BUY,MARKET,16,589.98,16,589.98,
2025-11-21 18:14:00+00:00,RISK_PASS,ceecaa05-b288-416d-94b6-c5db5a1aeb05,SELL,MARKET,16.0,589.78,0,0.0,All risk checks passed
2025-11-21 18:14:00+00:00,FILLED,ceecaa05-b288-416d-94b6-c5db5a1aeb05,SELL,MARKET,16.0,589.78,16.0,589.78,
2025-11-21 18:15:00+00:00,RISK_PASS,31ada0e9-d233-4e01-a0c1-ae9deb93de73,BUY,MARKET,16,589.52,0,0.0,All risk checks passed
2025-11-21 18:15:00+00:00,FILLED,31ada0e9-d233-4e01-a0c1-ae9deb93de73,BUY,MARKET,16,589.52,16,589.52,
2025-11-21 18:16:00+00:00,RISK_PASS,7d5a3611-08c3-41d8-a4ac-fb65407513bd,SELL,MARKET,16.0,590.23,0,0.0,All risk checks passed
2025-11-21 18:16:00+00:00,FILLED,7d5a3611-08c3-41d8-a4ac-fb65407513bd,SELL,MARKET,16.0,590.23,16.0,590.23,
2025-11-21 18:34:00+00:00,RISK_PASS,37c11c3d-4fac-4a82-b4ef-8446823bc829,BUY,MARKET,13,592.11,0,0.0,All risk checks passed
2025-11-21 18:34:00+00:00,FILLED,37c11c3d-4fac-4a82-b4ef-8446823bc829,BUY,MARKET,13,592.11,13,592.11,
2025-11-21 18:36:00+00:00,RISK_PASS,4a467456-d2bf-41f8-95e1-6ee3a70e699e,SELL,MARKET,13.0,592.895,0,0.0,All risk checks passed
2025-11-21 18:36:00+00:00,FILLED,4a467456-d2bf-41f8-95e1-6ee3a70e699e,SELL,MARKET,13.0,592.895,13.0,592.895,
2025-11-21 18:37:00+00:00,RISK_PASS,9cdaa4dc-cfca-422b-96e3-4320e091c2eb,BUY,MARKET,13,593.08,0,0.0,All risk checks passed
2025-11-21 18:37:00+00:00,FILLED,9cdaa4dc-cfca-422b-96e3-4320e091c2eb,BUY,MARKET,13,593.08,13,593.08,
2025-11-21 18:38:00+00:00,RISK_PASS,dd1c0ece-99a0-4e86-b1fa-1403427bc008,SELL,MARKET,13.0,593.28,0,0.0,All risk checks passed
2025-11-21 18:38:00+00:00,FILLED,dd1c0ece-99a0-4e86-b1fa-1403427bc008,SELL,MARKET,13.0,593.28,13.0,593.28,
2025-11-21 18:39:00+00:00,RISK_PASS,a19c2484-3152-4431-bce7-e84ca0d9815c,BUY,MARKET,13,593.345,0,0.0,All risk checks passed
2025-11-21 18:39:00+00:00,FILLED,a19c2484-3152-4431-bce7-e84ca0d9815c,BUY,MARKET,13,593.345,13,593.345,
2025-11-21 18:40:00+00:00,RISK_PASS,17ef0678-229e-44fb-aced-554d3bab8def,SELL,MARKET,13.0,593.0097,0,0.0,All risk checks passed
2025-11-21 18:40:00+00:00,FILLED,17ef0678-229e-44fb-aced-554d3bab8def,SELL,MARKET,13.0,593.0097,13.0,593.0097,
